cell	UMI_per_cell	total_reads_per_cell	mapped_reads_per_cell	gene_mapped	mapped_reads_per_UMI	sample
WASP0001001	411	6852	8029	3433	19.5352798053528	DS60
WASP0001002	1147	17415	21525	8584	18.7663469921534	DS60
WASP0001003	1705	35048	36962	13236	21.6785923753666	DS60
WASP0001004	21	270	72	26	3.42857142857143	DS60
WASP0001005	575	9608	10488	3901	18.24	DS60
WASP0001007	1857	30174	38211	15945	20.5767366720517	DS60
WASP0001008	1021	19683	19515	6479	19.1136141038198	DS60
WASP0001009	31	391	519	217	16.741935483871	DS60
WASP0001010	1494	24424	29389	10866	19.6713520749665	DS60
WASP0001011	741	12994	16165	6710	21.8151147098516	DS60
WASP0001014	572	9028	12207	5392	21.3409090909091	DS60
WASP0001015	966	16355	20615	8349	21.3405797101449	DS60
WASP0001016	689	11758	13869	5489	20.1291727140784	DS60
WASP0001017	877	16257	18041	6851	20.5712656784493	DS60
WASP0001018	256	4826	4867	2040	19.01171875	DS60
WASP0001019	692	11091	13303	5159	19.2239884393064	DS60
WASP0001020	2262	31554	37720	15748	16.6755083996463	DS60
WASP0001021	408	6980	7681	3042	18.8259803921569	DS60
WASP0001022	1089	20393	21980	8297	20.1836547291093	DS60
WASP0001024	2543	42765	53322	21376	20.968147856862	DS60
WASP0001028	2162	35103	45954	19505	21.2553191489362	DS60
WASP0001030	687	11537	14923	6339	21.7219796215429	DS60
WASP0001031	2366	39414	47289	17662	19.986897717667	DS60
WASP0001032	1866	32105	36788	14125	19.7148981779207	DS60
WASP0001033	2212	32314	42488	18270	19.2079566003617	DS60
WASP0001034	407	8187	8359	2409	20.5380835380835	DS60
WASP0001035	872	14860	17841	7233	20.4598623853211	DS60
WASP0001036	503	9256	10063	3430	20.0059642147117	DS60
WASP0001037	2042	31126	43189	19188	21.1503428011753	DS60
WASP0001038	1075	18544	23101	9835	21.4893023255814	DS60
WASP0001039	2149	35713	47706	20252	22.1991624011168	DS60
WASP0001040	872	13290	17145	7241	19.6616972477064	DS60
WASP0001041	913	17035	19615	8287	21.4841182913472	DS60
WASP0001042	2063	35104	41537	16370	20.1342704798837	DS60
WASP0001043	367	8331	7777	1858	21.1907356948229	DS60
WASP0001044	641	11034	13494	5367	21.0514820592824	DS60
WASP0001045	3475	60075	70863	27106	20.3922302158273	DS60
WASP0001047	234	3796	4469	1430	19.0982905982906	DS60
WASP0001048	3317	47000	68700	31143	20.7114862827857	DS60
WASP0001049	2422	47342	46920	16309	19.3724194880264	DS60
WASP0001050	432	7307	8665	3346	20.0578703703704	DS60
WASP0001054	4148	61987	86560	36986	20.8678881388621	DS60
WASP0001055	817	12396	17344	7723	21.2288861689107	DS60
WASP0001056	606	9620	12462	5169	20.5643564356436	DS60
WASP0001058	382	6207	8117	3526	21.2486910994764	DS60
WASP0001059	454	9637	9748	2929	21.4713656387665	DS60
WASP0001060	374	6712	7543	3047	20.168449197861	DS60
WASP0001061	535	9262	11432	4271	21.3682242990654	DS60
WASP0001062	1902	30676	38157	15612	20.0615141955836	DS60
WASP0001063	800	13227	16852	6765	21.065	DS60
WASP0001064	2232	36965	44010	17646	19.7177419354839	DS60
WASP0001065	1032	17951	22346	9250	21.6531007751938	DS60
WASP0001066	1409	23649	27985	10150	19.86160397445	DS60
WASP0001067	675	11277	14025	5621	20.7777777777778	DS60
WASP0001068	560	9619	11193	4211	19.9875	DS60
WASP0001069	4340	67111	86365	35960	19.8997695852535	DS60
WASP0001070	1471	26988	31838	11781	21.6437797416723	DS60
WASP0001071	1049	18713	20995	7695	20.0142993326978	DS60
WASP0001072	1159	19226	24236	10315	20.9111302847282	DS60
WASP0001073	361	7635	7902	2613	21.8891966759003	DS60
WASP0001074	660	12158	13167	4664	19.95	DS60
WASP0001076	572	11384	11576	4155	20.2377622377622	DS60
WASP0001077	563	9496	10979	4282	19.5008880994671	DS60
WASP0001078	1291	23295	27150	10133	21.0302091402014	DS60
WASP0001079	905	15229	19836	8334	21.9182320441989	DS60
WASP0001080	600	9474	12118	5090	20.1966666666667	DS60
WASP0001081	927	14676	19306	8410	20.8263214670982	DS60
WASP0001082	873	14478	16347	5421	18.7250859106529	DS60
WASP0001084	324	6524	6159	1795	19.0092592592593	DS60
WASP0001085	842	13903	17209	6720	20.438242280285	DS60
WASP0001086	653	9024	11774	4926	18.0306278713629	DS60
WASP0001087	367	5342	7543	3268	20.5531335149864	DS60
WASP0001088	633	11629	12727	4794	20.1058451816746	DS60
WASP0001090	1502	23747	31428	12206	20.9241011984021	DS60
WASP0001091	1707	28299	37193	15709	21.788517867604	DS60
WASP0001092	1547	25128	29811	10948	19.2702003878474	DS60
WASP0001093	363	6092	6266	2122	17.2617079889807	DS60
WASP0001094	1075	18427	21920	8484	20.3906976744186	DS60
WASP0001095	698	11843	15488	6552	22.189111747851	DS60
WASP0001096	385	6705	7601	2686	19.7428571428571	DS60
WASP0001097	1884	27542	35602	15181	18.8970276008493	DS60
WASP0001098	3035	53472	62186	25277	20.4896210873147	DS60
WASP0001099	250	4188	5064	2109	20.256	DS60
WASP0001100	412	6172	7123	2623	17.2888349514563	DS60
WASP0001101	215	3150	3803	1589	17.6883720930233	DS60
WASP0001102	296	5586	5704	1892	19.2702702702703	DS60
WASP0001103	227	3463	3865	1397	17.0264317180617	DS60
WASP0001105	1621	26642	34786	14940	21.4595928439235	DS60
WASP0001106	1203	20571	25214	10136	20.9592684954281	DS60
WASP0001107	1777	34928	38161	13989	21.4749577940349	DS60
WASP0001108	3261	50633	63310	26069	19.4142900950629	DS60
WASP0001109	731	15482	16344	5405	22.3584131326949	DS60
WASP0001112	2575	38831	54398	23466	21.1254368932039	DS60
WASP0001113	696	12131	13922	5675	20.0028735632184	DS60
WASP0001114	1144	20433	23655	9000	20.6774475524476	DS60
WASP0001116	968	18711	20469	8307	21.1456611570248	DS60
WASP0001117	885	13144	17524	7660	19.8011299435028	DS60
WASP0001118	1188	21614	24420	8627	20.5555555555556	DS60
WASP0001119	652	14230	13976	3740	21.4355828220859	DS60
WASP0001120	2102	35712	44487	17777	21.1641294005709	DS60
WASP0001121	275	4582	4494	1491	16.3418181818182	DS60
WASP0001122	4194	65543	82373	34429	19.6406771578445	DS60
WASP0001123	482	9177	9628	3242	19.9751037344398	DS60
WASP0001124	434	6122	8205	3300	18.9055299539171	DS60
WASP0001125	742	11544	15158	6507	20.4285714285714	DS60
WASP0001126	1953	39970	43211	16408	22.1254480286738	DS60
WASP0001127	482	7573	9536	4326	19.7842323651452	DS60
WASP0001128	53	637	377	151	7.11320754716981	DS60
WASP0001130	1355	33942	33713	10794	24.880442804428	DS60
WASP0001131	334	5320	6058	2542	18.1377245508982	DS60
WASP0001133	2494	61109	54329	16901	21.7838813151564	DS60
WASP0001134	424	7623	8840	3325	20.8490566037736	DS60
WASP0001136	919	15124	18679	8096	20.3253536452666	DS60
WASP0001138	778	13492	14436	5073	18.5552699228792	DS60
WASP0001139	384	6319	8189	3081	21.3255208333333	DS60
WASP0001141	2714	52283	56621	21535	20.8625644804716	DS60
WASP0001142	2537	42202	50074	21147	19.7374852187623	DS60
WASP0001143	1304	22570	28539	11628	21.885736196319	DS60
WASP0001144	1527	25721	31215	12719	20.4420432220039	DS60
WASP0001145	664	11268	13941	5991	20.9954819277108	DS60
WASP0001146	477	9052	9589	3605	20.1027253668763	DS60
WASP0001147	322	6366	5990	2039	18.6024844720497	DS60
WASP0001148	1114	22380	23027	7789	20.6705565529623	DS60
WASP0001149	2671	40258	53242	22649	19.9333582927742	DS60
WASP0001151	533	10356	10487	3739	19.6754221388368	DS60
WASP0001152	197	6308	4521	992	22.9492385786802	DS60
WASP0001153	2497	36819	48486	19913	19.4177012414898	DS60
WASP0001155	1763	29014	38385	17117	21.7725467952354	DS60
WASP0001157	2122	32784	45131	19699	21.2681432610745	DS60
WASP0001158	554	7598	9849	4319	17.7779783393502	DS60
WASP0001159	754	12065	18261	8516	24.2188328912467	DS60
WASP0001161	536	8342	11451	5204	21.3638059701493	DS60
WASP0001165	470	8282	9603	4131	20.431914893617	DS60
WASP0001166	452	8279	9114	3588	20.1637168141593	DS60
WASP0001169	410	6709	7975	3297	19.4512195121951	DS60
WASP0001170	867	14179	18890	8276	21.7877739331027	DS60
WASP0001171	1420	27233	32198	13424	22.6746478873239	DS60
WASP0001172	759	13055	13995	5022	18.4387351778656	DS60
WASP0001174	730	11313	15437	6811	21.1465753424658	DS60
WASP0001178	327	5525	6598	2732	20.177370030581	DS60
WASP0001179	744	11143	15265	6863	20.5174731182796	DS60
WASP0001181	1061	14102	20825	9639	19.6277097078228	DS60
WASP0001182	392	7398	7994	2814	20.3928571428571	DS60
WASP0001183	796	14891	17519	6948	22.0087939698493	DS60
WASP0001184	373	5714	7676	3277	20.5790884718499	DS60
WASP0001185	621	9527	11390	4997	18.341384863124	DS60
WASP0001186	1038	16544	20515	8275	19.7639691714836	DS60
WASP0001187	302	6022	6713	2637	22.2284768211921	DS60
WASP0001189	664	9138	13380	6106	20.1506024096386	DS60
WASP0001190	1113	17999	22553	9131	20.2632524707996	DS60
WASP0001191	234	3824	4192	1595	17.9145299145299	DS60
WASP0001192	1509	26470	33839	14116	22.4247846255799	DS60
WASP0001193	309	6059	5890	1787	19.0614886731392	DS60
WASP0001196	755	13209	15053	5668	19.9377483443709	DS60
WASP0001198	873	13900	17206	7154	19.709049255441	DS60
WASP0001199	745	13115	15948	5845	21.406711409396	DS60
WASP0001200	161	2440	2940	1245	18.2608695652174	DS60
WASP0001201	317	5082	6758	2989	21.3186119873817	DS60
WASP0001202	801	13552	16484	6702	20.5792759051186	DS60
WASP0001203	1205	18053	23510	9691	19.5103734439834	DS60
WASP0001204	403	8021	7977	2633	19.7940446650124	DS60
WASP0001206	285	6016	5760	2257	20.2105263157895	DS60
WASP0001207	1103	17564	23400	10415	21.2148685403445	DS60
WASP0001208	1336	20667	27938	12557	20.9116766467066	DS60
WASP0001210	215	3712	3919	1545	18.2279069767442	DS60
WASP0001211	2628	44862	57546	24882	21.8972602739726	DS60
WASP0001212	816	12796	17374	7716	21.2916666666667	DS60
WASP0001213	997	16233	20001	8504	20.061183550652	DS60
WASP0001214	153	2977	2931	1089	19.156862745098	DS60
WASP0001215	890	16296	19627	8019	22.052808988764	DS60
WASP0001218	446	11153	10521	3705	23.5896860986547	DS60
WASP0001219	2013	31916	44960	20106	22.3348236462991	DS60
WASP0001220	2270	42805	50448	20543	22.2237885462555	DS60
WASP0001222	407	6649	8215	3524	20.1842751842752	DS60
WASP0001224	827	16204	17387	6834	21.0241837968561	DS60
WASP0001226	70	1165	932	310	13.3142857142857	DS60
WASP0001227	605	11266	12096	4891	19.9933884297521	DS60
WASP0001228	262	4403	5458	2222	20.8320610687023	DS60
WASP0001229	1672	30494	38011	16241	22.7338516746412	DS60
WASP0001232	1270	19026	25556	11463	20.1228346456693	DS60
WASP0001233	1313	22498	29397	12789	22.3891850723534	DS60
WASP0001234	522	12086	11504	3389	22.0383141762452	DS60
WASP0001235	1397	21758	28191	11948	20.1796707229778	DS60
WASP0001236	1272	20812	27266	11454	21.435534591195	DS60
WASP0001237	911	16648	18678	7025	20.5027442371021	DS60
WASP0001238	2812	47683	52388	18601	18.6301564722617	DS60
WASP0001239	2833	52528	60776	23642	21.4528768090364	DS60
WASP0001240	732	14085	15732	5829	21.4918032786885	DS60
WASP0001241	529	8636	10812	4376	20.4385633270321	DS60
WASP0001242	1843	39258	38107	13271	20.6766142159523	DS60
WASP0001243	636	9626	13417	6005	21.0959119496855	DS60
WASP0001245	458	8059	8699	2851	18.9934497816594	DS60
WASP0001246	723	12596	14394	6010	19.9087136929461	DS60
WASP0001247	834	13013	17324	7346	20.7721822541966	DS60
WASP0001248	1778	30188	35510	13803	19.9718785151856	DS60
WASP0001249	1050	17232	22315	9533	21.252380952381	DS60
WASP0001250	537	8657	9704	3477	18.0707635009311	DS60
WASP0001251	795	13480	15738	6418	19.7962264150943	DS60
WASP0001252	496	9595	10385	3829	20.9375	DS60
WASP0001253	1064	16786	22337	9577	20.9934210526316	DS60
WASP0001255	852	16256	18686	7152	21.9319248826291	DS60
WASP0001256	191	3210	3460	1374	18.1151832460733	DS60
WASP0001257	1454	23644	29549	11927	20.3225584594223	DS60
WASP0001260	1776	29496	36705	15491	20.6672297297297	DS60
WASP0001261	1661	31208	36583	15226	22.0246839253462	DS60
WASP0001263	194	3399	3285	1141	16.9329896907217	DS60
WASP0001265	584	12184	12642	4706	21.6472602739726	DS60
WASP0001266	869	13259	17798	7790	20.4810126582278	DS60
WASP0001267	1521	26275	31159	12549	20.4858645627876	DS60
WASP0001269	449	7298	8227	3508	18.3229398663697	DS60
WASP0001271	284	4089	4830	2009	17.0070422535211	DS60
WASP0001273	437	7435	8722	3712	19.9588100686499	DS60
WASP0001274	202	3355	4027	1609	19.9356435643564	DS60
WASP0001275	2504	45557	55045	22885	21.9828274760383	DS60
WASP0001276	458	8334	9934	4290	21.6899563318777	DS60
WASP0001277	531	8262	10776	4625	20.2937853107345	DS60
WASP0001278	301	4803	5315	2133	17.6578073089701	DS60
WASP0001279	3330	55636	67633	26323	20.3102102102102	DS60
WASP0001280	782	13787	16046	5958	20.5191815856778	DS60
WASP0001281	1434	31761	33658	11361	23.4714086471409	DS60
WASP0001282	1392	24463	28126	10080	20.2054597701149	DS60
WASP0001284	750	18948	15986	4633	21.3146666666667	DS60
WASP0001285	4355	76009	87604	30844	20.1157290470723	DS60
WASP0001286	1344	22101	26786	10819	19.9300595238095	DS60
WASP0001288	1398	25571	28719	10374	20.5429184549356	DS60
WASP0001290	475	9588	9448	3231	19.8905263157895	DS60
WASP0001291	1329	20732	29058	12879	21.8645598194131	DS60
WASP0001292	215	2989	3040	1166	14.1395348837209	DS60
WASP0001294	2988	56098	60510	21451	20.2510040160643	DS60
WASP0001295	433	8794	8813	3121	20.3533487297922	DS60
WASP0001299	684	12739	13269	4313	19.3991228070175	DS60
WASP0001300	2731	48643	53118	19666	19.450018308312	DS60
WASP0001301	950	13898	19571	8794	20.601052631579	DS60
WASP0001302	530	10578	10504	3793	19.8188679245283	DS60
WASP0001304	678	10292	13058	5235	19.259587020649	DS60
WASP0001305	445	7162	9342	4040	20.9932584269663	DS60
WASP0001307	576	14483	13157	3355	22.8420138888889	DS60
WASP0001310	482	8055	10251	4236	21.2676348547718	DS60
WASP0001311	804	14083	16454	6651	20.4651741293532	DS60
WASP0001312	1318	23122	26612	10088	20.1911987860395	DS60
WASP0001313	3243	55442	59138	21385	18.2355843354918	DS60
WASP0001315	883	14909	17217	6943	19.4983012457531	DS60
WASP0001318	641	10699	13412	5304	20.9235569422777	DS60
WASP0001319	3916	79626	80681	24824	20.60291113381	DS60
WASP0001320	154	2451	2708	1084	17.5844155844156	DS60
WASP0001321	1254	21239	25759	9770	20.5414673046252	DS60
WASP0001322	566	8941	10951	4693	19.3480565371025	DS60
WASP0001323	670	11010	13827	5856	20.6373134328358	DS60
WASP0001324	473	8886	9888	3952	20.9048625792812	DS60
WASP0001325	2398	40227	49625	20165	20.6943286071726	DS60
WASP0001326	635	12897	14128	5448	22.2488188976378	DS60
WASP0001327	1666	30817	35734	14884	21.4489795918367	DS60
WASP0001328	3374	56895	69575	29336	20.6209247184351	DS60
WASP0001329	532	7623	9910	4195	18.6278195488722	DS60
WASP0001331	634	9971	11650	4195	18.3753943217666	DS60
WASP0001332	37	790	253	64	6.83783783783784	DS60
WASP0001333	1310	27554	26164	7049	19.9725190839695	DS60
WASP0001334	639	11977	12973	4987	20.302034428795	DS60
WASP0001335	1329	21966	25421	9625	19.1279157261099	DS60
WASP0001336	1927	31997	40713	17092	21.1276595744681	DS60
WASP0001337	808	15535	16300	5439	20.1732673267327	DS60
WASP0001338	666	11067	12849	4714	19.2927927927928	DS60
WASP0001339	2044	35068	38648	13787	18.908023483366	DS60
WASP0001340	1271	21076	25721	11385	20.2368214004721	DS60
WASP0001341	1028	18966	20719	7856	20.1546692607004	DS60
WASP0001342	3272	62564	64863	22348	19.8236552567237	DS60
WASP0001343	735	11718	14435	6010	19.6394557823129	DS60
WASP0001344	559	9948	11083	4278	19.8264758497317	DS60
WASP0001346	1192	24493	23879	9661	20.0327181208054	DS60
WASP0001347	267	4585	4852	1955	18.1722846441948	DS60
WASP0001348	620	12080	12844	4690	20.7161290322581	DS60
WASP0001349	2439	39381	53034	23149	21.7441574415744	DS60
WASP0001350	420	7161	8445	3290	20.1071428571429	DS60
WASP0001351	591	9305	11577	4943	19.5888324873096	DS60
WASP0001353	1822	32855	40388	17899	22.1668496158068	DS60
WASP0001354	1209	26091	26764	8678	22.1373035566584	DS60
WASP0001357	270	5521	5124	1820	18.9777777777778	DS60
WASP0001358	1531	23289	31225	13544	20.3951665578054	DS60
WASP0001360	652	8632	11193	4835	17.1671779141104	DS60
WASP0001361	1136	21448	22808	7859	20.0774647887324	DS60
WASP0001363	1043	14956	19947	9086	19.1246404602109	DS60
WASP0001364	4058	62272	86589	38730	21.337851158206	DS60
WASP0001365	1398	23153	28175	11614	20.153791130186	DS60
WASP0001366	1725	27863	41053	18732	23.7988405797102	DS60
WASP0001367	1354	24890	28755	11559	21.2370753323486	DS60
WASP0001368	984	17884	21837	8917	22.1920731707317	DS60
WASP0001369	5492	82554	97504	36539	17.7538237436271	DS60
WASP0001370	1278	22721	25443	8835	19.9084507042254	DS60
WASP0001371	803	14778	16152	5564	20.1145703611457	DS60
WASP0001373	761	12074	15231	6153	20.0144546649146	DS60
WASP0001374	640	13409	11660	3779	18.21875	DS60
WASP0001375	195	3728	3928	1320	20.1435897435897	DS60
WASP0001377	919	16282	16856	6059	18.341675734494	DS60
WASP0001378	940	22044	20275	6302	21.5691489361702	DS60
WASP0001383	984	19070	20256	6857	20.5853658536585	DS60
WASP0001384	479	6399	8109	3242	16.9290187891441	DS60
WASP0002001	285	4080	5216	2379	18.3017543859649	DS60
WASP0002002	463	5998	7695	3550	16.6198704103672	DS60
WASP0002004	14	105	15	7	1.07142857142857	DS60
WASP0002005	776	13415	14859	5642	19.1481958762887	DS60
WASP0002006	2436	40448	47862	19223	19.6477832512315	DS60
WASP0002007	1528	23081	30877	13157	20.2074607329843	DS60
WASP0002008	5041	88251	99061	36181	19.6510612973616	DS60
WASP0002009	280	5019	5255	1872	18.7678571428571	DS60
WASP0002010	848	19714	19542	6716	23.0448113207547	DS60
WASP0002011	1085	17728	19862	8388	18.3059907834101	DS60
WASP0002012	1403	19464	28006	13200	19.9615110477548	DS60
WASP0002013	1999	33556	39207	15725	19.6133066533267	DS60
WASP0002014	2429	43126	47694	19038	19.6352408398518	DS60
WASP0002015	1232	21364	22681	8305	18.4099025974026	DS60
WASP0002016	2734	51638	54783	19444	20.0376737381127	DS60
WASP0002017	557	8946	11596	5019	20.818671454219	DS60
WASP0002018	309	5594	5352	2137	17.3203883495146	DS60
WASP0002020	428	6495	8010	3678	18.714953271028	DS60
WASP0002021	1639	25485	30719	13232	18.7425259304454	DS60
WASP0002025	1181	17197	22000	9746	18.6282811176969	DS60
WASP0002026	2809	41920	54335	23173	19.3431826272695	DS60
WASP0002029	490	7748	9934	4568	20.2734693877551	DS60
WASP0002030	257	3893	4681	2022	18.2140077821012	DS60
WASP0002031	515	8193	9005	3650	17.4854368932039	DS60
WASP0002033	1534	21106	28300	12947	18.4485006518905	DS60
WASP0002035	170	2629	2811	1008	16.5352941176471	DS60
WASP0002036	364	5535	6241	2626	17.1456043956044	DS60
WASP0002037	434	6481	8024	3497	18.4884792626728	DS60
WASP0002039	1132	18549	24610	10958	21.7402826855124	DS60
WASP0002040	385	5344	6848	3135	17.787012987013	DS60
WASP0002041	1106	20255	22504	8958	20.3471971066908	DS60
WASP0002042	224	3745	4011	1590	17.90625	DS60
WASP0002043	1170	17851	23607	10408	20.1769230769231	DS60
WASP0002044	2371	40695	42132	15013	17.7697174188106	DS60
WASP0002045	1107	16672	21207	9376	19.1571815718157	DS60
WASP0002046	123	2029	1869	692	15.1951219512195	DS60
WASP0002047	287	4403	5330	2066	18.5714285714286	DS60
WASP0002048	268	3851	3984	1764	14.865671641791	DS60
WASP0002050	1853	34173	33605	12490	18.1354560172693	DS60
WASP0002052	971	15094	19428	8780	20.0082389289392	DS60
WASP0002053	18	348	138	52	7.66666666666667	DS60
WASP0002055	942	13207	17366	8069	18.4352441613588	DS60
WASP0002056	1390	24842	26724	10448	19.2258992805755	DS60
WASP0002057	3538	76925	77976	22521	22.0395703787451	DS60
WASP0002058	2156	37241	41604	15988	19.2968460111317	DS60
WASP0002059	139	2503	2241	714	16.1223021582734	DS60
WASP0002060	1386	19706	26807	12813	19.3412698412698	DS60
WASP0002061	1246	19013	21770	8624	17.4719101123596	DS60
WASP0002063	199	2987	3483	1377	17.5025125628141	DS60
WASP0002066	5824	104771	114541	41743	19.6670673076923	DS60
WASP0002067	150	2067	2540	1074	16.9333333333333	DS60
WASP0002068	1436	24263	29209	12701	20.3405292479109	DS60
WASP0002069	640	11231	12699	4955	19.8421875	DS60
WASP0002072	772	19065	15875	4444	20.5634715025907	DS60
WASP0002073	537	8917	10151	4121	18.903165735568	DS60
WASP0002075	237	3667	4028	1707	16.9957805907173	DS60
WASP0002078	285	4727	5086	2028	17.8456140350877	DS60
WASP0002079	821	12468	16200	7076	19.7320341047503	DS60
WASP0002080	2187	31642	41215	18437	18.8454503886603	DS60
WASP0002082	2142	39789	39997	13981	18.6727357609711	DS60
WASP0002083	3341	57678	64826	26730	19.4031727027836	DS60
WASP0002085	1770	30723	33959	12348	19.1858757062147	DS60
WASP0002086	65	1011	780	295	12	DS60
WASP0002088	908	15042	18329	7963	20.1861233480176	DS60
WASP0002089	1092	19219	20610	8263	18.8736263736264	DS60
WASP0002090	584	10025	10397	3824	17.8030821917808	DS60
WASP0002091	1172	18606	22259	9472	18.9923208191126	DS60
WASP0002093	116	1646	1786	745	15.3965517241379	DS60
WASP0002095	1395	32745	28700	9274	20.573476702509	DS60
WASP0002096	1736	28675	33979	14296	19.5731566820277	DS60
WASP0002097	1184	14994	18736	8369	15.8243243243243	DS60
WASP0002100	920	13645	17051	7724	18.5336956521739	DS60
WASP0002102	904	14245	16431	6929	18.1758849557522	DS60
WASP0002103	1356	20036	27559	12828	20.3237463126844	DS60
WASP0002104	1600	23744	30737	13308	19.210625	DS60
WASP0002107	441	7013	8842	3793	20.0498866213152	DS60
WASP0002108	479	7240	8659	3896	18.0772442588727	DS60
WASP0002110	860	12544	15390	6593	17.8953488372093	DS60
WASP0002111	841	13151	17074	7548	20.3020214030916	DS60
WASP0002112	1154	17300	22832	10623	19.7850953206239	DS60
WASP0002113	836	16738	17418	6645	20.8349282296651	DS60
WASP0002114	1229	18626	23866	10694	19.4190398698129	DS60
WASP0002115	23	343	33	12	1.43478260869565	DS60
WASP0002116	795	11417	14279	5781	17.9610062893082	DS60
WASP0002117	534	7998	10657	4748	19.9569288389513	DS60
WASP0002118	146	2235	2190	766	15	DS60
WASP0002119	1065	16816	19686	8570	18.4845070422535	DS60
WASP0002121	1511	24411	29222	13182	19.3395102581072	DS60
WASP0002122	885	11986	15788	6867	17.8395480225989	DS60
WASP0002123	152	2827	3022	965	19.8815789473684	DS60
WASP0002124	836	15318	15694	5667	18.7727272727273	DS60
WASP0002125	2287	40435	47201	17650	20.6388281591605	DS60
WASP0002127	360	5450	6281	2818	17.4472222222222	DS60
WASP0002128	555	9009	11299	5215	20.3585585585586	DS60
WASP0002129	1981	28996	39906	18293	20.1443715295305	DS60
WASP0002131	1127	17606	21129	8715	18.7480035492458	DS60
WASP0002133	1577	25306	29056	12830	18.424857324033	DS60
WASP0002134	508	7505	9005	4150	17.7263779527559	DS60
WASP0002137	1348	19384	25045	11570	18.5793768545994	DS60
WASP0002138	1050	16029	19534	8214	18.6038095238095	DS60
WASP0002139	2232	29214	40757	18964	18.2603046594982	DS60
WASP0002140	646	9415	11551	5040	17.8808049535604	DS60
WASP0002141	2208	32824	43232	19458	19.5797101449275	DS60
WASP0002143	1220	37328	28320	6741	23.2131147540984	DS60
WASP0002144	771	14118	14013	5519	18.1750972762646	DS60
WASP0002145	505	7892	9077	4134	17.9742574257426	DS60
WASP0002146	1722	28573	34599	14650	20.0923344947735	DS60
WASP0002149	2655	43521	48325	19560	18.2015065913371	DS60
WASP0002150	566	10744	11888	4626	21.0035335689046	DS60
WASP0002151	1209	25031	24038	7589	19.8825475599669	DS60
WASP0002152	1465	21418	27974	12951	19.0948805460751	DS60
WASP0002156	456	6370	7724	3461	16.9385964912281	DS60
WASP0002159	151	2360	2910	1230	19.2715231788079	DS60
WASP0002160	925	14944	17935	7705	19.3891891891892	DS60
WASP0002161	491	7566	9116	3965	18.5661914460285	DS60
WASP0002163	760	12954	15045	5898	19.7960526315789	DS60
WASP0002165	1410	21565	25844	10964	18.3290780141844	DS60
WASP0002166	4664	79613	91404	32254	19.5977701543739	DS60
WASP0002167	985	17790	19953	8034	20.2568527918782	DS60
WASP0002168	4381	79664	91170	36243	20.81031727916	DS60
WASP0002169	1101	15339	19198	8346	17.4368755676658	DS60
WASP0002170	1281	19219	25848	11545	20.1779859484778	DS60
WASP0002173	3147	55894	59708	22769	18.9729901493486	DS60
WASP0002174	986	14991	19796	9203	20.0770791075051	DS60
WASP0002175	479	11145	12049	3468	25.1544885177453	DS60
WASP0002177	319	6029	5136	2083	16.1003134796238	DS60
WASP0002178	754	12508	13695	5770	18.1631299734748	DS60
WASP0002179	862	14886	16045	5298	18.6136890951276	DS60
WASP0002180	1420	21420	25522	11266	17.9732394366197	DS60
WASP0002181	1493	26091	28543	11000	19.1178834561286	DS60
WASP0002182	2237	36735	44606	19370	19.9400983459991	DS60
WASP0002183	1989	29868	39509	17896	19.8637506284565	DS60
WASP0002184	2377	60673	53645	14382	22.5683634833824	DS60
WASP0002185	701	14982	13422	4888	19.1469329529244	DS60
WASP0002187	3901	70077	75509	27706	19.3563188925916	DS60
WASP0002188	2312	35868	45082	19569	19.4991349480969	DS60
WASP0002189	629	10166	11571	4469	18.39586645469	DS60
WASP0002190	1669	21803	30187	14221	18.0868783702816	DS60
WASP0002191	1133	19732	23221	9020	20.495145631068	DS60
WASP0002192	833	12056	14584	6534	17.5078031212485	DS60
WASP0002193	1081	15642	18447	7762	17.0647548566142	DS60
WASP0002194	2150	35811	41969	17035	19.5204651162791	DS60
WASP0002195	1726	18527	23686	10409	13.7230590961761	DS60
WASP0002196	1593	28435	31423	12216	19.7256748273697	DS60
WASP0002197	518	8631	8326	3052	16.0733590733591	DS60
WASP0002198	1124	15459	20837	9578	18.538256227758	DS60
WASP0002199	631	11158	12330	5023	19.540412044374	DS60
WASP0002200	2266	34301	43474	19885	19.1853486319506	DS60
WASP0002202	310	4939	5521	2224	17.8096774193548	DS60
WASP0002203	1029	14640	19810	9175	19.2517006802721	DS60
WASP0002204	1612	22831	29676	13783	18.409429280397	DS60
WASP0002205	177	2684	2783	1138	15.7231638418079	DS60
WASP0002207	709	12141	13816	5985	19.4866008462623	DS60
WASP0002208	1121	16921	22380	10263	19.964317573595	DS60
WASP0002209	485	7483	8963	4095	18.480412371134	DS60
WASP0002210	718	10991	14224	6473	19.8105849582173	DS60
WASP0002211	525	8113	9686	4111	18.4495238095238	DS60
WASP0002212	561	8133	9786	4158	17.4438502673797	DS60
WASP0002213	146	2537	2616	970	17.9178082191781	DS60
WASP0002214	1385	18873	25473	11939	18.3920577617329	DS60
WASP0002215	627	10952	11811	4618	18.8373205741627	DS60
WASP0002216	1380	21562	29153	12869	21.1253623188406	DS60
WASP0002217	2248	40143	42608	15550	18.9537366548043	DS60
WASP0002218	201	2865	3030	1358	15.0746268656716	DS60
WASP0002220	144	1916	1529	588	10.6180555555556	DS60
WASP0002223	25	266	44	20	1.76	DS60
WASP0002224	3929	74893	77808	27378	19.8035123441079	DS60
WASP0002225	262	3758	3924	1618	14.9770992366412	DS60
WASP0002226	438	6432	8182	3593	18.6803652968037	DS60
WASP0002227	1245	23943	24690	8915	19.8313253012048	DS60
WASP0002228	297	4142	4837	2175	16.2861952861953	DS60
WASP0002229	991	14459	17624	8030	17.7840565085772	DS60
WASP0002230	186	2899	3354	1459	18.0322580645161	DS60
WASP0002231	857	15309	17467	6095	20.3815635939323	DS60
WASP0002232	294	5689	5346	2204	18.1836734693878	DS60
WASP0002233	372	9883	8588	2481	23.0860215053763	DS60
WASP0002234	3103	59037	57667	21064	18.5842732839188	DS60
WASP0002235	3184	53965	62867	25234	19.7446608040201	DS60
WASP0002236	672	9632	12505	5681	18.608630952381	DS60
WASP0002237	1238	22591	24458	9538	19.7560581583199	DS60
WASP0002238	1619	26126	29686	11858	18.3360098826436	DS60
WASP0002239	404	6018	7124	2796	17.6336633663366	DS60
WASP0002240	636	10861	13402	5707	21.0723270440252	DS60
WASP0002242	764	13428	14631	5968	19.1505235602094	DS60
WASP0002243	2110	33669	42238	18500	20.018009478673	DS60
WASP0002244	144	2183	2643	1182	18.3541666666667	DS60
WASP0002245	849	13381	16140	7152	19.0106007067138	DS60
WASP0002248	1005	13023	16862	7226	16.7781094527363	DS60
WASP0002249	2827	42406	54126	23918	19.1460912628228	DS60
WASP0002250	1634	25738	29642	12393	18.140758873929	DS60
WASP0002251	1941	36758	38803	14693	19.9912416280268	DS60
WASP0002252	1724	28592	35933	14579	20.842807424594	DS60
WASP0002253	210	3009	2644	1078	12.5904761904762	DS60
WASP0002254	393	5728	7195	3324	18.3078880407125	DS60
WASP0002255	448	6934	8765	3966	19.5647321428571	DS60
WASP0002256	1022	16184	19797	8380	19.3708414872798	DS60
WASP0002257	268	4490	4639	1557	17.3097014925373	DS60
WASP0002258	1033	15230	19793	9169	19.1606969990319	DS60
WASP0002259	528	9923	11507	4392	21.7935606060606	DS60
WASP0002260	617	12656	13349	5540	21.6353322528363	DS60
WASP0002261	633	11429	11034	3915	17.4312796208531	DS60
WASP0002263	1419	26121	26410	9396	18.6116983791402	DS60
WASP0002265	1968	29150	38766	17784	19.6981707317073	DS60
WASP0002269	984	22072	21051	6558	21.3932926829268	DS60
WASP0002270	16	256	50	22	3.125	DS60
WASP0002271	403	5930	7179	3029	17.8138957816377	DS60
WASP0002272	785	16453	16533	5089	21.0611464968153	DS60
WASP0002274	669	11276	12862	5063	19.2257100149477	DS60
WASP0002275	497	7392	9035	3956	18.1790744466801	DS60
WASP0002277	735	11038	13855	5887	18.8503401360544	DS60
WASP0002278	684	11755	13185	5283	19.2763157894737	DS60
WASP0002279	1364	22815	26340	10246	19.3108504398827	DS60
WASP0002280	1158	17408	21690	9253	18.7305699481865	DS60
WASP0002281	1343	32296	29509	9688	21.9724497393894	DS60
WASP0002282	2274	42390	48070	19291	21.1389621811785	DS60
WASP0002283	926	16967	18358	6732	19.8250539956803	DS60
WASP0002286	1342	29048	26777	8854	19.9530551415797	DS60
WASP0002287	499	8859	8564	2502	17.1623246492986	DS60
WASP0002288	1467	30386	30824	10978	21.011588275392	DS60
WASP0002289	352	6367	7306	3044	20.7556818181818	DS60
WASP0002290	2246	41474	48952	21057	21.7951914514693	DS60
WASP0002291	1201	20959	24178	9854	20.1315570358035	DS60
WASP0002292	504	8042	8984	3905	17.8253968253968	DS60
WASP0002295	721	10952	13361	5966	18.5312066574203	DS60
WASP0002296	2785	44699	53269	21386	19.1271095152603	DS60
WASP0002298	2345	52605	52405	17045	22.3475479744136	DS60
WASP0002299	538	8908	10887	4614	20.2360594795539	DS60
WASP0002301	2563	44845	45759	16333	17.8536870854467	DS60
WASP0002302	4118	63019	79995	35666	19.4256920835357	DS60
WASP0002303	627	8657	9721	4380	15.5039872408293	DS60
WASP0002304	566	7659	9614	4004	16.9858657243816	DS60
WASP0002306	1597	28969	31087	11003	19.4658735128366	DS60
WASP0002307	1353	19437	23223	9746	17.1640798226164	DS60
WASP0002308	1547	21024	26047	11106	16.8371040723982	DS60
WASP0002309	248	3748	3913	1338	15.7782258064516	DS60
WASP0002311	1182	15737	22192	10411	18.7749576988156	DS60
WASP0002313	1610	30001	30986	11574	19.2459627329193	DS60
WASP0002315	655	9842	12498	5611	19.0809160305344	DS60
WASP0002316	3646	61603	63214	23016	17.3379045529347	DS60
WASP0002318	437	7375	7830	2950	17.9176201372998	DS60
WASP0002319	7088	130679	140374	51940	19.8044582392777	DS60
WASP0002320	1400	22698	25891	11224	18.4935714285714	DS60
WASP0002321	2788	48514	56650	23069	20.319225251076	DS60
WASP0002322	549	9335	9868	3728	17.9744990892532	DS60
WASP0002323	759	13027	14784	6385	19.4782608695652	DS60
WASP0002324	760	13570	15298	6628	20.1289473684211	DS60
WASP0002325	551	9486	10001	4153	18.1506352087114	DS60
WASP0002326	957	17604	19986	7739	20.884012539185	DS60
WASP0002327	1540	26619	30197	11972	19.6084415584416	DS60
WASP0002329	407	6754	6972	1905	17.1302211302211	DS60
WASP0002330	328	4976	6043	2616	18.4237804878049	DS60
WASP0002332	40	703	447	116	11.175	DS60
WASP0002333	466	8814	9253	2975	19.8562231759657	DS60
WASP0002334	661	12321	13252	5170	20.0484114977307	DS60
WASP0002335	202	3327	3981	1637	19.7079207920792	DS60
WASP0002338	1629	27944	28057	7877	17.2234499693063	DS60
WASP0002341	909	11463	15614	7142	17.1771177117712	DS60
WASP0002343	1024	15020	17601	7908	17.1884765625	DS60
WASP0002344	668	11313	12015	4671	17.9865269461078	DS60
WASP0002345	1239	29196	28626	10652	23.1041162227603	DS60
WASP0002348	8041	178387	170950	50190	21.2597935580152	DS60
WASP0002350	524	8494	9796	4216	18.6946564885496	DS60
WASP0002351	635	13256	12698	4382	19.9968503937008	DS60
WASP0002352	1092	16755	21884	10409	20.040293040293	DS60
WASP0002353	540	9233	9462	3456	17.5222222222222	DS60
WASP0002354	319	4899	5795	2519	18.166144200627	DS60
WASP0002355	246	4061	4261	1563	17.3211382113821	DS60
WASP0002356	3296	53307	62372	25267	18.9235436893204	DS60
WASP0002358	2493	43600	46397	16563	18.6109105495387	DS60
WASP0002360	324	3552	4519	2071	13.9475308641975	DS60
WASP0002361	1348	22836	25971	10378	19.2663204747775	DS60
WASP0002362	640	9666	11699	4954	18.2796875	DS60
WASP0002363	602	8512	11070	5196	18.3887043189369	DS60
WASP0002364	1115	15645	20413	8641	18.3076233183857	DS60
WASP0002365	909	14197	17189	6937	18.9097909790979	DS60
WASP0002366	499	8239	9243	3763	18.5230460921844	DS60
WASP0002367	637	11206	12186	4559	19.1302982731554	DS60
WASP0002368	3016	45871	60564	28380	20.0809018567639	DS60
WASP0002369	1255	18257	21931	8957	17.4749003984064	DS60
WASP0002371	1106	20676	21462	7640	19.4050632911392	DS60
WASP0002372	1575	22227	31171	14214	19.7911111111111	DS60
WASP0002373	752	12877	15029	5863	19.9853723404255	DS60
WASP0002375	1983	35485	38529	13010	19.4296520423601	DS60
WASP0002376	1701	27335	33553	14988	19.7254556143445	DS60
WASP0002377	1034	18357	20278	8082	19.6112185686654	DS60
WASP0002379	2686	46688	55308	22805	20.5912137006701	DS60
WASP0002380	658	12553	13943	5714	21.1899696048632	DS60
WASP0002381	17	182	52	23	3.05882352941176	DS60
WASP0002383	328	5268	6189	2352	18.8689024390244	DS60
WASP0003001	660	11343	11009	3512	16.680303030303	DS60
WASP0003002	459	5880	6461	2710	14.0762527233115	DS60
WASP0003003	1260	19174	19981	7317	15.8579365079365	DS60
WASP0003005	1519	27250	25675	6939	16.9025674786043	DS60
WASP0003008	1904	24405	30071	11944	15.7935924369748	DS60
WASP0003009	611	7274	8389	3330	13.7299509001637	DS60
WASP0003010	665	9816	10513	3913	15.809022556391	DS60
WASP0003011	958	14139	14618	5447	15.258872651357	DS60
WASP0003012	2501	34421	41766	16957	16.6997201119552	DS60
WASP0003014	333	4832	4504	1653	13.5255255255255	DS60
WASP0003015	2002	25612	31834	12196	15.9010989010989	DS60
WASP0003016	2622	37654	43862	17135	16.7284515636918	DS60
WASP0003017	1040	15490	16747	6182	16.1028846153846	DS60
WASP0003018	853	12924	13969	4769	16.3763188745604	DS60
WASP0003020	1611	22418	26655	10275	16.5456238361266	DS60
WASP0003021	2212	32222	37646	14706	17.0189873417722	DS60
WASP0003022	1285	25682	23263	6149	18.1035019455253	DS60
WASP0003023	1112	15840	18387	7424	16.535071942446	DS60
WASP0003024	820	16033	14599	4219	17.8036585365854	DS60
WASP0003025	1448	19045	22171	9118	15.3114640883978	DS60
WASP0003026	1298	19676	22370	8084	17.2342064714946	DS60
WASP0003027	1167	14964	17789	7055	15.2433590402742	DS60
WASP0003028	844	10023	11886	5115	14.0829383886256	DS60
WASP0003031	1037	15277	18492	7225	17.8322082931533	DS60
WASP0003032	2666	43930	45678	14081	17.1335333833458	DS60
WASP0003034	1751	38192	33594	9211	19.1856082238721	DS60
WASP0003035	873	10831	12137	4680	13.9026345933562	DS60
WASP0003036	451	7911	6403	2121	14.1973392461197	DS60
WASP0003037	3204	57057	55526	18800	17.3302122347066	DS60
WASP0003038	813	9741	12088	5151	14.8683886838868	DS60
WASP0003039	1161	16898	18438	6774	15.8811369509044	DS60
WASP0003040	1642	24483	26467	8980	16.1187576126675	DS60
WASP0003041	1375	17661	20667	7750	15.0305454545455	DS60
WASP0003042	330	4687	3991	1335	12.0939393939394	DS60
WASP0003043	980	18285	18025	5464	18.3928571428571	DS60
WASP0003044	1123	15467	18449	8049	16.4283170080142	DS60
WASP0003046	1871	30136	34696	14160	18.5440940673437	DS60
WASP0003047	521	6181	6683	2879	12.8272552783109	DS60
WASP0003048	1119	19238	16712	4820	14.934763181412	DS60
WASP0003049	1413	28136	25494	7196	18.0424628450106	DS60
WASP0003050	4159	69695	70052	23446	16.8434719884588	DS60
WASP0003051	888	14283	13787	5117	15.5259009009009	DS60
WASP0003053	85	970	250	73	2.94117647058824	DS60
WASP0003054	1379	22138	22715	8326	16.4720812182741	DS60
WASP0003055	1717	22284	27346	10398	15.9266161910309	DS60
WASP0003056	745	13519	13439	4460	18.0389261744966	DS60
WASP0003057	3424	60198	63681	19833	18.5984228971963	DS60
WASP0003060	2952	41903	47694	18270	16.1565040650407	DS60
WASP0003061	1277	21904	20956	5534	16.4103367267032	DS60
WASP0003062	1398	28693	25340	6889	18.1258941344778	DS60
WASP0003063	656	12518	11929	3549	18.1844512195122	DS60
WASP0003065	3128	52994	57354	18480	18.3356777493606	DS60
WASP0003066	6999	128122	121648	33173	17.3807686812402	DS60
WASP0003067	550	8142	7345	2652	13.3545454545455	DS60
WASP0003069	1082	18251	17931	4277	16.5720887245841	DS60
WASP0003070	936	13305	14368	5155	15.3504273504274	DS60
WASP0003071	5413	102571	99745	30202	18.4269351561057	DS60
WASP0003072	1381	22223	22709	7917	16.4438812454743	DS60
WASP0003073	6218	94608	107251	40712	17.2484721775491	DS60
WASP0003074	4067	69907	69811	19937	17.1652323580034	DS60
WASP0003076	597	9547	9108	3414	15.2562814070352	DS60
WASP0003077	1533	19335	23576	9688	15.37899543379	DS60
WASP0003078	1170	20120	21462	7984	18.3435897435897	DS60
WASP0003079	3459	52279	59611	23289	17.2335935241399	DS60
WASP0003083	1434	21607	24719	9773	17.2377963737796	DS60
WASP0003084	1206	16388	18696	6708	15.5024875621891	DS60
WASP0003085	939	10678	12934	5465	13.7742279020234	DS60
WASP0003086	462	5408	6134	2527	13.2770562770563	DS60
WASP0003087	1277	18915	21260	7222	16.6483946750196	DS60
WASP0003088	495	8674	7615	2164	15.3838383838384	DS60
WASP0003089	2225	35247	35663	11240	16.0283146067416	DS60
WASP0003090	819	11508	13340	5312	16.2881562881563	DS60
WASP0003091	223	4223	3780	1367	16.9506726457399	DS60
WASP0003092	2903	40751	44431	15122	15.3052015156734	DS60
WASP0003093	496	6473	6901	2605	13.9133064516129	DS60
WASP0003095	699	9495	9955	3683	14.241773962804	DS60
WASP0003096	3196	59921	58310	17957	18.2446808510638	DS60
WASP0003097	1019	10865	13875	5692	13.6162904808636	DS60
WASP0003099	2902	37214	42332	16455	14.5871812543074	DS60
WASP0003100	467	6484	6201	1904	13.2783725910064	DS60
WASP0003101	1226	14823	18586	7736	15.1598694942904	DS60
WASP0003103	816	10600	12547	5016	15.3762254901961	DS60
WASP0003104	1300	21376	21529	7634	16.5607692307692	DS60
WASP0003105	1487	24424	27138	10524	18.2501681237391	DS60
WASP0003106	1062	16371	16821	5949	15.8389830508475	DS60
WASP0003107	949	19351	19048	6027	20.0716543730242	DS60
WASP0003108	1183	17225	17876	5876	15.1107354184277	DS60
WASP0003109	1530	22056	23131	8193	15.1183006535948	DS60
WASP0003110	973	18670	16916	4653	17.3854059609455	DS60
WASP0003111	1865	22947	27335	10833	14.656836461126	DS60
WASP0003113	1947	34009	33756	11023	17.3374422187982	DS60
WASP0003114	963	11368	14442	6186	14.9968847352025	DS60
WASP0003116	2361	44386	43256	11601	18.3210504023719	DS60
WASP0003117	741	10334	10880	4252	14.6828609986505	DS60
WASP0003118	892	12671	14444	5400	16.1928251121076	DS60
WASP0003119	312	4943	4253	1402	13.6314102564103	DS60
WASP0003121	4019	77323	69995	20348	17.4160238865389	DS60
WASP0003122	862	12263	12619	4128	14.639211136891	DS60
WASP0003123	2082	25069	32094	13037	15.4149855907781	DS60
WASP0003124	659	9924	11232	4437	17.0440060698027	DS60
WASP0003125	1792	35614	35543	12670	19.8342633928571	DS60
WASP0003126	970	11895	13698	5524	14.1216494845361	DS60
WASP0003127	981	14447	17349	6709	17.6850152905199	DS60
WASP0003128	365	6446	5808	1751	15.9123287671233	DS60
WASP0003130	2437	37143	39365	13930	16.153057037341	DS60
WASP0003131	766	12396	12964	4443	16.9242819843342	DS60
WASP0003132	1708	16475	21119	9452	12.3647540983607	DS60
WASP0003133	1447	17304	20953	8561	14.4803040774015	DS60
WASP0003135	866	10789	13497	5415	15.5854503464203	DS60
WASP0003136	1906	35425	33378	10936	17.5120671563484	DS60
WASP0003138	1816	32977	33470	8934	18.4306167400881	DS60
WASP0003139	2097	33670	35213	10249	16.792083929423	DS60
WASP0003140	1302	23585	23096	7406	17.7388632872504	DS60
WASP0003141	1364	20778	22114	8636	16.2126099706745	DS60
WASP0003142	1592	29899	28541	6506	17.9277638190955	DS60
WASP0003143	671	10910	10909	3955	16.25782414307	DS60
WASP0003144	1511	28784	27525	9086	18.216412971542	DS60
WASP0003145	505	8109	7352	2344	14.5584158415842	DS60
WASP0003146	1026	13726	15862	6395	15.4600389863548	DS60
WASP0003147	787	14233	12605	3737	16.0165184243964	DS60
WASP0003148	3737	66220	69025	21693	18.4706984211935	DS60
WASP0003149	1142	20780	21905	6981	19.1812609457093	DS60
WASP0003151	748	13352	12439	3733	16.629679144385	DS60
WASP0003152	3345	53622	63806	24058	19.0750373692078	DS60
WASP0003153	1192	18766	19765	6656	16.5813758389262	DS60
WASP0003154	1326	23363	23847	7728	17.9841628959276	DS60
WASP0003156	586	9638	9782	3446	16.6928327645051	DS60
WASP0003157	1362	14906	18073	7173	13.269456681351	DS60
WASP0003158	606	7157	7745	3160	12.7805280528053	DS60
WASP0003159	196	2200	2160	866	11.0204081632653	DS60
WASP0003160	1763	24351	28972	11283	16.4333522404992	DS60
WASP0003162	62	677	140	57	2.25806451612903	DS60
WASP0003164	392	5029	5546	2082	14.1479591836735	DS60
WASP0003165	1308	15525	18813	7994	14.3830275229358	DS60
WASP0003166	502	6392	6254	2339	12.4581673306773	DS60
WASP0003167	1088	16998	19003	7304	17.4659926470588	DS60
WASP0003168	844	14046	14456	4834	17.1279620853081	DS60
WASP0003169	2521	29753	36921	15228	14.6453788179294	DS60
WASP0003170	1778	25654	28866	11438	16.2350956130484	DS60
WASP0003171	320	4687	4254	1484	13.29375	DS60
WASP0003173	1061	14167	16549	6259	15.5975494816211	DS60
WASP0003174	427	5487	5957	2235	13.9508196721311	DS60
WASP0003175	1300	15884	19472	7904	14.9784615384615	DS60
WASP0003177	742	13312	13399	4997	18.0579514824798	DS60
WASP0003178	1122	19413	19173	6166	17.0882352941176	DS60
WASP0003180	2169	36361	39046	12984	18.0018441678193	DS60
WASP0003181	1354	19932	22094	7862	16.3175775480059	DS60
WASP0003182	2181	32373	37605	12431	17.242090784044	DS60
WASP0003183	2502	48869	46179	14062	18.4568345323741	DS60
WASP0003184	2275	30546	35057	12816	15.4096703296703	DS60
WASP0003185	1910	33508	34306	10983	17.9612565445026	DS60
WASP0003186	2502	44871	43850	13589	17.5259792166267	DS60
WASP0003187	641	7668	9070	3943	14.1497659906396	DS60
WASP0003189	2001	32553	34208	11070	17.0954522738631	DS60
WASP0003190	873	11954	11637	4283	13.3298969072165	DS60
WASP0003191	278	4096	3595	1020	12.931654676259	DS60
WASP0003192	495	7300	7370	2411	14.8888888888889	DS60
WASP0003193	1202	15548	17159	7054	14.2753743760399	DS60
WASP0003194	653	14931	12942	2657	19.8192955589587	DS60
WASP0003195	444	3877	4465	1845	10.0563063063063	DS60
WASP0003196	490	10404	9772	2866	19.9428571428571	DS60
WASP0003197	4541	66622	69573	23132	15.3210746531601	DS60
WASP0003198	3755	69492	66650	17970	17.7496671105193	DS60
WASP0003199	938	16611	16639	5992	17.7388059701493	DS60
WASP0003201	1390	16597	19768	8593	14.221582733813	DS60
WASP0003202	378	4352	4739	2012	12.537037037037	DS60
WASP0003204	1087	13511	16887	6800	15.5354185832567	DS60
WASP0003205	1651	27040	26452	8365	16.0218049666869	DS60
WASP0003206	1086	19108	20169	5770	18.5718232044199	DS60
WASP0003207	2415	34452	39850	15377	16.5010351966874	DS60
WASP0003208	1363	21654	22639	8147	16.6096845194424	DS60
WASP0003210	1140	15985	17722	6867	15.5456140350877	DS60
WASP0003211	239	3495	2883	854	12.0627615062762	DS60
WASP0003212	1285	19592	20435	6677	15.9027237354086	DS60
WASP0003213	2388	37210	40810	13698	17.0896147403685	DS60
WASP0003214	522	5959	6372	2608	12.2068965517241	DS60
WASP0003215	987	15456	17065	6511	17.289766970618	DS60
WASP0003216	1503	25489	26600	8922	17.6979374584165	DS60
WASP0003217	1317	17200	19094	7458	14.4981017463933	DS60
WASP0003218	2539	54849	49176	12444	19.36825521859	DS60
WASP0003219	378	6038	6268	1868	16.5820105820106	DS60
WASP0003220	1102	15525	17882	7335	16.2268602540835	DS60
WASP0003221	1539	17675	22405	10048	14.5581546458739	DS60
WASP0003222	1593	24294	26853	9744	16.8568738229755	DS60
WASP0003223	56	440	142	49	2.53571428571429	DS60
WASP0003224	667	8947	9719	4110	14.5712143928036	DS60
WASP0003226	3626	53087	58286	18072	16.0744622173194	DS60
WASP0003228	750	9756	11407	4406	15.2093333333333	DS60
WASP0003229	1988	23120	28604	12288	14.3883299798793	DS60
WASP0003230	769	12466	12873	4248	16.739921976593	DS60
WASP0003232	738	14034	12925	3881	17.5135501355014	DS60
WASP0003234	1796	31907	29464	10485	16.4053452115813	DS60
WASP0003235	755	14305	13029	3207	17.2569536423841	DS60
WASP0003236	1107	16675	17797	6375	16.0767841011743	DS60
WASP0003237	828	12025	13092	5247	15.8115942028986	DS60
WASP0003238	552	9098	8925	3009	16.1684782608696	DS60
WASP0003239	1268	21955	24653	9211	19.442429022082	DS60
WASP0003240	1470	26796	26572	8444	18.0761904761905	DS60
WASP0003241	1548	26728	25990	8375	16.7894056847545	DS60
WASP0003242	749	14220	12554	3335	16.7610146862483	DS60
WASP0003244	688	10322	10881	4020	15.8154069767442	DS60
WASP0003246	3166	48934	52172	18284	16.4788376500316	DS60
WASP0003247	297	4251	4312	1312	14.5185185185185	DS60
WASP0003248	675	14444	13360	2927	19.7925925925926	DS60
WASP0003249	503	6394	6388	2389	12.6998011928429	DS60
WASP0003250	788	10021	11540	4771	14.6446700507614	DS60
WASP0003252	2666	42946	47161	16302	17.6897974493623	DS60
WASP0003253	1092	20545	20063	6324	18.3727106227106	DS60
WASP0003254	294	4041	4302	1689	14.6326530612245	DS60
WASP0003255	1189	25724	22207	4980	18.677039529016	DS60
WASP0003256	1183	18846	19748	6547	16.6931530008453	DS60
WASP0003257	484	5937	6464	2543	13.3553719008264	DS60
WASP0003258	289	4242	4726	1974	16.3529411764706	DS60
WASP0003259	1717	30816	30247	8317	17.6161910308678	DS60
WASP0003260	1061	15122	16198	6140	15.2667295004713	DS60
WASP0003262	2372	38293	45212	17541	19.0607082630691	DS60
WASP0003263	995	14275	15758	5791	15.8371859296482	DS60
WASP0003265	766	13297	11876	3299	15.5039164490862	DS60
WASP0003266	1515	26482	25680	6834	16.950495049505	DS60
WASP0003267	404	5636	5879	2108	14.5519801980198	DS60
WASP0003269	399	4839	4799	1861	12.0275689223058	DS60
WASP0003271	531	6049	6984	2574	13.1525423728814	DS60
WASP0003273	2409	35181	39424	14098	16.365296803653	DS60
WASP0003274	1058	18007	18724	5185	17.6975425330813	DS60
WASP0003275	779	9240	11243	4733	14.4326059050064	DS60
WASP0003276	1121	13415	16767	6847	14.957181088314	DS60
WASP0003277	683	8973	9907	3847	14.5051244509517	DS60
WASP0003279	2857	50916	49249	14191	17.238011900595	DS60
WASP0003281	2631	43437	46465	16093	17.6605853287723	DS60
WASP0003282	442	9487	7949	2204	17.9841628959276	DS60
WASP0003283	491	6873	7096	2590	14.4521384928717	DS60
WASP0003284	1414	17990	22130	9255	15.6506364922207	DS60
WASP0003285	1963	34964	34871	11010	17.7641365257259	DS60
WASP0003286	1472	26639	29242	10399	19.8654891304348	DS60
WASP0003287	1098	16356	15924	4842	14.5027322404372	DS60
WASP0003288	1705	20801	24905	10594	14.6070381231672	DS60
WASP0003289	953	22478	20178	5262	21.1731374606506	DS60
WASP0003290	1279	23549	22492	7328	17.5856137607506	DS60
WASP0003292	1938	33131	30034	9545	15.4974200206398	DS60
WASP0003293	965	23546	18536	3749	19.2082901554404	DS60
WASP0003294	9391	195431	168230	40684	17.9139601746353	DS60
WASP0003295	1698	24355	26583	10223	15.6554770318021	DS60
WASP0003296	651	9892	9531	3039	14.6405529953917	DS60
WASP0003297	5400	85907	90620	29975	16.7814814814815	DS60
WASP0003298	1578	28539	27898	9110	17.6793409378961	DS60
WASP0003299	985	14780	16591	6552	16.843654822335	DS60
WASP0003300	1356	26960	25009	7926	18.443215339233	DS60
WASP0003301	761	12242	11878	4217	15.6084099868594	DS60
WASP0003302	4175	82438	77672	23411	18.6040718562874	DS60
WASP0003303	873	13813	13520	4243	15.4868270332188	DS60
WASP0003304	1929	21819	26548	10450	13.7625712804562	DS60
WASP0003305	1693	25518	26974	9525	15.9326639102185	DS60
WASP0003306	1120	15818	17634	6867	15.7446428571429	DS60
WASP0003307	633	7793	9384	3996	14.824644549763	DS60
WASP0003308	1431	18748	19378	6888	13.5415793151642	DS60
WASP0003309	1729	30083	32481	12144	18.786003470214	DS60
WASP0003310	759	10185	11632	4495	15.3254281949934	DS60
WASP0003311	425	5471	5410	2138	12.7294117647059	DS60
WASP0003313	957	30942	27528	4475	28.7648902821317	DS60
WASP0003315	509	8308	7149	2214	14.0451866404715	DS60
WASP0003316	965	12656	14000	5398	14.5077720207254	DS60
WASP0003317	2458	39826	38042	13142	15.4768104149715	DS60
WASP0003318	394	4716	5017	1782	12.7335025380711	DS60
WASP0003319	1214	19980	19794	6482	16.3047775947282	DS60
WASP0003320	896	13506	13225	4682	14.7600446428571	DS60
WASP0003321	2298	29582	36503	14454	15.884682332463	DS60
WASP0003322	1500	22745	23067	8458	15.378	DS60
WASP0003323	716	11438	10368	3665	14.4804469273743	DS60
WASP0003325	1121	13128	16182	7203	14.4353256021409	DS60
WASP0003326	1196	15891	17243	7250	14.4172240802676	DS60
WASP0003327	934	10578	12504	5320	13.3875802997859	DS60
WASP0003328	474	9747	7732	1780	16.3122362869198	DS60
WASP0003329	1535	25056	25358	8432	16.5198697068404	DS60
WASP0003331	966	14610	15455	5215	15.9989648033126	DS60
WASP0003333	3986	69091	70023	20633	17.5672353236327	DS60
WASP0003334	637	11243	10579	3703	16.607535321821	DS60
WASP0003335	1660	21839	25159	10210	15.1560240963855	DS60
WASP0003336	492	6856	6438	2289	13.0853658536585	DS60
WASP0003337	2233	39820	35470	10558	15.884460367219	DS60
WASP0003339	1394	17368	20497	8240	14.7037302725968	DS60
WASP0003341	1648	25283	25733	9880	15.6146844660194	DS60
WASP0003343	608	8361	8470	3452	13.9309210526316	DS60
WASP0003344	2253	32043	36283	14365	16.104305370617	DS60
WASP0003345	3265	47222	50327	18536	15.414088820827	DS60
WASP0003346	1411	28101	25441	7083	18.0304748405386	DS60
WASP0003347	2271	46034	41425	8681	18.2408630559225	DS60
WASP0003349	5305	100130	97771	30225	18.4299717247879	DS60
WASP0003351	1953	40216	37911	9179	19.4116743471582	DS60
WASP0003352	1333	21748	22344	7200	16.7621905476369	DS60
WASP0003353	1292	20355	21356	7780	16.5294117647059	DS60
WASP0003354	1521	25585	26318	9125	17.3030900723208	DS60
WASP0003355	850	10696	11646	4349	13.7011764705882	DS60
WASP0003357	3753	66741	67500	21948	17.9856115107914	DS60
WASP0003358	2660	41715	40667	12888	15.2883458646617	DS60
WASP0003359	2486	38900	41709	14010	16.777554304103	DS60
WASP0003362	770	12465	11875	4269	15.4220779220779	DS60
WASP0003363	450	8237	7474	2435	16.6088888888889	DS60
WASP0003364	814	14873	14160	4537	17.3955773955774	DS60
WASP0003365	3150	53144	53229	17395	16.8980952380952	DS60
WASP0003366	681	8192	8995	3527	13.208516886931	DS60
WASP0003367	903	16386	14614	4261	16.1838316722038	DS60
WASP0003368	1179	18351	18840	6317	15.9796437659033	DS60
WASP0003371	3088	45869	51328	18719	16.6217616580311	DS60
WASP0003372	555	8677	8185	2516	14.7477477477477	DS60
WASP0003373	882	11041	13611	5505	15.4319727891156	DS60
WASP0003374	3041	38042	42599	14272	14.0082209799408	DS60
WASP0003375	1106	16883	19070	6933	17.2423146473779	DS60
WASP0003376	1048	15660	15735	5426	15.0143129770992	DS60
WASP0003377	1137	17755	17857	6484	15.7053649956025	DS60
WASP0003378	561	7718	8434	3345	15.0338680926916	DS60
WASP0003379	2917	63233	54772	15023	18.7768255056565	DS60
WASP0003380	6562	126156	120219	35770	18.3204815604998	DS60
WASP0003382	215	2791	2314	831	10.7627906976744	DS60
WASP0003383	4596	86825	78700	24000	17.1235857267189	DS60
WASP0003384	3533	42548	48379	16232	13.6934616473252	DS60
WASP0004001	503	6322	8073	3466	16.0497017892644	DS60
WASP0004005	1394	16576	20651	8869	14.8142037302726	DS60
WASP0004006	338	5065	4982	1841	14.7396449704142	DS60
WASP0004007	842	13183	13721	5039	16.2957244655582	DS60
WASP0004010	284	3334	4581	1995	16.1302816901408	DS60
WASP0004011	797	12613	14364	5607	18.0225846925972	DS60
WASP0004016	851	11491	13663	5835	16.0552291421857	DS60
WASP0004017	800	11127	13203	5327	16.50375	DS60
WASP0004018	329	4455	4985	1999	15.1519756838906	DS60
WASP0004019	600	9586	10133	3642	16.8883333333333	DS60
WASP0004020	396	5086	6530	2779	16.489898989899	DS60
WASP0004022	275	3513	4054	1659	14.7418181818182	DS60
WASP0004025	578	8825	9485	3799	16.4100346020761	DS60
WASP0004026	745	11643	12512	4816	16.7946308724832	DS60
WASP0004027	146	1563	1855	723	12.7054794520548	DS60
WASP0004028	62	914	610	195	9.83870967741935	DS60
WASP0004029	1067	13179	17605	7937	16.4995313964386	DS60
WASP0004030	381	4768	5794	2580	15.2073490813648	DS60
WASP0004031	325	5552	5460	1925	16.8	DS60
WASP0004032	1304	21373	21975	7577	16.8519938650307	DS60
WASP0004033	559	7852	8793	3378	15.7298747763864	DS60
WASP0004036	204	3578	3050	1096	14.9509803921569	DS60
WASP0004039	156	2126	2360	891	15.1282051282051	DS60
WASP0004040	211	2416	3046	1221	14.436018957346	DS60
WASP0004043	137	2310	1888	673	13.7810218978102	DS60
WASP0004044	544	6721	9228	4181	16.9632352941177	DS60
WASP0004045	262	3413	4054	1401	15.4732824427481	DS60
WASP0004046	242	3009	3688	1664	15.2396694214876	DS60
WASP0004047	2024	43604	39502	13025	19.5167984189723	DS60
WASP0004048	261	2740	3336	1410	12.7816091954023	DS60
WASP0004052	96	1445	1617	654	16.84375	DS60
WASP0004056	1002	14295	13891	5684	13.8632734530938	DS60
WASP0004057	418	8251	8337	2726	19.944976076555	DS60
WASP0004059	222	2880	3843	1744	17.3108108108108	DS60
WASP0004060	1154	14648	19469	8731	16.870883882149	DS60
WASP0004062	696	12227	12821	4746	18.4209770114943	DS60
WASP0004063	1254	19505	19639	7333	15.6610845295056	DS60
WASP0004065	566	6975	9010	4075	15.9187279151943	DS60
WASP0004066	446	6489	6452	2332	14.4663677130045	DS60
WASP0004068	598	7026	8236	3588	13.7725752508361	DS60
WASP0004071	1619	34447	30509	9900	18.8443483631872	DS60
WASP0004073	725	9045	11431	5001	15.7668965517241	DS60
WASP0004074	524	6825	7894	3366	15.0648854961832	DS60
WASP0004075	885	11927	14322	5853	16.1830508474576	DS60
WASP0004076	370	4858	5791	2391	15.6513513513514	DS60
WASP0004077	383	4512	5693	2445	14.8642297650131	DS60
WASP0004078	279	3660	4086	1675	14.6451612903226	DS60
WASP0004080	221	3317	3815	1293	17.262443438914	DS60
WASP0004085	318	4752	4715	1696	14.8270440251572	DS60
WASP0004086	59	605	685	242	11.6101694915254	DS60
WASP0004089	590	9880	11504	3410	19.4983050847458	DS60
WASP0004090	432	5831	7127	2927	16.4976851851852	DS60
WASP0004091	431	5276	5934	2520	13.7679814385151	DS60
WASP0004092	759	17197	11970	5083	15.7707509881423	DS60
WASP0004094	491	6957	7436	3063	15.1446028513238	DS60
WASP0004095	159	2454	2319	898	14.5849056603774	DS60
WASP0004096	512	7595	8130	3331	15.87890625	DS60
WASP0004097	798	11707	12336	4369	15.4586466165414	DS60
WASP0004098	388	5634	6176	2422	15.9175257731959	DS60
WASP0004100	126	1947	1658	590	13.1587301587302	DS60
WASP0004101	789	11558	12269	4929	15.5500633713561	DS60
WASP0004102	165	1956	2447	1043	14.830303030303	DS60
WASP0004103	322	4619	5045	1959	15.667701863354	DS60
WASP0004104	502	5839	7186	3146	14.3147410358566	DS60
WASP0004105	468	7229	8237	3425	17.6004273504274	DS60
WASP0004106	425	6650	6829	2613	16.0682352941176	DS60
WASP0004110	198	3055	3236	1193	16.3434343434343	DS60
WASP0004111	504	7319	8217	3223	16.3035714285714	DS60
WASP0004113	1740	35848	32245	10941	18.5316091954023	DS60
WASP0004116	1508	29006	27113	9130	17.9794429708223	DS60
WASP0004117	880	15726	13792	5410	15.6727272727273	DS60
WASP0004118	693	10989	11121	3789	16.047619047619	DS60
WASP0004119	420	5732	6769	2816	16.1166666666667	DS60
WASP0004123	450	5923	7321	3031	16.2688888888889	DS60
WASP0004124	303	3837	4888	2110	16.1320132013201	DS60
WASP0004125	708	14288	12995	4379	18.3545197740113	DS60
WASP0004126	723	14054	12542	4240	17.3471645919779	DS60
WASP0004128	285	3846	4109	1766	14.4175438596491	DS60
WASP0004130	1087	14546	18176	7592	16.721251149954	DS60
WASP0004131	1132	16525	18866	7060	16.6660777385159	DS60
WASP0004132	601	8534	8480	3029	14.1098169717138	DS60
WASP0004133	196	2704	2873	1121	14.6581632653061	DS60
WASP0004134	743	16792	15414	3572	20.7456258411844	DS60
WASP0004135	823	11067	13054	5469	15.861482381531	DS60
WASP0004138	684	13314	11659	3664	17.0453216374269	DS60
WASP0004140	213	2613	3247	1458	15.2441314553991	DS60
WASP0004141	294	4684	5125	1962	17.4319727891156	DS60
WASP0004142	568	8025	8884	3520	15.6408450704225	DS60
WASP0004143	679	11729	12007	4338	17.6833578792342	DS60
WASP0004145	316	6080	5125	1642	16.2183544303798	DS60
WASP0004147	696	11867	11257	3931	16.1738505747126	DS60
WASP0004148	1041	13976	17873	7413	17.1690682036503	DS60
WASP0004149	446	4883	6292	2646	14.1076233183857	DS60
WASP0004150	314	4468	5294	2153	16.859872611465	DS60
WASP0004151	236	2497	3466	1496	14.6864406779661	DS60
WASP0004152	528	10859	9257	2852	17.532196969697	DS60
WASP0004153	707	12217	12522	4617	17.7114568599717	DS60
WASP0004154	665	12692	13278	4792	19.9669172932331	DS60
WASP0004155	203	2617	3038	1252	14.9655172413793	DS60
WASP0004156	619	7012	9007	4044	14.5508885298869	DS60
WASP0004158	215	2694	2902	1206	13.4976744186047	DS60
WASP0004159	596	7044	9204	3982	15.4429530201342	DS60
WASP0004160	885	12137	13896	5740	15.7016949152542	DS60
WASP0004161	485	5892	6926	2911	14.280412371134	DS60
WASP0004163	1376	24690	23649	8202	17.186773255814	DS60
WASP0004166	416	6227	6679	2452	16.0552884615385	DS60
WASP0004167	452	7791	7694	2900	17.0221238938053	DS60
WASP0004168	400	5563	6355	2644	15.8875	DS60
WASP0004169	1304	21564	21969	7833	16.8473926380368	DS60
WASP0004170	1039	17490	18678	7045	17.9769008662175	DS60
WASP0004174	878	11226	14658	6386	16.6947608200456	DS60
WASP0004176	302	4189	4843	1886	16.0364238410596	DS60
WASP0004177	661	9655	11414	4714	17.267776096823	DS60
WASP0004178	510	5032	7326	3271	14.3647058823529	DS60
WASP0004181	144	1853	1852	731	12.8611111111111	DS60
WASP0004182	207	2969	3439	1260	16.6135265700483	DS60
WASP0004183	157	2086	2270	900	14.4585987261146	DS60
WASP0004184	706	8919	10731	4659	15.199716713881	DS60
WASP0004187	1054	15428	17408	6434	16.5161290322581	DS60
WASP0004188	780	13015	13554	4979	17.3769230769231	DS60
WASP0004189	281	3869	4388	1733	15.6156583629893	DS60
WASP0004190	790	12905	14229	5227	18.0113924050633	DS60
WASP0004191	384	4977	6447	2824	16.7890625	DS60
WASP0004192	697	10491	11512	4845	16.5164992826399	DS60
WASP0004193	262	2866	3760	1557	14.3511450381679	DS60
WASP0004194	288	4042	4716	1936	16.375	DS60
WASP0004195	206	1867	1870	742	9.07766990291262	DS60
WASP0004196	688	9969	12525	5258	18.2049418604651	DS60
WASP0004197	411	4844	6097	2616	14.8345498783455	DS60
WASP0004200	230	2824	3267	1403	14.204347826087	DS60
WASP0004203	183	2361	3011	1240	16.4535519125683	DS60
WASP0004205	411	6117	6991	2837	17.0097323600973	DS60
WASP0004206	363	4436	5317	2156	14.6473829201102	DS60
WASP0004207	1051	17399	18557	7453	17.6565176022835	DS60
WASP0004208	981	15935	16385	6277	16.7023445463812	DS60
WASP0004209	1529	21852	26705	11336	17.4656638325703	DS60
WASP0004210	278	4105	4580	1866	16.4748201438849	DS60
WASP0004211	506	8222	8668	3116	17.1304347826087	DS60
WASP0004212	638	9443	10293	4388	16.1332288401254	DS60
WASP0004213	274	4870	3933	1416	14.3540145985401	DS60
WASP0004214	475	6121	7623	3035	16.0484210526316	DS60
WASP0004215	516	7247	8554	3545	16.577519379845	DS60
WASP0004216	936	16244	16363	5985	17.4818376068376	DS60
WASP0004217	782	9840	11711	4999	14.9757033248082	DS60
WASP0004218	1216	17797	19850	7651	16.3240131578947	DS60
WASP0004221	588	6729	9150	4252	15.5612244897959	DS60
WASP0004225	150	2283	2109	702	14.06	DS60
WASP0004226	2008	31758	37513	14818	18.6817729083665	DS60
WASP0004227	385	5261	6604	2876	17.1532467532468	DS60
WASP0004229	528	8205	8828	3450	16.719696969697	DS60
WASP0004230	261	5110	4351	1313	16.6704980842912	DS60
WASP0004233	184	3081	3189	1174	17.3315217391304	DS60
WASP0004235	1219	18452	19984	7593	16.3937653814602	DS60
WASP0004238	651	9547	10062	3564	15.4562211981567	DS60
WASP0004239	1111	18110	19672	7209	17.7065706570657	DS60
WASP0004240	445	6178	6751	2799	15.1707865168539	DS60
WASP0004241	374	5665	6553	2574	17.5213903743316	DS60
WASP0004243	889	18762	16028	5315	18.029246344207	DS60
WASP0004244	130	1530	1970	782	15.1538461538462	DS60
WASP0004245	1231	21257	21770	8165	17.6848090982941	DS60
WASP0004246	1070	13574	17076	7317	15.9588785046729	DS60
WASP0004250	379	4773	5646	2529	14.8970976253298	DS60
WASP0004253	1068	13793	17484	7452	16.3707865168539	DS60
WASP0004255	313	4081	4802	1909	15.3418530351438	DS60
WASP0004256	248	3179	3749	1567	15.116935483871	DS60
WASP0004257	645	9737	10915	4119	16.922480620155	DS60
WASP0004258	396	8212	6766	2208	17.0858585858586	DS60
WASP0004259	538	10128	8904	2655	16.550185873606	DS60
WASP0004260	513	9861	10187	3674	19.8576998050682	DS60
WASP0004261	868	14854	15262	5643	17.5829493087558	DS60
WASP0004262	434	6335	7035	2919	16.2096774193548	DS60
WASP0004263	1521	32117	28326	8890	18.6232741617357	DS60
WASP0004264	63	1137	667	197	10.5873015873016	DS60
WASP0004266	470	6224	8155	3314	17.3510638297872	DS60
WASP0004267	1015	18358	18070	6259	17.8029556650246	DS60
WASP0004268	352	7290	6418	1887	18.2329545454545	DS60
WASP0004269	479	6396	7024	2952	14.6638830897704	DS60
WASP0004272	234	3761	3799	1419	16.2350427350427	DS60
WASP0004274	341	4894	5781	2191	16.9530791788856	DS60
WASP0004275	363	5903	5778	1971	15.9173553719008	DS60
WASP0004279	541	7250	9528	4009	17.6118299445471	DS60
WASP0004281	1267	18808	21548	8540	17.0071033938437	DS60
WASP0004282	194	3796	3128	955	16.1237113402062	DS60
WASP0004284	757	8716	11213	4895	14.8124174372523	DS60
WASP0004285	329	4441	4883	2035	14.8419452887538	DS60
WASP0004286	325	4290	4558	1744	14.0246153846154	DS60
WASP0004287	267	4191	3758	1348	14.0749063670412	DS60
WASP0004288	819	11730	12977	5061	15.8449328449328	DS60
WASP0004289	1423	40271	30076	7982	21.1356289529164	DS60
WASP0004291	2149	57666	44021	12049	20.4844113541182	DS60
WASP0004292	204	2772	2895	1123	14.1911764705882	DS60
WASP0004293	1229	40412	29600	7002	24.0846216436127	DS60
WASP0004295	392	6617	6613	2343	16.8698979591837	DS60
WASP0004296	875	15133	15725	5777	17.9714285714286	DS60
WASP0004299	190	3820	3119	1014	16.4157894736842	DS60
WASP0004300	1199	23062	22374	8095	18.6605504587156	DS60
WASP0004301	77	1035	1048	337	13.6103896103896	DS60
WASP0004303	754	11059	11670	4187	15.4774535809019	DS60
WASP0004304	565	7415	8097	3070	14.3309734513274	DS60
WASP0004308	444	5739	5939	2515	13.3761261261261	DS60
WASP0004310	639	11950	11204	3642	17.5336463223787	DS60
WASP0004311	632	8349	10107	4337	15.9920886075949	DS60
WASP0004314	1321	27196	26662	9417	20.1831945495837	DS60
WASP0004316	721	15493	14464	4379	20.0610263522885	DS60
WASP0004317	338	6322	6378	2190	18.8698224852071	DS60
WASP0004318	627	8130	10980	4623	17.511961722488	DS60
WASP0004319	869	14897	14663	5286	16.873417721519	DS60
WASP0004320	717	9920	11933	5125	16.6429567642957	DS60
WASP0004321	806	9003	11987	5075	14.8722084367246	DS60
WASP0004322	236	3124	3672	1550	15.5593220338983	DS60
WASP0004323	299	4221	4318	1845	14.4414715719064	DS60
WASP0004324	995	12722	15832	6605	15.9115577889447	DS60
WASP0004325	224	2658	3258	1280	14.5446428571429	DS60
WASP0004327	942	15815	16898	6074	17.9384288747346	DS60
WASP0004328	1300	23884	23540	8531	18.1076923076923	DS60
WASP0004330	79	1237	964	358	12.2025316455696	DS60
WASP0004331	290	3362	3929	1598	13.548275862069	DS60
WASP0004332	34	425	347	124	10.2058823529412	DS60
WASP0004333	301	3886	4113	1637	13.6644518272425	DS60
WASP0004334	1361	21816	23041	8911	16.9294636296841	DS60
WASP0004335	814	15962	12322	4626	15.1375921375921	DS60
WASP0004336	242	3816	3800	1608	15.702479338843	DS60
WASP0004337	588	9033	9706	4006	16.5068027210884	DS60
WASP0004338	517	11927	9451	2773	18.2804642166344	DS60
WASP0004339	342	6568	6143	1979	17.9619883040936	DS60
WASP0004340	517	8391	8592	3192	16.6189555125725	DS60
WASP0004341	256	3277	3760	1605	14.6875	DS60
WASP0004342	102	1057	867	339	8.5	DS60
WASP0004345	163	2141	2182	894	13.3865030674847	DS60
WASP0004346	401	6031	6766	2901	16.8728179551122	DS60
WASP0004347	94	1386	1420	566	15.1063829787234	DS60
WASP0004348	864	17447	14984	4717	17.3425925925926	DS60
WASP0004349	223	2203	2871	1185	12.8744394618834	DS60
WASP0004350	1068	16774	18053	6411	16.9035580524345	DS60
WASP0004351	516	10804	9536	3140	18.4806201550388	DS60
WASP0004352	710	9157	11525	5068	16.2323943661972	DS60
WASP0004353	483	10196	8812	2666	18.2443064182195	DS60
WASP0004355	860	9942	13897	6326	16.1593023255814	DS60
WASP0004356	341	3968	5439	2402	15.950146627566	DS60
WASP0004357	627	10049	10788	4109	17.2057416267943	DS60
WASP0004359	576	9549	9425	3577	16.3628472222222	DS60
WASP0004360	1459	16953	19347	8031	13.2604523646333	DS60
WASP0004362	862	11011	13715	5614	15.9106728538283	DS60
WASP0004363	339	5238	5762	2175	16.9970501474926	DS60
WASP0004364	611	11628	11057	3810	18.0965630114566	DS60
WASP0004365	723	11205	12627	5188	17.4647302904564	DS60
WASP0004367	486	10192	8995	3002	18.5082304526749	DS60
WASP0004368	761	9231	11967	5033	15.7253613666229	DS60
WASP0004369	341	5119	5816	2154	17.0557184750733	DS60
WASP0004372	393	7223	6966	2255	17.7251908396947	DS60
WASP0004373	935	12134	14525	5799	15.5347593582888	DS60
WASP0004374	215	2894	3125	1300	14.5348837209302	DS60
WASP0004378	524	7145	9295	4017	17.7385496183206	DS60
WASP0004379	117	1675	1658	595	14.1709401709402	DS60
WASP0004380	828	13307	13087	4964	15.8055555555556	DS60
WASP0004382	563	7698	9544	4038	16.9520426287744	DS60
WASP0004383	581	9186	9992	4025	17.197934595525	DS60
WASP0004384	429	4268	5373	2371	12.5244755244755	DS60
WASP0005001	770	9959	12134	4962	15.7584415584416	DS60
WASP0005002	695	8373	10982	4799	15.8014388489209	DS60
WASP0005003	2476	39261	43265	14761	17.4737479806139	DS60
WASP0005005	429	6195	6092	1814	14.2004662004662	DS60
WASP0005006	979	16402	16824	5546	17.1848825331971	DS60
WASP0005007	133	2307	2014	587	15.1428571428571	DS60
WASP0005008	1175	15857	20168	8089	17.1642553191489	DS60
WASP0005011	364	4353	5175	2219	14.217032967033	DS60
WASP0005012	2415	32767	42226	17714	17.4848861283644	DS60
WASP0005013	2831	42835	47831	17107	16.8954433062522	DS60
WASP0005014	207	2144	2622	1135	12.6666666666667	DS60
WASP0005015	939	14262	15835	5049	16.863684771033	DS60
WASP0005016	1713	27589	29028	9880	16.9457092819615	DS60
WASP0005017	1963	33347	32850	10618	16.7345899133979	DS60
WASP0005019	1637	20532	26587	11175	16.2412950519243	DS60
WASP0005020	1220	15978	20402	8683	16.7229508196721	DS60
WASP0005021	1594	23512	26282	9823	16.4880803011292	DS60
WASP0005022	673	8779	10769	4391	16.001485884101	DS60
WASP0005023	425	6401	6901	2462	16.2376470588235	DS60
WASP0005024	802	10002	13115	5939	16.3528678304239	DS60
WASP0005026	315	3916	5077	2228	16.1174603174603	DS60
WASP0005027	1862	36150	34327	9510	18.4355531686359	DS60
WASP0005028	1621	22105	27197	10996	16.7779148673658	DS60
WASP0005029	395	5818	6191	2292	15.673417721519	DS60
WASP0005030	1505	24377	24866	8808	16.5222591362126	DS60
WASP0005032	848	11241	14025	5043	16.5389150943396	DS60
WASP0005033	520	7453	8277	3271	15.9173076923077	DS60
WASP0005035	2316	39981	38231	11147	16.5073402417962	DS60
WASP0005036	728	9763	11879	5008	16.3173076923077	DS60
WASP0005038	776	11752	13166	4687	16.9664948453608	DS60
WASP0005041	298	3914	4023	1494	13.5	DS60
WASP0005042	948	12565	14896	5979	15.7130801687764	DS60
WASP0005043	2258	30372	37936	15443	16.8007085916741	DS60
WASP0005044	1017	13925	17497	7311	17.204523107178	DS60
WASP0005047	1833	28592	30274	9362	16.5160938352428	DS60
WASP0005048	2116	32626	35249	11751	16.6583175803403	DS60
WASP0005049	453	5693	7215	3093	15.9271523178808	DS60
WASP0005050	1038	16030	17689	5968	17.0414258188825	DS60
WASP0005051	929	15253	15086	5280	16.2389666307858	DS60
WASP0005052	1413	19570	24001	9015	16.9858457183298	DS60
WASP0005054	1263	16452	21092	8530	16.6999208234363	DS60
WASP0005055	561	7870	10013	3976	17.8484848484849	DS60
WASP0005056	506	6845	8636	3410	17.0671936758893	DS60
WASP0005057	1029	14352	17780	6770	17.2789115646259	DS60
WASP0005058	452	6573	7808	3079	17.2743362831858	DS60
WASP0005059	225	2682	3294	1167	14.64	DS60
WASP0005060	1224	15220	20517	9026	16.7622549019608	DS60
WASP0005062	918	12422	15612	6268	17.0065359477124	DS60
WASP0005063	354	6179	5957	1985	16.8276836158192	DS60
WASP0005064	466	6190	7203	2660	15.4570815450644	DS60
WASP0005066	525	7502	8153	3313	15.5295238095238	DS60
WASP0005067	476	6859	7994	2945	16.7941176470588	DS60
WASP0005069	724	9347	11103	3959	15.335635359116	DS60
WASP0005070	690	8746	12347	5259	17.8942028985507	DS60
WASP0005071	2832	54071	54158	14134	19.1235875706215	DS60
WASP0005072	540	7635	8273	3323	15.3203703703704	DS60
WASP0005073	1098	15111	18739	7877	17.0664845173042	DS60
WASP0005074	756	9968	12043	4790	15.9298941798942	DS60
WASP0005075	1464	19613	24652	8760	16.8387978142077	DS60
WASP0005076	926	12005	15870	6665	17.1382289416847	DS60
WASP0005077	301	3651	3905	1294	12.9734219269103	DS60
WASP0005078	717	11947	12090	4531	16.8619246861925	DS60
WASP0005079	2120	33758	36522	12966	17.227358490566	DS60
WASP0005081	1059	14519	16555	6055	15.632672332389	DS60
WASP0005082	2180	31244	35793	13428	16.4188073394495	DS60
WASP0005083	206	2751	3135	1171	15.2184466019417	DS60
WASP0005086	629	7708	9982	4335	15.8696343402226	DS60
WASP0005087	460	6424	7220	2573	15.695652173913	DS60
WASP0005088	2296	38048	38174	13033	16.6263066202091	DS60
WASP0005089	1502	18526	23868	10025	15.8908122503329	DS60
WASP0005090	1100	15231	18952	7265	17.2290909090909	DS60
WASP0005091	168	3174	2826	753	16.8214285714286	DS60
WASP0005093	210	3003	2873	1042	13.6809523809524	DS60
WASP0005094	832	11128	13384	5391	16.0865384615385	DS60
WASP0005095	578	7764	9656	4366	16.7058823529412	DS60
WASP0005096	1162	19862	21696	8174	18.671256454389	DS60
WASP0005098	473	5857	7976	3312	16.8625792811839	DS60
WASP0005099	1299	19152	20695	7503	15.9314857582756	DS60
WASP0005100	953	13494	17131	6869	17.9758656873033	DS60
WASP0005101	895	12669	14164	4916	15.8256983240223	DS60
WASP0005102	488	6357	7890	3325	16.1680327868852	DS60
WASP0005103	564	7298	8766	3595	15.5425531914894	DS60
WASP0005109	588	7657	8830	3331	15.0170068027211	DS60
WASP0005110	1062	15432	16438	5533	15.4783427495292	DS60
WASP0005111	1543	18987	25518	11438	16.5379131561892	DS60
WASP0005112	374	5122	5490	1923	14.6791443850267	DS60
WASP0005116	560	6986	9037	3608	16.1375	DS60
WASP0005118	1781	27306	29622	8661	16.6322290847838	DS60
WASP0005120	1495	22024	25683	9197	17.1792642140468	DS60
WASP0005121	1329	20824	23877	8506	17.9661399548533	DS60
WASP0005123	606	8730	10490	3883	17.3102310231023	DS60
WASP0005124	571	7425	8670	3169	15.183887915937	DS60
WASP0005126	474	6728	7220	2380	15.2320675105485	DS60
WASP0005128	204	2779	2880	1021	14.1176470588235	DS60
WASP0005131	729	9631	11919	4833	16.3497942386831	DS60
WASP0005132	512	5594	6891	2835	13.458984375	DS60
WASP0005133	716	10111	11648	4381	16.268156424581	DS60
WASP0005137	601	7783	9049	3541	15.0565723793677	DS60
WASP0005138	898	12016	14445	5574	16.0857461024499	DS60
WASP0005139	1887	30289	32681	10573	17.3190249072602	DS60
WASP0005140	877	11374	14146	6046	16.1299885974915	DS60
WASP0005141	544	7969	9015	3380	16.5716911764706	DS60
WASP0005142	922	12237	15847	6791	17.1876355748373	DS60
WASP0005143	2685	37923	44738	17204	16.6621973929237	DS60
WASP0005145	936	17544	16458	5148	17.5833333333333	DS60
WASP0005146	774	11735	13274	5209	17.1498708010336	DS60
WASP0005147	219	2862	3034	1209	13.8538812785388	DS60
WASP0005149	277	3655	4219	1538	15.2310469314079	DS60
WASP0005151	1673	27203	29361	10672	17.5499103407053	DS60
WASP0005153	702	7291	10617	4729	15.1239316239316	DS60
WASP0005155	359	4169	5187	2147	14.4484679665738	DS60
WASP0005156	1825	25044	29405	11398	16.1123287671233	DS60
WASP0005160	862	10910	14256	6000	16.538283062645	DS60
WASP0005161	1249	20684	20759	6485	16.6204963971177	DS60
WASP0005163	244	3484	3689	1326	15.1188524590164	DS60
WASP0005164	854	10414	14537	6096	17.0222482435597	DS60
WASP0005165	706	11380	11945	3771	16.9192634560907	DS60
WASP0005166	1064	16057	18044	6534	16.9586466165414	DS60
WASP0005168	1059	13435	18318	8069	17.2974504249292	DS60
WASP0005169	345	3907	4696	2025	13.6115942028986	DS60
WASP0005170	1104	14217	18485	7995	16.7436594202899	DS60
WASP0005171	923	13298	14569	5068	15.7843986998917	DS60
WASP0005172	2677	34793	45260	18399	16.9069854314531	DS60
WASP0005176	458	8234	8294	3090	18.1091703056769	DS60
WASP0005178	1553	20563	24980	9893	16.084996780425	DS60
WASP0005179	489	7686	8321	2940	17.0163599182004	DS60
WASP0005180	1729	26875	29907	7679	17.2972816657027	DS60
WASP0005181	483	5271	7212	3116	14.9316770186335	DS60
WASP0005182	1385	19690	22324	8653	16.1184115523466	DS60
WASP0005184	971	12793	15458	6263	15.9196704428424	DS60
WASP0005186	197	3046	2838	1029	14.4060913705584	DS60
WASP0005187	347	4733	5462	2133	15.7406340057637	DS60
WASP0005189	1038	13933	16807	6730	16.1917148362235	DS60
WASP0005190	1015	11564	15597	6979	15.3665024630542	DS60
WASP0005191	2198	30842	37358	13698	16.9963603275705	DS60
WASP0005192	1152	18018	18092	6200	15.7048611111111	DS60
WASP0005193	561	10112	9528	2621	16.9839572192513	DS60
WASP0005196	829	14381	13782	4356	16.6248492159228	DS60
WASP0005197	538	8301	8582	2362	15.9516728624535	DS60
WASP0005199	1070	18200	18389	6092	17.1859813084112	DS60
WASP0005200	706	12504	10991	3040	15.5679886685552	DS60
WASP0005202	781	10650	13776	5457	17.6389244558259	DS60
WASP0005204	538	7131	9427	4226	17.5223048327138	DS60
WASP0005205	837	10284	14128	6045	16.8793309438471	DS60
WASP0005208	622	7901	10065	4365	16.1816720257235	DS60
WASP0005209	2412	34651	41126	15829	17.0505804311775	DS60
WASP0005210	1049	14407	17438	6741	16.6234509056244	DS60
WASP0005211	950	15654	17060	4694	17.9578947368421	DS60
WASP0005212	1508	21704	25206	9691	16.7148541114058	DS60
WASP0005215	4350	61160	75966	29880	17.4634482758621	DS60
WASP0005216	3323	54643	61754	19557	18.5838098104123	DS60
WASP0005218	193	3637	3009	765	15.5906735751295	DS60
WASP0005219	1708	23606	27887	9504	16.3272833723653	DS60
WASP0005220	563	8256	9335	3787	16.5808170515098	DS60
WASP0005221	626	8352	9639	3849	15.3977635782748	DS60
WASP0005222	1368	17429	22319	8743	16.3150584795322	DS60
WASP0005224	1501	24046	26914	9281	17.9307128580946	DS60
WASP0005228	490	8031	8165	2778	16.6632653061224	DS60
WASP0005229	670	10795	11582	4053	17.2865671641791	DS60
WASP0005230	852	12495	15273	6026	17.9260563380282	DS60
WASP0005231	499	7293	8046	3113	16.124248496994	DS60
WASP0005232	595	9392	10176	3791	17.1025210084034	DS60
WASP0005233	725	9916	12116	4477	16.711724137931	DS60
WASP0005235	1247	18208	19668	6997	15.7722534081796	DS60
WASP0005236	532	8873	9375	2785	17.6221804511278	DS60
WASP0005239	354	6557	6112	2049	17.2655367231638	DS60
WASP0005242	854	15039	14996	5085	17.559718969555	DS60
WASP0005243	564	9334	8825	2993	15.6471631205674	DS60
WASP0005244	671	8378	10873	4887	16.204172876304	DS60
WASP0005247	1403	21276	23713	8167	16.9016393442623	DS60
WASP0005248	2708	45667	44436	13889	16.4091580502216	DS60
WASP0005249	410	5369	5871	2202	14.319512195122	DS60
WASP0005250	396	4952	6190	2681	15.6313131313131	DS60
WASP0005251	126	1690	1567	587	12.4365079365079	DS60
WASP0005253	348	4422	4818	1687	13.8448275862069	DS60
WASP0005255	2016	27432	34310	13801	17.0188492063492	DS60
WASP0005257	2361	30059	38713	16038	16.3968657348581	DS60
WASP0005258	698	10364	11855	4499	16.9842406876791	DS60
WASP0005259	1006	17115	16959	5702	16.8578528827038	DS60
WASP0005260	1833	26521	31544	11933	17.2089470812875	DS60
WASP0005261	415	5445	7338	3211	17.6819277108434	DS60
WASP0005262	972	13537	16449	6534	16.9228395061728	DS60
WASP0005263	338	5084	5309	2064	15.707100591716	DS60
WASP0005264	1951	30413	33011	11997	16.920041004613	DS60
WASP0005265	925	12243	14603	5858	15.787027027027	DS60
WASP0005266	799	11230	13841	5540	17.3229036295369	DS60
WASP0005267	1014	13993	16293	5869	16.0680473372781	DS60
WASP0005269	1208	18104	19944	7100	16.5099337748344	DS60
WASP0005272	1283	17601	22280	8496	17.3655494933749	DS60
WASP0005274	447	6590	7468	2669	16.7069351230425	DS60
WASP0005275	349	5315	5582	1935	15.9942693409742	DS60
WASP0005277	479	5907	7615	3197	15.8977035490605	DS60
WASP0005278	2026	23851	31468	12803	15.5320829220138	DS60
WASP0005279	1096	15934	17778	6529	16.220802919708	DS60
WASP0005280	1069	14240	18470	7562	17.2778297474275	DS60
WASP0005281	658	9113	10831	4543	16.4604863221885	DS60
WASP0005282	2739	48627	49192	15536	17.9598393574297	DS60
WASP0005283	655	11548	12400	3893	18.9312977099237	DS60
WASP0005284	252	3596	3646	1313	14.468253968254	DS60
WASP0005285	3026	39940	48123	18373	15.903172504957	DS60
WASP0005286	665	10006	10663	3591	16.0345864661654	DS60
WASP0005287	1596	18769	23847	9827	14.9417293233083	DS60
WASP0005288	1583	21725	25501	9742	16.1092861655085	DS60
WASP0005289	182	2556	2329	752	12.7967032967033	DS60
WASP0005290	330	5893	5148	1353	15.6	DS60
WASP0005291	401	6414	6463	2103	16.1172069825436	DS60
WASP0005292	536	5795	7561	3136	14.1063432835821	DS60
WASP0005294	2063	26490	35082	14456	17.0053320407174	DS60
WASP0005295	619	10375	10643	3628	17.1938610662359	DS60
WASP0005296	375	6100	5811	1619	15.496	DS60
WASP0005297	1638	22604	28280	11552	17.2649572649573	DS60
WASP0005298	2501	38821	42828	15256	17.124350259896	DS60
WASP0005299	417	6887	6315	2059	15.1438848920863	DS60
WASP0005300	2185	34736	38853	13671	17.7816933638444	DS60
WASP0005303	178	2756	2621	866	14.7247191011236	DS60
WASP0005305	1307	28398	24824	6365	18.9931140015302	DS60
WASP0005306	1009	15382	17123	5975	16.9702675916749	DS60
WASP0005307	976	13184	15559	6720	15.9415983606557	DS60
WASP0005308	275	3462	3627	1399	13.1890909090909	DS60
WASP0005309	527	8365	8770	3242	16.6413662239089	DS60
WASP0005310	717	10157	11180	3971	15.5927475592748	DS60
WASP0005311	385	5976	6236	2100	16.1974025974026	DS60
WASP0005312	763	11243	12242	4029	16.0445609436435	DS60
WASP0005314	2422	46286	45320	13625	18.7118084227911	DS60
WASP0005315	1815	31601	32382	9981	17.8413223140496	DS60
WASP0005316	658	9560	10515	4128	15.9802431610942	DS60
WASP0005317	3034	49490	53231	18846	17.544825313118	DS60
WASP0005318	291	4086	4742	1908	16.2955326460481	DS60
WASP0005319	1409	22401	23245	7451	16.4975159687722	DS60
WASP0005320	1816	26432	32076	11547	17.6629955947137	DS60
WASP0005321	845	12357	14028	4782	16.6011834319527	DS60
WASP0005322	1293	21445	21676	7941	16.7641144624903	DS60
WASP0005324	1864	33320	30914	9882	16.5847639484979	DS60
WASP0005325	2516	40770	43202	14946	17.170906200318	DS60
WASP0005326	1272	21964	22784	7285	17.9119496855346	DS60
WASP0005328	2308	40866	41507	13434	17.9839688041594	DS60
WASP0005329	660	7493	9961	4197	15.0924242424242	DS60
WASP0005331	1088	18608	18165	7666	16.6957720588235	DS60
WASP0005333	1099	14854	17693	6290	16.0991810737034	DS60
WASP0005334	593	8976	8901	3079	15.0101180438449	DS60
WASP0005335	606	9397	10259	3951	16.9290429042904	DS60
WASP0005336	482	6406	7796	3161	16.1742738589212	DS60
WASP0005337	856	13284	14610	5502	17.0677570093458	DS60
WASP0005338	1122	17777	19031	5669	16.9616755793226	DS60
WASP0005339	654	9180	10939	4223	16.7262996941896	DS60
WASP0005340	550	7003	8292	3545	15.0763636363636	DS60
WASP0005341	1232	16609	20674	8420	16.7808441558442	DS60
WASP0005343	734	9798	11579	4426	15.775204359673	DS60
WASP0005345	1607	23703	26777	8497	16.6627255756067	DS60
WASP0005346	1378	20605	24172	9825	17.5413642960813	DS60
WASP0005348	3102	55907	50454	15434	16.2649903288201	DS60
WASP0005349	2779	39132	48747	19896	17.5412018711767	DS60
WASP0005350	750	9850	13091	5156	17.4546666666667	DS60
WASP0005351	822	13433	14980	5365	18.2238442822384	DS60
WASP0005353	577	7823	9239	3617	16.0121317157712	DS60
WASP0005354	1153	14365	18712	8215	16.2289679098005	DS60
WASP0005356	2989	38623	49654	20216	16.6122448979592	DS60
WASP0005357	652	10006	11077	4370	16.989263803681	DS60
WASP0005358	3166	50367	54981	20536	17.3660770688566	DS60
WASP0005359	486	7820	8014	2619	16.4897119341564	DS60
WASP0005360	575	6370	7952	3376	13.8295652173913	DS60
WASP0005361	1547	22573	26777	9849	17.3089851325145	DS60
WASP0005362	736	9915	11875	4214	16.1345108695652	DS60
WASP0005363	3923	64853	67398	19854	17.1802192199847	DS60
WASP0005364	1300	17736	21585	8892	16.6038461538462	DS60
WASP0005365	1398	21517	22854	9126	16.3476394849785	DS60
WASP0005366	1141	16530	18269	7033	16.011393514461	DS60
WASP0005367	2888	52994	51357	16526	17.7828947368421	DS60
WASP0005368	2209	33898	36526	12954	16.5350837483024	DS60
WASP0005369	325	5082	5062	1889	15.5753846153846	DS60
WASP0005370	2630	39638	42608	13946	16.2007604562738	DS60
WASP0005376	737	9871	11538	4693	15.6553595658073	DS60
WASP0005377	214	3210	3496	1156	16.3364485981308	DS60
WASP0005378	412	5498	6996	2828	16.9805825242718	DS60
WASP0005379	1574	27428	28442	9881	18.0698856416773	DS60
WASP0005380	2790	42249	50226	18115	18.0021505376344	DS60
WASP0005382	2027	32814	33216	10857	16.3867784903799	DS60
WASP0005383	174	2734	2376	816	13.6551724137931	DS60
WASP0005384	223	2356	2842	1164	12.7443946188341	DS60
WASP0006003	285	4989	4908	1723	17.2210526315789	DS60
WASP0006005	280	4783	5265	2004	18.8035714285714	DS60
WASP0006006	528	8125	10323	4116	19.5511363636364	DS60
WASP0006007	557	7838	9415	3804	16.903052064632	DS60
WASP0006008	629	8206	11447	5092	18.1987281399046	DS60
WASP0006009	517	7874	9058	3502	17.5203094777563	DS60
WASP0006010	962	15078	16541	5878	17.1943866943867	DS60
WASP0006012	751	12260	12813	4375	17.0612516644474	DS60
WASP0006014	194	2156	2862	1241	14.7525773195876	DS60
WASP0006015	1235	16688	22159	9298	17.9425101214575	DS60
WASP0006016	704	8937	12249	5420	17.3991477272727	DS60
WASP0006017	1059	18225	20498	7786	19.3559962228517	DS60
WASP0006018	1865	22264	30900	13908	16.5683646112601	DS60
WASP0006019	731	9702	12939	5554	17.7004103967168	DS60
WASP0006020	1205	18669	20659	8148	17.144398340249	DS60
WASP0006021	811	12884	13340	4855	16.4488286066584	DS60
WASP0006022	401	5820	6935	2917	17.2942643391521	DS60
WASP0006023	705	10235	11259	4242	15.9702127659574	DS60
WASP0006024	1922	32355	38037	15792	19.7903225806452	DS60
WASP0006026	1470	19779	26735	11194	18.187074829932	DS60
WASP0006027	2091	29230	36233	14881	17.3280726924916	DS60
WASP0006029	319	4923	5564	2084	17.4420062695925	DS60
WASP0006030	460	8631	9162	3342	19.9173913043478	DS60
WASP0006032	2135	35453	37959	12864	17.7793911007026	DS60
WASP0006033	786	10003	13577	5983	17.2735368956743	DS60
WASP0006034	139	2040	2198	894	15.8129496402878	DS60
WASP0006035	2002	34840	35909	12864	17.9365634365634	DS60
WASP0006036	1139	19865	21284	8176	18.6865671641791	DS60
WASP0006037	1146	21616	22635	8201	19.7513089005236	DS60
WASP0006038	223	3316	3455	1258	15.4932735426009	DS60
WASP0006040	653	8719	11356	4725	17.3905053598775	DS60
WASP0006041	5729	104276	111425	40115	19.4492930703439	DS60
WASP0006042	1585	25741	28967	11254	18.2757097791798	DS60
WASP0006043	955	15603	17689	6729	18.5225130890052	DS60
WASP0006046	575	7511	9912	4575	17.2382608695652	DS60
WASP0006047	937	15479	17760	6718	18.9541088580576	DS60
WASP0006048	2725	38993	47768	19957	17.5295412844037	DS60
WASP0006049	1559	27897	28136	9852	18.047466324567	DS60
WASP0006050	247	4183	4400	1595	17.8137651821862	DS60
WASP0006054	160	2983	2816	1015	17.6	DS60
WASP0006055	450	7471	7759	2834	17.2422222222222	DS60
WASP0006056	866	13714	15622	6232	18.0392609699769	DS60
WASP0006057	376	6005	6157	2340	16.375	DS60
WASP0006058	311	5653	6302	2418	20.2636655948553	DS60
WASP0006059	401	6475	7292	2659	18.1845386533666	DS60
WASP0006060	357	5714	6135	2301	17.1848739495798	DS60
WASP0006062	1256	20266	24630	9791	19.609872611465	DS60
WASP0006063	1020	15862	18182	6772	17.8254901960784	DS60
WASP0006064	579	7943	9935	4300	17.1588946459413	DS60
WASP0006066	906	12160	14811	5794	16.3476821192053	DS60
WASP0006068	1378	20196	25361	11267	18.4042089985486	DS60
WASP0006069	390	4495	6097	2605	15.6333333333333	DS60
WASP0006070	405	4907	6535	2917	16.1358024691358	DS60
WASP0006071	2349	36231	43803	18475	18.6475095785441	DS60
WASP0006072	1178	16344	20858	9201	17.7062818336163	DS60
WASP0006077	1173	16387	20787	8586	17.7212276214834	DS60
WASP0006078	491	7496	8771	3552	17.8635437881874	DS60
WASP0006079	290	4435	5575	2307	19.2241379310345	DS60
WASP0006080	312	4166	5161	2037	16.5416666666667	DS60
WASP0006081	479	6390	7969	3585	16.6367432150313	DS60
WASP0006082	1581	24517	28189	11236	17.8298545224541	DS60
WASP0006085	505	6400	8280	3538	16.3960396039604	DS60
WASP0006086	829	11167	14121	5063	17.0337756332931	DS60
WASP0006088	504	8018	8782	3553	17.4246031746032	DS60
WASP0006090	605	7733	10290	4660	17.0082644628099	DS60
WASP0006091	720	12613	13882	5248	19.2805555555556	DS60
WASP0006096	238	4086	3348	1185	14.0672268907563	DS60
WASP0006097	754	11550	12748	4558	16.9071618037135	DS60
WASP0006098	796	12782	13950	5159	17.5251256281407	DS60
WASP0006099	455	6245	7254	2753	15.9428571428571	DS60
WASP0006100	1600	29979	28562	8192	17.85125	DS60
WASP0006101	792	10747	13407	5805	16.9280303030303	DS60
WASP0006102	436	9043	7487	2022	17.1720183486239	DS60
WASP0006104	928	11676	15401	6972	16.5959051724138	DS60
WASP0006105	442	7276	7046	2657	15.9411764705882	DS60
WASP0006107	890	13256	16050	6646	18.0337078651685	DS60
WASP0006108	845	11547	14665	6336	17.3550295857988	DS60
WASP0006109	689	11994	12486	4773	18.121915820029	DS60
WASP0006112	769	13736	14039	5185	18.2561768530559	DS60
WASP0006113	1032	15979	18400	6986	17.8294573643411	DS60
WASP0006116	2364	28654	38899	16687	16.4547377326565	DS60
WASP0006117	488	6240	7799	3082	15.9815573770492	DS60
WASP0006118	286	4862	5245	2153	18.3391608391608	DS60
WASP0006120	962	15027	16565	6151	17.2193347193347	DS60
WASP0006121	1379	22998	25142	10513	18.2320522117476	DS60
WASP0006122	545	7369	8460	3566	15.5229357798165	DS60
WASP0006124	338	3668	5028	2265	14.8757396449704	DS60
WASP0006125	610	8721	9981	4217	16.3622950819672	DS60
WASP0006126	826	10720	14697	6674	17.7929782082324	DS60
WASP0006129	675	9662	11948	4792	17.7007407407407	DS60
WASP0006131	1348	17712	24210	10434	17.959940652819	DS60
WASP0006132	226	3080	3150	1313	13.9380530973451	DS60
WASP0006133	564	12168	11167	3743	19.7996453900709	DS60
WASP0006134	749	11928	13321	4661	17.785046728972	DS60
WASP0006135	323	4154	5007	2026	15.5015479876161	DS60
WASP0006136	1030	12563	17301	8149	16.7970873786408	DS60
WASP0006137	334	6224	6092	2128	18.2395209580838	DS60
WASP0006139	323	5358	5790	2256	17.9256965944272	DS60
WASP0006141	615	9595	10871	4407	17.6764227642276	DS60
WASP0006144	1231	20836	23233	8439	18.8732737611698	DS60
WASP0006147	1126	16702	19040	7868	16.9094138543517	DS60
WASP0006148	2915	53222	53183	17356	18.2445969125214	DS60
WASP0006149	192	2600	3117	1275	16.234375	DS60
WASP0006150	593	10685	11188	3860	18.8667790893761	DS60
WASP0006152	1092	17602	18968	6968	17.3699633699634	DS60
WASP0006153	1152	16136	18650	7521	16.1892361111111	DS60
WASP0006154	902	14034	15337	6002	17.0033259423503	DS60
WASP0006156	856	12309	15488	6540	18.0934579439252	DS60
WASP0006157	1369	15712	23259	11012	16.9897735573411	DS60
WASP0006158	1623	17698	24933	11627	15.362292051756	DS60
WASP0006159	841	13260	15564	6341	18.5065398335315	DS60
WASP0006161	1113	20916	19733	6808	17.7295597484277	DS60
WASP0006163	1823	34956	34577	12166	18.96708721887	DS60
WASP0006164	304	5319	5271	1680	17.3388157894737	DS60
WASP0006166	694	11501	12049	4919	17.3616714697406	DS60
WASP0006167	92	1389	1046	321	11.3695652173913	DS60
WASP0006168	1502	27138	27025	9225	17.9926764314248	DS60
WASP0006169	1303	19290	22649	8710	17.3821949347659	DS60
WASP0006170	305	4673	5312	2077	17.416393442623	DS60
WASP0006171	599	8381	10511	4503	17.5475792988314	DS60
WASP0006172	211	3023	3116	1221	14.7677725118483	DS60
WASP0006173	1131	16294	20120	8531	17.789566755084	DS60
WASP0006174	709	12834	13079	4686	18.4471086036671	DS60
WASP0006177	263	4359	4010	1410	15.2471482889734	DS60
WASP0006178	419	6257	7228	2921	17.2505966587112	DS60
WASP0006179	270	4244	4320	1787	16	DS60
WASP0006180	626	8563	11530	4957	18.4185303514377	DS60
WASP0006181	684	8991	11404	4846	16.672514619883	DS60
WASP0006182	765	9927	12647	5219	16.5320261437909	DS60
WASP0006183	755	11150	12574	5259	16.6543046357616	DS60
WASP0006184	940	15901	16338	5411	17.3808510638298	DS60
WASP0006185	371	6047	6701	2944	18.0619946091644	DS60
WASP0006186	840	15821	14277	4453	16.9964285714286	DS60
WASP0006189	1272	15219	20254	8678	15.9229559748428	DS60
WASP0006190	1070	16948	17360	6203	16.2242990654206	DS60
WASP0006191	2512	43718	46889	17437	18.6660031847134	DS60
WASP0006193	1024	12607	18735	8609	18.2958984375	DS60
WASP0006194	520	6799	8185	3286	15.7403846153846	DS60
WASP0006195	995	12026	12535	4628	12.5979899497487	DS60
WASP0006196	583	8183	10029	4368	17.2024013722127	DS60
WASP0006197	209	2956	3131	1128	14.9808612440191	DS60
WASP0006199	245	5209	4641	1186	18.9428571428571	DS60
WASP0006203	191	2491	3201	1361	16.7591623036649	DS60
WASP0006204	421	7259	7700	2641	18.2897862232779	DS60
WASP0006205	912	12529	15801	6718	17.3256578947368	DS60
WASP0006207	576	9571	10297	3819	17.8767361111111	DS60
WASP0006208	489	7956	9405	3664	19.2331288343558	DS60
WASP0006209	459	7043	8116	3158	17.681917211329	DS60
WASP0006210	445	5599	6922	3089	15.5550561797753	DS60
WASP0006211	891	13293	14767	5590	16.5735129068462	DS60
WASP0006212	649	8531	10974	4644	16.9090909090909	DS60
WASP0006213	765	10667	12398	4783	16.2065359477124	DS60
WASP0006214	736	13865	13144	4009	17.8586956521739	DS60
WASP0006216	670	9577	12648	5502	18.8776119402985	DS60
WASP0006217	508	6845	8350	3659	16.4370078740158	DS60
WASP0006218	492	6905	8029	3093	16.3191056910569	DS60
WASP0006219	916	12446	15740	6447	17.1834061135371	DS60
WASP0006220	3122	49332	55422	20271	17.7520819987188	DS60
WASP0006221	869	12263	15575	6800	17.9228998849252	DS60
WASP0006222	560	7805	9040	3460	16.1428571428571	DS60
WASP0006224	1152	14098	20071	9138	17.4227430555556	DS60
WASP0006226	325	4737	5592	2369	17.2061538461538	DS60
WASP0006229	704	12199	12492	4352	17.7443181818182	DS60
WASP0006231	1071	19622	19788	7073	18.4761904761905	DS60
WASP0006232	1293	20793	23898	9460	18.4825986078886	DS60
WASP0006233	1610	23666	28649	11631	17.7944099378882	DS60
WASP0006235	463	9990	9210	3286	19.8920086393089	DS60
WASP0006236	4527	79270	79889	27574	17.6472277446433	DS60
WASP0006238	699	11350	11359	3970	16.2503576537911	DS60
WASP0006239	1231	19264	23384	8618	18.995938261576	DS60
WASP0006240	638	10267	11030	4252	17.2884012539185	DS60
WASP0006242	1289	24136	25007	9113	19.400310318076	DS60
WASP0006243	974	16760	17331	6094	17.7936344969199	DS60
WASP0006245	565	7184	10616	4763	18.7893805309735	DS60
WASP0006247	1213	16884	20952	8390	17.2728771640561	DS60
WASP0006248	786	10693	13954	6062	17.7531806615776	DS60
WASP0006249	1066	18592	19637	6146	18.421200750469	DS60
WASP0006251	91	1403	1485	545	16.3186813186813	DS60
WASP0006252	1023	15237	18467	7400	18.0518084066471	DS60
WASP0006253	356	5235	5336	1994	14.9887640449438	DS60
WASP0006254	970	16798	18323	6871	18.8896907216495	DS60
WASP0006256	325	5568	5609	2049	17.2584615384615	DS60
WASP0006257	1567	19885	24347	10046	15.5373324824505	DS60
WASP0006258	746	13911	14771	5491	19.8002680965147	DS60
WASP0006260	880	11325	14919	6736	16.9534090909091	DS60
WASP0006261	404	6128	6884	2527	17.039603960396	DS60
WASP0006262	637	8802	10671	4588	16.7519623233909	DS60
WASP0006263	671	10042	11674	4586	17.397913561848	DS60
WASP0006268	241	3439	4259	1690	17.6721991701245	DS60
WASP0006271	529	7180	8770	3671	16.578449905482	DS60
WASP0006272	1539	30518	29820	9283	19.3762183235867	DS60
WASP0006273	332	3925	4645	2023	13.9909638554217	DS60
WASP0006275	338	5404	6036	2440	17.8579881656805	DS60
WASP0006276	375	6115	6122	2179	16.3253333333333	DS60
WASP0006277	550	7153	8940	3920	16.2545454545455	DS60
WASP0006279	1394	22258	24285	8799	17.4210903873745	DS60
WASP0006281	404	6825	6236	2103	15.4356435643564	DS60
WASP0006282	654	9333	11064	4379	16.9174311926606	DS60
WASP0006283	696	12059	13590	5480	19.5258620689655	DS60
WASP0006285	1674	29998	30242	9316	18.0657108721625	DS60
WASP0006286	2859	40654	47616	19555	16.6547743966422	DS60
WASP0006287	1447	23038	23083	6618	15.9523151347616	DS60
WASP0006289	531	9227	9234	2887	17.3898305084746	DS60
WASP0006290	944	17919	16880	4922	17.8813559322034	DS60
WASP0006293	1070	17042	20227	8319	18.903738317757	DS60
WASP0006295	434	6840	7813	3232	18.0023041474654	DS60
WASP0006296	818	10759	14935	6677	18.257946210269	DS60
WASP0006297	171	2367	2283	824	13.3508771929825	DS60
WASP0006298	674	9275	11036	4901	16.3738872403561	DS60
WASP0006300	627	9927	11232	4159	17.9138755980861	DS60
WASP0006301	1010	14334	17581	7502	17.4069306930693	DS60
WASP0006302	713	10311	12562	5183	17.6185133239832	DS60
WASP0006303	1447	17714	24288	10613	16.7850725639254	DS60
WASP0006304	815	10504	12173	4873	14.9361963190184	DS60
WASP0006305	376	5619	6452	2421	17.1595744680851	DS60
WASP0006308	579	10252	9533	2769	16.4645941278066	DS60
WASP0006309	1894	33153	33760	11605	17.8247096092925	DS60
WASP0006310	446	6709	7606	2889	17.0538116591928	DS60
WASP0006311	894	12924	15589	6230	17.4373601789709	DS60
WASP0006312	1376	19004	21961	8424	15.9600290697674	DS60
WASP0006313	415	7715	7483	2955	18.0313253012048	DS60
WASP0006314	722	12055	12906	5042	17.8753462603878	DS60
WASP0006315	1381	19474	23627	9827	17.1086169442433	DS60
WASP0006316	110	1404	1340	464	12.1818181818182	DS60
WASP0006319	307	6455	5675	1582	18.485342019544	DS60
WASP0006320	963	13568	16390	6870	17.0197300103842	DS60
WASP0006322	1455	23649	24771	9053	17.0247422680412	DS60
WASP0006323	412	5588	6544	2795	15.8834951456311	DS60
WASP0006326	936	13309	16377	6706	17.4967948717949	DS60
WASP0006327	578	9793	8932	3412	15.4532871972318	DS60
WASP0006328	1385	25960	25595	8818	18.4801444043321	DS60
WASP0006329	3380	65034	63374	21753	18.7497041420118	DS60
WASP0006330	420	7411	6892	2536	16.4095238095238	DS60
WASP0006331	939	19542	17471	4592	18.6059637912673	DS60
WASP0006333	711	10596	11910	3941	16.7510548523207	DS60
WASP0006334	1310	22300	24918	9017	19.0213740458015	DS60
WASP0006335	413	5806	5805	2241	14.0556900726392	DS60
WASP0006336	1129	16448	19998	8375	17.7130203720106	DS60
WASP0006338	1597	24081	26674	9817	16.7025673137132	DS60
WASP0006341	868	10477	14072	6260	16.2119815668203	DS60
WASP0006342	2318	46372	44836	15732	19.3425366695427	DS60
WASP0006343	627	12516	10447	4390	16.6618819776715	DS60
WASP0006344	3715	82202	74918	22792	20.1663526244953	DS60
WASP0006345	979	13679	15486	6279	15.8181818181818	DS60
WASP0006346	190	4195	3380	889	17.7894736842105	DS60
WASP0006348	1425	18468	23700	10370	16.6315789473684	DS60
WASP0006351	969	14485	16160	6213	16.6769865841073	DS60
WASP0006353	1330	21698	24197	9070	18.1932330827068	DS60
WASP0006354	4384	78452	79171	27266	18.0590784671533	DS60
WASP0006355	682	10861	12235	4824	17.9398826979472	DS60
WASP0006356	260	3505	3889	1560	14.9576923076923	DS60
WASP0006357	1336	21537	24613	9450	18.4229041916168	DS60
WASP0006359	1027	15935	17912	7195	17.4410905550146	DS60
WASP0006360	1278	16521	18625	7395	14.5735524256651	DS60
WASP0006361	570	8763	10023	3805	17.5842105263158	DS60
WASP0006362	565	9386	10349	4097	18.316814159292	DS60
WASP0006363	1075	14837	19237	8205	17.8948837209302	DS60
WASP0006364	1010	13149	17936	7960	17.7584158415842	DS60
WASP0006365	508	7887	8827	3572	17.3759842519685	DS60
WASP0006366	1387	15787	21874	9838	15.7707281903389	DS60
WASP0006367	674	10809	11293	3966	16.7551928783383	DS60
WASP0006368	740	10689	12521	5139	16.9202702702703	DS60
WASP0006369	583	11097	11588	3098	19.8765008576329	DS60
WASP0006370	962	15235	16856	6373	17.5218295218295	DS60
WASP0006371	1044	17436	17930	6408	17.1743295019157	DS60
WASP0006372	797	11683	13033	5207	16.3525721455458	DS60
WASP0006373	581	8204	10164	3923	17.4939759036145	DS60
WASP0006374	575	8691	8704	2878	15.1373913043478	DS60
WASP0006375	575	9758	9429	3378	16.3982608695652	DS60
WASP0006376	1306	22934	23848	9055	18.260336906585	DS60
WASP0006378	833	12152	14449	5765	17.3457382953181	DS60
WASP0006379	1933	44020	40224	13733	20.8091050181066	DS60
WASP0006382	1324	27263	25277	7593	19.0913897280967	DS60
WASP0006383	1542	26350	28064	10089	18.1997405966278	DS60
WASP0006384	1981	28401	30264	10300	15.2771327612317	DS60
WASP0033006	2074	57118	54908	18613	26.4744455159113	DS60
WASP0033007	210	6695	3745	993	17.8333333333333	DS60
WASP0033011	485	11229	7912	2636	16.3134020618557	DS60
WASP0033012	404	11284	9171	3248	22.700495049505	DS60
WASP0033018	303	11050	5921	1342	19.5412541254125	DS60
WASP0033019	1546	51858	40163	10331	25.9786545924968	DS60
WASP0033021	456	13153	10000	2682	21.9298245614035	DS60
WASP0033022	420	13342	10024	2449	23.8666666666667	DS60
WASP0033027	2327	76089	64113	17637	27.5517834121186	DS60
WASP0033038	1991	55618	50539	17964	25.3837267704671	DS60
WASP0033040	562	16879	14889	5135	26.4928825622776	DS60
WASP0033041	3291	96057	87600	28697	26.6180492251595	DS60
WASP0033048	267	7755	4203	1043	15.7415730337079	DS60
WASP0033057	476	12609	10758	2975	22.6008403361345	DS60
WASP0033060	1603	50578	41784	13006	26.0661260137243	DS60
WASP0033066	282	7722	3904	867	13.8439716312057	DS60
WASP0033068	730	20653	18326	6123	25.1041095890411	DS60
WASP0033071	185	4930	2536	392	13.7081081081081	DS60
WASP0033072	209	5314	2848	428	13.6267942583732	DS60
WASP0033081	5486	170930	148282	42630	27.0291651476486	DS60
WASP0033082	968	27750	25274	8327	26.1095041322314	DS60
WASP0033083	1445	62025	42987	7934	29.7487889273356	DS60
WASP0033087	198	5150	2959	620	14.9444444444444	DS60
WASP0033088	4865	185284	149766	44482	30.7843782117163	DS60
WASP0033089	752	19643	19726	7628	26.2313829787234	DS60
WASP0033095	320	8907	5992	1212	18.725	DS60
WASP0033097	280	7950	5370	1207	19.1785714285714	DS60
WASP0033101	361	10427	6824	1541	18.9030470914127	DS60
WASP0033109	282	10513	6102	1264	21.6382978723404	DS60
WASP0033110	3459	124466	94263	24229	27.2515177797051	DS60
WASP0033115	1955	67243	55040	17138	28.153452685422	DS60
WASP0033117	225	5427	3078	854	13.68	DS60
WASP0033119	259	8038	4802	984	18.5405405405405	DS60
WASP0033120	3784	111684	95619	23080	25.2692917547569	DS60
WASP0033128	2336	96024	63693	15451	27.2658390410959	DS60
WASP0033135	381	12853	7845	1704	20.5905511811024	DS60
WASP0033144	6069	202205	157574	47786	25.9637502059647	DS60
WASP0033147	1037	32341	27526	8828	26.5438765670203	DS60
WASP0033154	8910	304140	267136	74737	29.9815937149271	DS60
WASP0033158	804	21145	17497	5079	21.7624378109453	DS60
WASP0033161	281	7488	4515	1149	16.067615658363	DS60
WASP0033164	623	24459	17546	4118	28.1637239165329	DS60
WASP0033168	386	12795	9306	2308	24.1088082901554	DS60
WASP0033172	247	7623	3946	1060	15.9757085020243	DS60
WASP0033182	746	22840	17782	6070	23.8364611260054	DS60
WASP0033183	5790	219344	158930	33028	27.4490500863558	DS60
WASP0033187	247	8003	4872	1107	19.7246963562753	DS60
WASP0033193	2084	81722	59740	12839	28.6660268714012	DS60
WASP0033195	2168	73286	59404	16822	27.40036900369	DS60
WASP0033197	2753	103177	84390	23856	30.653832183073	DS60
WASP0033199	497	18794	14396	3800	28.9657947686117	DS60
WASP0033201	894	27574	23561	7136	26.3545861297539	DS60
WASP0033212	789	28034	20148	5556	25.5361216730038	DS60
WASP0033214	177	4966	1978	438	11.1751412429379	DS60
WASP0033215	565	19674	13077	3648	23.1451327433628	DS60
WASP0033218	180	5076	2410	637	13.3888888888889	DS60
WASP0033223	3143	102907	92715	30743	29.4988864142539	DS60
WASP0033224	914	30228	25911	8370	28.3490153172867	DS60
WASP0033227	1484	52576	40598	10104	27.3571428571429	DS60
WASP0033230	457	12487	11238	3821	24.5908096280088	DS60
WASP0033238	1840	57271	50980	16184	27.7065217391304	DS60
WASP0033242	168	4686	2329	551	13.8630952380952	DS60
WASP0033246	162	3306	1606	347	9.91358024691358	DS60
WASP0033249	386	14621	10420	3157	26.9948186528497	DS60
WASP0033251	1612	53064	44148	11529	27.3870967741936	DS60
WASP0033252	219	5489	3462	1014	15.8082191780822	DS60
WASP0033254	107	1914	117	37	1.09345794392523	DS60
WASP0033257	505	17690	11217	2796	22.2118811881188	DS60
WASP0033259	357	10009	7470	2297	20.9243697478992	DS60
WASP0033260	968	29005	21484	6644	22.1942148760331	DS60
WASP0033261	178	4321	1902	280	10.685393258427	DS60
WASP0033263	1556	53166	40604	10735	26.0951156812339	DS60
WASP0033271	373	10603	7159	1739	19.1930294906166	DS60
WASP0033272	3137	107443	76981	18405	24.5396875996175	DS60
WASP0033273	796	24312	19322	5358	24.2738693467337	DS60
WASP0033275	478	12221	9393	2649	19.6506276150628	DS60
WASP0033276	271	8951	5936	1530	21.9040590405904	DS60
WASP0033277	436	12798	10718	3093	24.5825688073395	DS60
WASP0033281	2601	94964	65886	17798	25.3310265282584	DS60
WASP0033283	264	7310	4579	1125	17.344696969697	DS60
WASP0033295	233	6727	3577	877	15.3519313304721	DS60
WASP0033296	506	15336	11006	2312	21.7509881422925	DS60
WASP0033297	560	12324	10542	3654	18.825	DS60
WASP0033299	271	7915	4355	1391	16.070110701107	DS60
WASP0033302	481	13364	10750	3366	22.3492723492724	DS60
WASP0033307	221	4857	2067	685	9.35294117647059	DS60
WASP0033312	653	19548	15240	4008	23.3384379785605	DS60
WASP0033319	336	7548	4797	1196	14.2767857142857	DS60
WASP0033320	718	20018	17141	4771	23.8732590529248	DS60
WASP0033321	191	6226	3177	710	16.6335078534031	DS60
WASP0033323	310	7972	5009	1485	16.158064516129	DS60
WASP0033327	299	7385	3234	667	10.8160535117057	DS60
WASP0033328	850	24912	21384	6809	25.1576470588235	DS60
WASP0033331	380	10159	7839	1997	20.6289473684211	DS60
WASP0033332	1355	42934	34619	10416	25.5490774907749	DS60
WASP0033342	226	5422	2793	781	12.358407079646	DS60
WASP0033343	746	18125	14905	5246	19.9798927613941	DS60
WASP0033352	1766	57240	43580	13262	24.6772366930917	DS60
WASP0033354	3273	90857	90323	32502	27.5963947448824	DS60
WASP0033355	831	19194	16000	5519	19.2539109506619	DS60
WASP0033356	428	12781	8426	1921	19.6869158878505	DS60
WASP0033360	580	19621	15003	3576	25.8672413793103	DS60
WASP0033361	633	15131	12051	4186	19.0379146919431	DS60
WASP0033363	269	7032	4129	1166	15.3494423791822	DS60
WASP0033365	379	11735	7999	2174	21.1055408970976	DS60
WASP0033373	1275	37130	32174	10893	25.2345098039216	DS60
WASP0033376	870	26338	21313	6335	24.4977011494253	DS60
WASP0033379	463	16390	10810	2533	23.3477321814255	DS60
WASP0033382	437	15175	9136	2297	20.9061784897025	DS60
WASP0034001	808	24598	17113	4044	21.1794554455446	DS60
WASP0034002	904	19433	18474	6491	20.4358407079646	DS60
WASP0034004	1128	31563	25160	6525	22.3049645390071	DS60
WASP0034006	494	12265	9296	2613	18.8178137651822	DS60
WASP0034008	4098	95737	97060	36476	23.6847242557345	DS60
WASP0034009	849	19263	16337	5437	19.2426383981154	DS60
WASP0034011	274	6136	4094	1271	14.9416058394161	DS60
WASP0034018	1207	31423	26175	7979	21.6859983429992	DS60
WASP0034024	559	13636	11032	3387	19.7352415026834	DS60
WASP0034025	1615	36829	34875	12283	21.594427244582	DS60
WASP0034027	1764	40204	35039	10832	19.8633786848073	DS60
WASP0034028	602	13592	12064	4229	20.0398671096346	DS60
WASP0034029	1225	25423	25470	9349	20.7918367346939	DS60
WASP0034030	655	14912	12803	3902	19.5465648854962	DS60
WASP0034031	706	18098	14848	4490	21.0311614730878	DS60
WASP0034033	373	7609	5860	2104	15.7104557640751	DS60
WASP0034036	759	20678	16220	4278	21.3702239789196	DS60
WASP0034038	590	12617	11257	4288	19.0796610169492	DS60
WASP0034039	1296	33857	28407	8599	21.9189814814815	DS60
WASP0034041	737	19223	14586	3428	19.7910447761194	DS60
WASP0034046	401	8298	7436	2559	18.5436408977556	DS60
WASP0034047	134	2319	720	207	5.37313432835821	DS60
WASP0034048	909	28303	19659	3952	21.6270627062706	DS60
WASP0034049	665	15114	12127	3661	18.2360902255639	DS60
WASP0034050	284	7167	4760	1352	16.7605633802817	DS60
WASP0034053	892	24752	19301	5030	21.6378923766816	DS60
WASP0034054	731	14594	13583	4522	18.5813953488372	DS60
WASP0034058	290	5553	4185	1190	14.4310344827586	DS60
WASP0034060	399	7740	6989	2327	17.516290726817	DS60
WASP0034063	1505	36475	33887	10950	22.5162790697674	DS60
WASP0034064	1744	47538	39078	12204	22.4071100917431	DS60
WASP0034065	1483	27264	30451	12157	20.5333782872556	DS60
WASP0034067	952	22218	19451	5850	20.4317226890756	DS60
WASP0034068	631	11607	12718	5415	20.1553090332805	DS60
WASP0034069	842	17277	17009	5439	20.2007125890736	DS60
WASP0034070	740	18184	16179	5442	21.8635135135135	DS60
WASP0034072	932	19660	18990	7022	20.3755364806867	DS60
WASP0034073	185	3445	2307	752	12.4702702702703	DS60
WASP0034074	1504	35605	31797	9523	21.1416223404255	DS60
WASP0034075	1155	27564	24939	8303	21.5922077922078	DS60
WASP0034076	373	7320	5957	2156	15.970509383378	DS60
WASP0034077	658	17275	12715	3214	19.3237082066869	DS60
WASP0034078	214	5124	3037	943	14.1915887850467	DS60
WASP0034079	1070	23370	21689	7661	20.2700934579439	DS60
WASP0034085	158	2594	1257	456	7.95569620253165	DS60
WASP0034086	1101	29394	25201	7822	22.88919164396	DS60
WASP0034087	1428	34277	29300	9089	20.5182072829132	DS60
WASP0034089	3065	70650	66263	20782	21.6192495921697	DS60
WASP0034091	718	15988	13533	4152	18.8481894150418	DS60
WASP0034092	364	10029	6319	1666	17.3598901098901	DS60
WASP0034094	410	8306	6882	2047	16.7853658536585	DS60
WASP0034095	1189	26281	24136	7113	20.2994112699748	DS60
WASP0034096	577	11897	10364	3297	17.9618717504333	DS60
WASP0034098	737	20450	14231	4171	19.3093622795115	DS60
WASP0034099	677	18411	13491	3446	19.9276218611521	DS60
WASP0034101	702	15824	12016	3050	17.1168091168091	DS60
WASP0034102	256	5626	4088	1244	15.96875	DS60
WASP0034105	171	2844	1859	596	10.8713450292398	DS60
WASP0034106	446	10373	8835	3811	19.8094170403587	DS60
WASP0034109	774	21546	16007	3638	20.6808785529716	DS60
WASP0034110	501	9816	7778	1702	15.5249500998004	DS60
WASP0034111	1449	39788	33759	10688	23.2981366459627	DS60
WASP0034112	837	14762	14291	5344	17.0740740740741	DS60
WASP0034113	752	19954	17149	5424	22.8045212765957	DS60
WASP0034115	235	4469	3350	1095	14.2553191489362	DS60
WASP0034116	138	2592	1553	633	11.2536231884058	DS60
WASP0034118	584	12942	11788	3945	20.1849315068493	DS60
WASP0034119	707	15170	12954	3314	18.3224893917963	DS60
WASP0034122	565	13422	11686	3880	20.683185840708	DS60
WASP0034125	215	4324	3164	891	14.7162790697674	DS60
WASP0034130	510	10554	9932	2642	19.4745098039216	DS60
WASP0034132	708	20024	14460	3868	20.4237288135593	DS60
WASP0034134	119	1756	905	305	7.60504201680672	DS60
WASP0034136	732	16151	14754	5033	20.155737704918	DS60
WASP0034139	3079	76439	71453	23450	23.2065605716142	DS60
WASP0034140	1397	36682	31631	8434	22.6420901932713	DS60
WASP0034141	348	6296	5575	2067	16.0201149425287	DS60
WASP0034142	1696	35464	36583	14226	21.5701650943396	DS60
WASP0034144	1420	38082	31391	9129	22.106338028169	DS60
WASP0034145	1077	27583	22460	6322	20.8542246982358	DS60
WASP0034149	1317	29620	27731	9457	21.0561883067578	DS60
WASP0034150	1481	38114	33664	10790	22.7305874409183	DS60
WASP0034153	389	10464	7033	1713	18.0796915167095	DS60
WASP0034154	559	12453	10465	3356	18.7209302325581	DS60
WASP0034160	2093	56150	45958	13622	21.9579550883899	DS60
WASP0034162	792	17783	16738	5849	21.1338383838384	DS60
WASP0034163	452	9839	7989	2503	17.674778761062	DS60
WASP0034165	1218	28165	26407	9389	21.6806239737274	DS60
WASP0034167	272	5947	4169	1046	15.3272058823529	DS60
WASP0034169	555	10862	10639	3919	19.1693693693694	DS60
WASP0034172	835	17274	16807	6298	20.1281437125749	DS60
WASP0034174	1459	36920	29329	7996	20.1021247429746	DS60
WASP0034175	1870	44418	41796	14427	22.3508021390374	DS60
WASP0034176	2542	78687	62850	18785	24.7246262785209	DS60
WASP0034177	305	7048	5404	1849	17.7180327868852	DS60
WASP0034178	1361	38665	31686	8796	23.2814107274063	DS60
WASP0034179	535	11388	9234	2737	17.2598130841122	DS60
WASP0034181	1358	37185	28309	7463	20.8460972017673	DS60
WASP0034183	3255	83906	72535	22798	22.284178187404	DS60
WASP0034184	802	28135	18228	3650	22.7281795511222	DS60
WASP0034185	1013	22999	22272	7993	21.9861796643633	DS60
WASP0034186	169	3883	2747	812	16.2544378698225	DS60
WASP0034188	2089	65987	50170	11574	24.0162757300144	DS60
WASP0034190	421	8155	7323	2502	17.3942992874109	DS60
WASP0034191	1018	24142	19038	5038	18.7013752455796	DS60
WASP0034192	530	12474	10651	3524	20.0962264150943	DS60
WASP0034194	445	10013	8193	2352	18.4112359550562	DS60
WASP0034198	779	19711	16614	4879	21.3273427471117	DS60
WASP0034202	247	5025	3816	1223	15.4493927125506	DS60
WASP0034204	908	20802	18887	6142	20.8006607929515	DS60
WASP0034205	1023	21066	21137	7406	20.6617790811339	DS60
WASP0034209	331	7447	6101	1996	18.4320241691843	DS60
WASP0034210	578	15622	11738	3073	20.3079584775087	DS60
WASP0034214	927	21664	20752	7313	22.38619201726	DS60
WASP0034215	200	3980	2459	680	12.295	DS60
WASP0034216	1307	44748	31949	8176	24.4445294567712	DS60
WASP0034217	1083	24393	21403	6597	19.7626962142198	DS60
WASP0034218	418	10230	9441	3393	22.5861244019139	DS60
WASP0034223	719	20252	14811	3579	20.5994436717663	DS60
WASP0034230	751	16762	15543	5381	20.6964047936085	DS60
WASP0034231	549	11126	8628	2666	15.7158469945355	DS60
WASP0034232	161	3086	1914	521	11.888198757764	DS60
WASP0034233	783	16846	15929	4915	20.3435504469987	DS60
WASP0034235	809	16713	16510	5923	20.4079110012361	DS60
WASP0034239	1073	22457	22511	7894	20.9794967381174	DS60
WASP0034240	151	2576	1478	441	9.78807947019868	DS60
WASP0034241	571	12150	11749	3994	20.5761821366025	DS60
WASP0034242	300	6121	4652	1408	15.5066666666667	DS60
WASP0034245	630	17949	12889	3092	20.4587301587302	DS60
WASP0034252	598	13041	12228	4029	20.4481605351171	DS60
WASP0034255	1435	34182	31563	10591	21.9951219512195	DS60
WASP0034256	480	10900	9468	2719	19.725	DS60
WASP0034257	1167	30080	25650	7870	21.9794344473008	DS60
WASP0034258	149	2801	1975	573	13.255033557047	DS60
WASP0034259	1614	47765	37472	8920	23.2168525402726	DS60
WASP0034260	208	3751	3110	1295	14.9519230769231	DS60
WASP0034263	879	21294	18213	6142	20.7201365187713	DS60
WASP0034264	1224	37151	27317	6413	22.3178104575163	DS60
WASP0034265	940	25360	21271	5758	22.6287234042553	DS60
WASP0034266	648	10494	10853	3720	16.7484567901235	DS60
WASP0034267	684	13852	14028	5188	20.5087719298246	DS60
WASP0034269	366	8806	7058	2270	19.2841530054645	DS60
WASP0034270	438	12358	9202	2353	21.0091324200913	DS60
WASP0034271	871	24930	19044	5405	21.8645235361653	DS60
WASP0034272	562	13372	11390	3557	20.2669039145907	DS60
WASP0034273	847	23211	20840	7212	24.6044864226682	DS60
WASP0034274	833	20804	17715	5674	21.2665066026411	DS60
WASP0034276	914	23995	22151	6948	24.2352297592998	DS60
WASP0034278	1065	23407	24040	8610	22.5727699530516	DS60
WASP0034279	365	8522	5974	1483	16.3671232876712	DS60
WASP0034280	435	10580	8408	2132	19.3287356321839	DS60
WASP0034281	1181	33730	25259	6459	21.3878069432684	DS60
WASP0034282	567	14063	11437	3530	20.1710758377425	DS60
WASP0034284	1125	37526	26240	5885	23.3244444444444	DS60
WASP0034285	781	22485	17278	4443	22.1229193341869	DS60
WASP0034286	1448	41994	31838	6801	21.9875690607735	DS60
WASP0034287	1825	56314	43524	11555	23.8487671232877	DS60
WASP0034290	661	14669	14553	5569	22.0166414523449	DS60
WASP0034293	376	10802	7395	1725	19.6675531914894	DS60
WASP0034294	896	22437	19088	6466	21.3035714285714	DS60
WASP0034300	418	10326	6704	1679	16.0382775119617	DS60
WASP0034301	1051	25480	22549	6963	21.4548049476689	DS60
WASP0034302	1845	45661	39798	12241	21.5707317073171	DS60
WASP0034303	412	8311	5711	1347	13.8616504854369	DS60
WASP0034304	667	16215	14241	4262	21.3508245877061	DS60
WASP0034305	680	15140	14236	5095	20.9352941176471	DS60
WASP0034307	624	12558	11289	3871	18.0913461538462	DS60
WASP0034309	1527	42917	32956	8016	21.5821872953504	DS60
WASP0034311	221	4305	2715	967	12.2850678733032	DS60
WASP0034314	574	12792	11581	4044	20.1759581881533	DS60
WASP0034316	1475	34909	29674	8860	20.1179661016949	DS60
WASP0034317	1623	42900	34288	9441	21.1263093037585	DS60
WASP0034318	594	16268	11307	3058	19.0353535353535	DS60
WASP0034319	1136	24451	20637	5926	18.1663732394366	DS60
WASP0034321	242	5398	3258	915	13.4628099173554	DS60
WASP0034323	1111	21148	21487	8243	19.3402340234023	DS60
WASP0034325	569	13645	10471	2538	18.402460456942	DS60
WASP0034327	1740	39495	33504	9078	19.2551724137931	DS60
WASP0034328	383	10133	7386	1744	19.2845953002611	DS60
WASP0034330	771	21345	17747	5755	23.0181582360571	DS60
WASP0034332	929	26232	20327	4995	21.8805166846071	DS60
WASP0034333	1467	33820	30248	9520	20.6189502385821	DS60
WASP0034335	1515	33640	30062	9424	19.842904290429	DS60
WASP0034337	316	7197	5521	1708	17.4715189873418	DS60
WASP0034341	308	6598	5700	2023	18.5064935064935	DS60
WASP0034345	1069	24488	20397	6139	19.0804490177736	DS60
WASP0034346	702	15658	13595	4779	19.3660968660969	DS60
WASP0034350	2049	53946	45826	13875	22.365056124939	DS60
WASP0034352	228	5627	3805	1115	16.6885964912281	DS60
WASP0034354	893	24924	19501	5130	21.8376259798432	DS60
WASP0034355	526	10982	8279	2310	15.7395437262357	DS60
WASP0034356	773	15579	15576	5374	20.150064683053	DS60
WASP0034357	870	19039	17352	5745	19.9448275862069	DS60
WASP0034358	405	8166	7752	2688	19.1407407407407	DS60
WASP0034359	579	15051	11355	3049	19.6113989637306	DS60
WASP0034366	367	6721	5699	1873	15.5286103542234	DS60
WASP0034368	1270	38082	30275	8935	23.8385826771654	DS60
WASP0034369	769	19528	15941	4249	20.7295188556567	DS60
WASP0034373	1522	36184	34546	12210	22.6977660972405	DS60
WASP0034381	4952	161969	127275	34428	25.7017366720517	DS60
WASP0034383	1218	33763	27323	7978	22.4326765188834	DS60
WASP0034384	2821	65710	51357	13506	18.2052463665367	DS60
WASP0035001	279	6874	5347	1177	19.1648745519713	DS60
WASP0035002	643	14605	11558	2993	17.9751166407465	DS60
WASP0035004	2525	61281	49271	14718	19.5132673267327	DS60
WASP0035008	3933	92308	74550	21086	18.9549961861175	DS60
WASP0035009	864	19153	15214	4272	17.6087962962963	DS60
WASP0035011	662	14845	11685	3112	17.6510574018127	DS60
WASP0035012	441	12076	9145	1914	20.7369614512472	DS60
WASP0035014	1127	24434	19805	5935	17.5732031943212	DS60
WASP0035015	242	6022	4041	566	16.698347107438	DS60
WASP0035016	638	17762	11707	2666	18.3495297805643	DS60
WASP0035017	772	13075	12527	4146	16.2266839378238	DS60
WASP0035019	2245	54947	45814	12353	20.4071269487751	DS60
WASP0035021	739	19562	14011	3610	18.9594046008119	DS60
WASP0035022	1387	24066	22630	7556	16.3157894736842	DS60
WASP0035028	692	14534	12231	3451	17.6748554913295	DS60
WASP0035029	966	24471	18104	4503	18.7412008281574	DS60
WASP0035030	1542	32061	26729	8081	17.3339818417639	DS60
WASP0035031	584	15445	11505	2682	19.7003424657534	DS60
WASP0035032	849	15682	13846	4146	16.3085983510012	DS60
WASP0035033	1232	32994	25357	6362	20.5819805194805	DS60
WASP0035035	630	19714	13422	2953	21.3047619047619	DS60
WASP0035036	3061	66058	53140	16054	17.3603397582489	DS60
WASP0035037	518	16755	11322	2180	21.8571428571429	DS60
WASP0035038	608	13701	11305	2608	18.59375	DS60
WASP0035040	1781	40912	33772	10236	18.9623806850084	DS60
WASP0035041	1550	38095	28939	6528	18.6703225806452	DS60
WASP0035042	624	10473	8372	2539	13.4166666666667	DS60
WASP0035045	1545	22126	23061	8415	14.926213592233	DS60
WASP0035046	271	5657	4743	1102	17.5018450184502	DS60
WASP0035048	1315	28615	23232	7246	17.6669201520913	DS60
WASP0035049	1583	46582	34287	7523	21.6595072646873	DS60
WASP0035051	1428	36627	29056	7869	20.3473389355742	DS60
WASP0035057	592	14252	10883	2703	18.3834459459459	DS60
WASP0035058	1923	38608	32536	9711	16.919396775871	DS60
WASP0035059	678	17465	12270	3222	18.0973451327434	DS60
WASP0035060	496	13869	10167	2101	20.4979838709677	DS60
WASP0035064	672	14837	11996	3114	17.8511904761905	DS60
WASP0035066	852	21428	17727	4139	20.806338028169	DS60
WASP0035068	2800	65532	54503	16170	19.4653571428571	DS60
WASP0035070	2650	47376	44840	15327	16.9207547169811	DS60
WASP0035071	443	8742	7217	1972	16.2911963882619	DS60
WASP0035072	1741	34148	29736	9217	17.0798391728891	DS60
WASP0035073	2028	48472	39853	11177	19.6513806706114	DS60
WASP0035075	3309	80093	62148	17948	18.7815049864007	DS60
WASP0035076	1129	15992	15615	5713	13.8308237378211	DS60
WASP0035077	1592	33766	28498	8826	17.9007537688442	DS60
WASP0035078	306	5778	4606	1327	15.0522875816993	DS60
WASP0035084	1437	29883	24400	7281	16.9798190675017	DS60
WASP0035089	754	22109	16258	3260	21.5623342175066	DS60
WASP0035091	499	9777	7640	2548	15.310621242485	DS60
WASP0035093	520	10015	8216	2531	15.8	DS60
WASP0035095	852	16957	13814	4045	16.2136150234742	DS60
WASP0035098	653	15268	12591	3778	19.2817764165391	DS60
WASP0035099	892	18821	15706	4592	17.6076233183857	DS60
WASP0035102	2048	53063	40665	10306	19.85595703125	DS60
WASP0035103	803	22410	17199	3762	21.4184308841843	DS60
WASP0035104	395	11519	8349	1781	21.1367088607595	DS60
WASP0035105	425	9013	7074	1737	16.6447058823529	DS60
WASP0035106	519	14095	10622	2465	20.466281310212	DS60
WASP0035107	1011	18415	16957	5689	16.7725024727992	DS60
WASP0035112	483	8539	6931	2057	14.3498964803313	DS60
WASP0035113	522	12043	10007	2799	19.1704980842912	DS60
WASP0035114	276	6067	4431	1039	16.054347826087	DS60
WASP0035117	359	9996	6759	1486	18.8272980501393	DS60
WASP0035118	393	8689	7303	2089	18.5826972010178	DS60
WASP0035119	3421	72986	62848	19255	18.3712364805612	DS60
WASP0035121	994	12636	13462	5050	13.5432595573441	DS60
WASP0035122	1515	27412	24317	8505	16.0508250825083	DS60
WASP0035127	410	6200	5429	1411	13.2414634146341	DS60
WASP0035134	435	9735	6922	1904	15.9126436781609	DS60
WASP0035135	910	16533	14488	4599	15.9208791208791	DS60
WASP0035136	374	7980	6510	1595	17.4064171122995	DS60
WASP0035139	1441	28154	24598	7385	17.0700902151284	DS60
WASP0035140	299	8848	6131	1230	20.505016722408	DS60
WASP0035142	430	9474	7245	1888	16.8488372093023	DS60
WASP0035143	1420	33757	24906	6720	17.5394366197183	DS60
WASP0035144	426	9135	6830	1978	16.0328638497653	DS60
WASP0035145	1417	27971	23799	7231	16.7953422724065	DS60
WASP0035147	1017	33998	24001	5166	23.5998033431662	DS60
WASP0035148	1273	40179	28057	6246	22.0400628436764	DS60
WASP0035150	306	7115	5117	863	16.7222222222222	DS60
WASP0035151	2465	51237	43643	13369	17.7050709939148	DS60
WASP0035154	426	10222	8410	1762	19.7417840375587	DS60
WASP0035155	2543	56065	46460	13298	18.2697601258356	DS60
WASP0035160	1930	40837	32912	9490	17.0528497409326	DS60
WASP0035161	2857	54755	46479	14600	16.2684634231712	DS60
WASP0035165	869	23386	15528	4275	17.8688147295742	DS60
WASP0035166	1173	34383	24461	5747	20.8533674339301	DS60
WASP0035171	169	4412	2786	574	16.4852071005917	DS60
WASP0035172	766	19740	14313	3817	18.6853785900783	DS60
WASP0035173	1211	24315	20108	6612	16.6044591246903	DS60
WASP0035174	1560	40662	31843	8755	20.4121794871795	DS60
WASP0035176	1835	53655	39414	8870	21.4790190735695	DS60
WASP0035178	1189	27669	20839	6035	17.5264928511354	DS60
WASP0035179	110	1516	792	145	7.2	DS60
WASP0035180	696	19170	13468	3607	19.3505747126437	DS60
WASP0035181	1000	25683	19917	5129	19.917	DS60
WASP0035182	1363	32824	25313	7139	18.571533382245	DS60
WASP0035184	1047	25418	21097	5487	20.1499522445081	DS60
WASP0035185	132	3727	2439	416	18.4772727272727	DS60
WASP0035188	586	11961	9978	2817	17.0273037542662	DS60
WASP0035189	1900	54902	40778	8936	21.4621052631579	DS60
WASP0035190	1854	33790	29557	9323	15.9422869471413	DS60
WASP0035191	1636	33755	27776	7441	16.9779951100244	DS60
WASP0035192	656	19293	13653	2761	20.8125	DS60
WASP0035193	306	3869	4282	1766	13.9934640522876	DS60
WASP0035194	157	3276	2415	487	15.3821656050955	DS60
WASP0035195	2924	62279	51891	16631	17.7465800273598	DS60
WASP0035197	1568	37119	29698	8942	18.9400510204082	DS60
WASP0035198	1368	37110	27776	7127	20.3040935672515	DS60
WASP0035200	1522	72691	45231	5884	29.7181340341656	DS60
WASP0035202	2648	50000	45714	14721	17.2635951661631	DS60
WASP0035203	1214	21989	19324	5891	15.9176276771005	DS60
WASP0035207	822	14615	12519	3556	15.2299270072993	DS60
WASP0035208	1433	36760	26685	7316	18.6217725052338	DS60
WASP0035210	415	11291	8593	1741	20.7060240963855	DS60
WASP0035212	1428	34494	27325	7835	19.1351540616247	DS60
WASP0035215	2925	74337	57942	15632	19.8092307692308	DS60
WASP0035219	2459	51580	41910	12327	17.0435136234242	DS60
WASP0035220	243	6158	4593	926	18.9012345679012	DS60
WASP0035221	164	3577	2694	576	16.4268292682927	DS60
WASP0035222	1023	27990	20310	4618	19.8533724340176	DS60
WASP0035223	1695	43091	33553	9160	19.7952802359882	DS60
WASP0035226	2501	55889	47372	12783	18.9412235105958	DS60
WASP0035227	669	20221	14081	2419	21.0478325859492	DS60
WASP0035231	86	1600	1005	194	11.6860465116279	DS60
WASP0035232	1716	45405	33429	8779	19.4807692307692	DS60
WASP0035233	727	15932	12401	3547	17.0577716643741	DS60
WASP0035234	162	4833	2794	467	17.2469135802469	DS60
WASP0035236	971	22670	17922	4799	18.4572605561277	DS60
WASP0035238	941	20181	16564	4593	17.6025504782147	DS60
WASP0035239	651	15409	12101	3181	18.5883256528418	DS60
WASP0035240	355	10374	7047	1463	19.8507042253521	DS60
WASP0035242	2700	46456	42836	14485	15.8651851851852	DS60
WASP0035245	893	30299	20220	3805	22.6427771556551	DS60
WASP0035246	1150	21845	18680	6157	16.2434782608696	DS60
WASP0035247	977	20270	16523	4863	16.9119754350051	DS60
WASP0035249	1141	34931	25547	6032	22.3900087642419	DS60
WASP0035250	682	20456	14136	3032	20.7272727272727	DS60
WASP0035251	782	21512	15774	3309	20.1713554987212	DS60
WASP0035252	323	9444	6429	1401	19.9040247678019	DS60
WASP0035253	555	13718	10349	2908	18.6468468468468	DS60
WASP0035255	1978	47613	38042	9923	19.2325581395349	DS60
WASP0035256	663	17155	12865	3099	19.4042232277526	DS60
WASP0035259	413	13235	9799	1863	23.726392251816	DS60
WASP0035261	349	9174	5956	1345	17.0659025787966	DS60
WASP0035262	1059	21962	18852	5666	17.8016997167139	DS60
WASP0035264	872	18298	15998	4743	18.3463302752294	DS60
WASP0035267	425	10258	7078	1603	16.6541176470588	DS60
WASP0035270	663	15878	12347	3429	18.6229260935143	DS60
WASP0035271	1094	20094	17394	5906	15.8994515539305	DS60
WASP0035274	717	14062	11838	3955	16.510460251046	DS60
WASP0035275	353	5023	4996	1910	14.1529745042493	DS60
WASP0035276	809	23088	16742	4001	20.6946847960445	DS60
WASP0035278	1018	25408	19594	4865	19.2475442043222	DS60
WASP0035282	781	21311	14823	3241	18.9795134443022	DS60
WASP0035283	899	25296	18143	4422	20.1813125695217	DS60
WASP0035287	1481	32570	25967	7538	17.5334233625928	DS60
WASP0035288	1054	27745	20977	4752	19.9022770398482	DS60
WASP0035290	354	7098	5563	1668	15.7146892655367	DS60
WASP0035291	387	13960	9182	1327	23.7260981912145	DS60
WASP0035292	1009	22136	18475	5075	18.3102081268583	DS60
WASP0035293	491	11887	8704	2108	17.7270875763747	DS60
WASP0035294	810	17327	14367	4095	17.737037037037	DS60
WASP0035296	359	7028	5471	1310	15.2395543175487	DS60
WASP0035297	2185	55134	46406	12753	21.2384439359268	DS60
WASP0035298	471	8246	7307	2160	15.5138004246285	DS60
WASP0035300	525	10583	8640	2411	16.4571428571429	DS60
WASP0035301	967	28661	20394	4853	21.0899689762151	DS60
WASP0035302	260	5635	4092	841	15.7384615384615	DS60
WASP0035305	853	25551	18247	3996	21.3915592028136	DS60
WASP0035306	809	15852	13366	4149	16.5216316440049	DS60
WASP0035307	384	12411	8840	1415	23.0208333333333	DS60
WASP0035309	440	9657	7490	1777	17.0227272727273	DS60
WASP0035311	575	12370	9969	2717	17.3373913043478	DS60
WASP0035312	393	9240	6931	1604	17.6361323155216	DS60
WASP0035314	374	9197	6284	1770	16.8021390374332	DS60
WASP0035316	935	22923	18244	5194	19.5122994652406	DS60
WASP0035317	573	11124	9107	2846	15.8935427574171	DS60
WASP0035321	331	8233	6037	1280	18.2386706948641	DS60
WASP0035322	682	13766	11921	3634	17.4794721407625	DS60
WASP0035323	447	9915	7717	2026	17.2639821029083	DS60
WASP0035326	934	30744	20541	3879	21.9925053533191	DS60
WASP0035327	632	18795	13053	2093	20.6534810126582	DS60
WASP0035328	996	21421	17541	5249	17.6114457831325	DS60
WASP0035329	1888	40194	33040	9953	17.5	DS60
WASP0035330	569	16669	11345	2092	19.9384885764499	DS60
WASP0035331	1596	29297	26378	8463	16.5275689223058	DS60
WASP0035334	679	21646	14912	3140	21.9617083946981	DS60
WASP0035335	1652	54294	37193	7394	22.5139225181598	DS60
WASP0035336	2253	52589	38977	10293	17.3000443852641	DS60
WASP0035338	851	25419	18611	3745	21.8695652173913	DS60
WASP0035341	572	13490	10381	2735	18.1486013986014	DS60
WASP0035342	709	15793	11317	2985	15.9619181946403	DS60
WASP0035343	1581	30676	27428	8616	17.348513598988	DS60
WASP0035344	428	9802	7288	1614	17.0280373831776	DS60
WASP0035346	706	18904	13653	3021	19.3385269121813	DS60
WASP0035347	1187	31667	23588	6143	19.8719460825611	DS60
WASP0035348	428	9249	6575	1627	15.3621495327103	DS60
WASP0035349	1309	32485	24454	6455	18.681436210848	DS60
WASP0035350	727	19168	14156	3149	19.4718019257221	DS60
WASP0035351	313	8825	5421	1255	17.3194888178914	DS60
WASP0035352	1468	41050	30659	6891	20.8848773841962	DS60
WASP0035353	1549	38480	30380	7770	19.6126533247256	DS60
WASP0035354	819	19066	14620	3991	17.8510378510379	DS60
WASP0035356	594	16141	11550	2334	19.4444444444444	DS60
WASP0035357	490	6567	6955	2467	14.1938775510204	DS60
WASP0035358	420	9140	6385	1756	15.202380952381	DS60
WASP0035359	422	6629	6006	1872	14.2322274881517	DS60
WASP0035360	656	11997	10381	3273	15.8246951219512	DS60
WASP0035361	109	1851	1026	107	9.41284403669725	DS60
WASP0035363	792	24671	17441	3409	22.0214646464646	DS60
WASP0035366	484	11165	8259	1787	17.0640495867769	DS60
WASP0035369	753	14006	11968	3957	15.8937583001328	DS60
WASP0035370	2011	36271	32974	10698	16.3968175037295	DS60
WASP0035371	3596	77862	62616	18244	17.412680756396	DS60
WASP0035372	528	14871	10375	2282	19.6496212121212	DS60
WASP0035373	1055	29274	21182	5218	20.0777251184834	DS60
WASP0035375	795	19211	14887	3310	18.725786163522	DS60
WASP0035376	2023	52323	39114	10593	19.3346515076619	DS60
WASP0035377	956	20674	16536	4552	17.2970711297071	DS60
WASP0035380	1200	20081	18347	6192	15.2891666666667	DS60
WASP0035381	831	21340	16792	4455	20.2069795427196	DS60
WASP0035382	828	17252	14007	4093	16.9166666666667	DS60
WASP0035383	1074	31128	21799	4654	20.2970204841713	DS60
WASP0036001	240	4142	3329	1100	13.8708333333333	DS60
WASP0036002	1171	19939	16238	4300	13.866780529462	DS60
WASP0036004	935	13489	13477	5049	14.4139037433155	DS60
WASP0036005	1475	19505	21992	8006	14.9098305084746	DS60
WASP0036006	673	10115	8792	3147	13.0638930163447	DS60
WASP0036007	920	15200	13636	4615	14.8217391304348	DS60
WASP0036008	2035	33566	30309	10721	14.8938574938575	DS60
WASP0036011	634	10027	8960	2793	14.1324921135647	DS60
WASP0036012	639	9645	7777	2555	12.170579029734	DS60
WASP0036013	1361	22195	20036	6475	14.7215282880235	DS60
WASP0036014	1679	31294	26065	7994	15.5241215008934	DS60
WASP0036017	949	12842	13592	4981	14.3224446786091	DS60
WASP0036019	884	14399	13178	4543	14.9072398190045	DS60
WASP0036020	656	8375	8701	3333	13.2637195121951	DS60
WASP0036021	693	10403	9751	3275	14.0707070707071	DS60
WASP0036023	1129	21636	17836	4895	15.7980513728964	DS60
WASP0036024	488	7784	6580	2307	13.4836065573771	DS60
WASP0036025	1174	17321	17103	6547	14.5681431005111	DS60
WASP0036026	1555	24111	20047	5590	12.891961414791	DS60
WASP0036028	940	13084	13543	4994	14.4074468085106	DS60
WASP0036029	2099	32870	30826	10875	14.6860409718914	DS60
WASP0036031	697	11173	9396	3110	13.480631276901	DS60
WASP0036033	1248	20062	18532	6590	14.849358974359	DS60
WASP0036035	688	9533	9451	3414	13.7369186046512	DS60
WASP0036036	980	13832	14487	5076	14.7826530612245	DS60
WASP0036037	426	7257	5838	1792	13.7042253521127	DS60
WASP0036038	744	12042	10423	3046	14.0094086021505	DS60
WASP0036039	1435	22571	21181	7107	14.7602787456446	DS60
WASP0036040	1055	13752	15822	6037	14.9971563981043	DS60
WASP0036041	1633	28177	23552	6625	14.4225352112676	DS60
WASP0036042	420	5872	5687	2166	13.5404761904762	DS60
WASP0036043	1673	30054	24125	7085	14.4202032277346	DS60
WASP0036044	615	8728	8236	2862	13.3918699186992	DS60
WASP0036045	1407	20945	19491	6685	13.8528784648188	DS60
WASP0036046	269	3461	3644	1531	13.546468401487	DS60
WASP0036048	1167	19361	17826	6165	15.2750642673522	DS60
WASP0036049	1300	19377	19436	7472	14.9507692307692	DS60
WASP0036052	1720	32897	24087	7061	14.0040697674419	DS60
WASP0036053	1352	24824	20476	5749	15.1449704142012	DS60
WASP0036056	869	14275	12601	4574	14.5005753739931	DS60
WASP0036057	630	10545	9318	2977	14.7904761904762	DS60
WASP0036060	1094	15845	15525	5438	14.191042047532	DS60
WASP0036061	412	7046	5948	1704	14.4368932038835	DS60
WASP0036063	930	14305	13239	4550	14.2354838709677	DS60
WASP0036064	684	10613	9993	3479	14.609649122807	DS60
WASP0036066	1288	24896	21424	7146	16.6335403726708	DS60
WASP0036067	442	5443	5192	1836	11.7466063348416	DS60
WASP0036068	447	7176	5687	1876	12.7225950782998	DS60
WASP0036069	1319	16622	18013	6745	13.6565579984837	DS60
WASP0036071	984	14666	13959	4778	14.1859756097561	DS60
WASP0036072	610	7472	7730	2899	12.672131147541	DS60
WASP0036073	1732	26893	27913	10022	16.1160508083141	DS60
WASP0036074	1652	27708	23997	7589	14.5260290556901	DS60
WASP0036075	1100	20109	16867	5043	15.3336363636364	DS60
WASP0036076	1424	25808	19612	5896	13.7724719101124	DS60
WASP0036077	1457	21502	20653	7202	14.175017158545	DS60
WASP0036079	6174	114098	95090	30450	15.4016844833171	DS60
WASP0036080	1842	28417	24511	6860	13.3067318132465	DS60
WASP0036081	886	12551	13138	4681	14.8284424379233	DS60
WASP0036082	2308	37192	32865	10304	14.2396013864818	DS60
WASP0036083	1402	19392	18486	7520	13.1854493580599	DS60
WASP0036084	754	10855	10307	3923	13.6697612732095	DS60
WASP0036086	876	14656	12362	3782	14.1118721461187	DS60
WASP0036087	369	4960	4290	1506	11.6260162601626	DS60
WASP0036088	1875	30034	26960	9469	14.3786666666667	DS60
WASP0036089	2976	48630	42033	13120	14.1239919354839	DS60
WASP0036090	2356	36581	33602	11464	14.2623089983022	DS60
WASP0036091	1818	28627	26697	9558	14.6848184818482	DS60
WASP0036092	1262	15794	18026	6937	14.283676703645	DS60
WASP0036094	990	18038	14151	4435	14.2939393939394	DS60
WASP0036096	654	11756	10087	3169	15.4235474006116	DS60
WASP0036097	1707	26290	25527	8645	14.9543057996485	DS60
WASP0036099	632	8689	9520	3625	15.0632911392405	DS60
WASP0036101	237	1880	2182	903	9.20675105485232	DS60
WASP0036102	1537	27788	22496	6823	14.6363044892648	DS60
WASP0036104	1754	28522	24571	7770	14.0085518814139	DS60
WASP0036105	1440	24127	20184	5789	14.0166666666667	DS60
WASP0036106	850	12927	12965	4671	15.2529411764706	DS60
WASP0036107	479	6211	5659	2008	11.8141962421712	DS60
WASP0036108	1110	18051	16166	5460	14.563963963964	DS60
WASP0036112	1547	21500	22012	7855	14.2288299935359	DS60
WASP0036113	914	14505	13517	5161	14.7888402625821	DS60
WASP0036115	779	12657	11908	4415	15.2862644415918	DS60
WASP0036116	887	12955	12397	4385	13.9763246899662	DS60
WASP0036117	386	6282	5713	1849	14.800518134715	DS60
WASP0036118	1476	29534	22694	6808	15.3753387533875	DS60
WASP0036119	1089	15659	15636	5829	14.3581267217631	DS60
WASP0036120	1072	14754	13888	4591	12.955223880597	DS60
WASP0036121	1929	33337	27982	8699	14.5059616381545	DS60
WASP0036123	358	4055	4483	1695	12.5223463687151	DS60
WASP0036124	528	7912	7529	2708	14.2594696969697	DS60
WASP0036125	943	15833	12890	4540	13.6691410392365	DS60
WASP0036126	853	16395	12025	2791	14.0973036342321	DS60
WASP0036128	1291	23870	18969	5725	14.6932610379551	DS60
WASP0036129	1186	19323	16293	4733	13.7377740303541	DS60
WASP0036130	656	11152	9334	3087	14.2286585365854	DS60
WASP0036133	301	5035	4357	1413	14.4750830564784	DS60
WASP0036135	2823	40948	39594	13632	14.0255047821467	DS60
WASP0036138	1887	40436	27703	6412	14.6809750927398	DS60
WASP0036139	3553	71466	54758	15529	15.4117647058824	DS60
WASP0036140	2467	43498	38997	13534	15.8074584515606	DS60
WASP0036142	988	16443	15055	5581	15.2378542510121	DS60
WASP0036143	1815	34998	28524	8758	15.7157024793388	DS60
WASP0036144	480	6628	6017	2216	12.5354166666667	DS60
WASP0036145	1181	14602	16282	6068	13.7866215071973	DS60
WASP0036147	1389	22521	20616	7011	14.8423326133909	DS60
WASP0036148	937	14539	13952	4830	14.8900747065101	DS60
WASP0036149	1986	31925	28073	9109	14.1354481369587	DS60
WASP0036150	211	3568	2731	880	12.9431279620853	DS60
WASP0036152	793	12539	10604	3614	13.3720050441362	DS60
WASP0036154	684	10774	9509	3199	13.9020467836257	DS60
WASP0036155	1304	13922	14448	4301	11.079754601227	DS60
WASP0036156	1557	24517	22056	7813	14.1657032755299	DS60
WASP0036159	961	16445	13572	4482	14.1227887617066	DS60
WASP0036161	557	7393	7084	2474	12.7181328545781	DS60
WASP0036162	677	9297	9034	3455	13.3441654357459	DS60
WASP0036163	2398	40540	34166	10470	14.2477064220184	DS60
WASP0036166	1584	29265	23807	6995	15.0296717171717	DS60
WASP0036167	752	15159	11214	3064	14.9122340425532	DS60
WASP0036170	1544	29421	22641	6721	14.6638601036269	DS60
WASP0036171	2279	39758	33682	10052	14.7792891619131	DS60
WASP0036173	1243	20825	18022	5889	14.4987932421561	DS60
WASP0036175	301	4293	3812	1223	12.6644518272425	DS60
WASP0036176	1345	24272	18880	5455	14.0371747211896	DS60
WASP0036177	531	7231	7834	3020	14.7532956685499	DS60
WASP0036178	310	5461	4299	1424	13.8677419354839	DS60
WASP0036179	1513	21480	20571	7987	13.5961665565102	DS60
WASP0036180	1463	21211	21079	7910	14.4080656185919	DS60
WASP0036181	699	9419	9944	3718	14.2260371959943	DS60
WASP0036183	710	9465	9594	3442	13.512676056338	DS60
WASP0036184	1353	22275	20378	7218	15.0613451589061	DS60
WASP0036190	760	10163	9454	3248	12.4394736842105	DS60
WASP0036191	1970	27548	27589	10012	14.0045685279188	DS60
WASP0036192	1026	15246	14379	4724	14.0146198830409	DS60
WASP0036194	1535	27149	23239	7298	15.1394136807818	DS60
WASP0036195	580	9790	8178	2532	14.1	DS60
WASP0036197	1013	16298	14609	5206	14.42152023692	DS60
WASP0036199	1728	29677	28611	10381	16.5572916666667	DS60
WASP0036200	3145	57500	42712	11698	13.5809220985692	DS60
WASP0036201	1231	19820	17120	5533	13.9073923639318	DS60
WASP0036202	2031	37090	31116	9666	15.3205317577548	DS60
WASP0036203	847	12727	11614	4359	13.7119244391972	DS60
WASP0036204	640	10539	8537	2788	13.3390625	DS60
WASP0036205	517	6215	6609	2332	12.7833655705996	DS60
WASP0036206	1157	19005	16024	4767	13.8496110630942	DS60
WASP0036207	195	2590	2029	602	10.4051282051282	DS60
WASP0036212	463	8146	6516	2076	14.07343412527	DS60
WASP0036213	952	17268	13398	4288	14.0735294117647	DS60
WASP0036214	1232	17544	17302	6061	14.0438311688312	DS60
WASP0036216	1476	27802	22706	7488	15.3834688346883	DS60
WASP0036217	1701	26225	24844	8936	14.6055261610817	DS60
WASP0036219	351	5487	4606	1326	13.1225071225071	DS60
WASP0036220	1643	21077	22466	8321	13.6737674984784	DS60
WASP0036221	405	6100	5199	1655	12.837037037037	DS60
WASP0036225	938	14516	13246	4772	14.1215351812367	DS60
WASP0036226	1344	17572	17820	6161	13.2589285714286	DS60
WASP0036227	470	6428	6773	2392	14.4106382978723	DS60
WASP0036229	1336	24987	19302	5520	14.4476047904192	DS60
WASP0036230	1353	20501	19589	7078	14.4781966001478	DS60
WASP0036231	642	11958	8973	2512	13.9766355140187	DS60
WASP0036232	1605	25794	23679	8319	14.7532710280374	DS60
WASP0036233	1733	28449	25774	8536	14.8724754760531	DS60
WASP0036234	786	12710	10995	3587	13.9885496183206	DS60
WASP0036236	1187	16103	16448	6126	13.8567818028644	DS60
WASP0036238	1144	17892	16062	5249	14.0402097902098	DS60
WASP0036239	896	10677	12403	4906	13.8426339285714	DS60
WASP0036240	535	6410	7553	3143	14.1177570093458	DS60
WASP0036241	385	7146	5511	1725	14.3142857142857	DS60
WASP0036242	1375	21633	18714	6378	13.6101818181818	DS60
WASP0036244	1898	35441	27198	7778	14.3298208640674	DS60
WASP0036245	1622	24912	22620	7907	13.9457459926017	DS60
WASP0036247	897	15426	12731	4272	14.1928651059086	DS60
WASP0036249	1578	28785	24965	8126	15.8206590621039	DS60
WASP0036250	909	14672	13486	4924	14.8360836083608	DS60
WASP0036251	1056	13829	16622	6356	15.7405303030303	DS60
WASP0036253	2204	38534	30500	7298	13.8384754990926	DS60
WASP0036256	572	8765	7490	2480	13.0944055944056	DS60
WASP0036257	1148	19523	16873	5404	14.6977351916376	DS60
WASP0036258	630	9667	8720	3205	13.8412698412698	DS60
WASP0036259	434	7021	6413	2237	14.7764976958525	DS60
WASP0036262	1389	25346	18687	4485	13.4535637149028	DS60
WASP0036264	1105	16922	15659	5423	14.1710407239819	DS60
WASP0036266	853	12567	10843	3518	12.7116060961313	DS60
WASP0036268	3107	48471	42713	13814	13.7473447055037	DS60
WASP0036271	1524	24370	22489	7862	14.75656167979	DS60
WASP0036272	1036	19801	14511	3871	14.0067567567568	DS60
WASP0036275	2567	46707	37698	11666	14.6856252434749	DS60
WASP0036279	709	11780	8799	2251	12.410437235543	DS60
WASP0036280	508	6703	6132	2186	12.0708661417323	DS60
WASP0036281	791	11084	11533	4493	14.5802781289507	DS60
WASP0036282	1352	20013	19154	6644	14.1671597633136	DS60
WASP0036283	582	7390	7819	3003	13.4347079037801	DS60
WASP0036284	669	9549	8360	2734	12.4962630792227	DS60
WASP0036286	873	12065	13115	4930	15.0229095074456	DS60
WASP0036288	1517	28290	22959	6797	15.134475939354	DS60
WASP0036290	406	5245	5726	2253	14.1034482758621	DS60
WASP0036291	3208	51409	43606	12877	13.5928927680798	DS60
WASP0036292	896	15561	13437	4563	14.9966517857143	DS60
WASP0036293	1222	20859	18270	6376	14.9509001636661	DS60
WASP0036294	923	12711	13422	4993	14.5417118093174	DS60
WASP0036295	622	9542	7937	2593	12.7604501607717	DS60
WASP0036296	438	6040	5704	1849	13.0228310502283	DS60
WASP0036297	788	10685	10716	3874	13.5989847715736	DS60
WASP0036298	422	7023	6203	1995	14.6990521327014	DS60
WASP0036299	1415	19059	17956	6291	12.6897526501767	DS60
WASP0036301	1032	14176	15555	6222	15.0726744186047	DS60
WASP0036302	1394	23223	18758	5872	13.4562410329986	DS60
WASP0036303	1008	18312	14032	4438	13.9206349206349	DS60
WASP0036304	363	5245	5199	1995	14.3223140495868	DS60
WASP0036306	886	15055	13169	4386	14.8634311512415	DS60
WASP0036307	910	13821	11998	3939	13.1846153846154	DS60
WASP0036310	1619	28969	23701	7428	14.6392835083385	DS60
WASP0036311	829	11525	10351	3251	12.4861278648975	DS60
WASP0036312	796	10600	9596	2853	12.0552763819095	DS60
WASP0036313	583	8232	8166	2878	14.0068610634648	DS60
WASP0036315	482	5974	5783	2375	11.9979253112033	DS60
WASP0036316	585	7429	8237	3252	14.0803418803419	DS60
WASP0036317	1978	30620	30439	11007	15.3887765419616	DS60
WASP0036320	981	14223	13032	4482	13.2844036697248	DS60
WASP0036322	496	8962	6936	2048	13.9838709677419	DS60
WASP0036323	1514	22783	21295	7299	14.0653896961691	DS60
WASP0036324	411	8640	5891	1393	14.3333333333333	DS60
WASP0036325	1679	31809	25211	6848	15.0154854079809	DS60
WASP0036326	1844	29105	25261	7953	13.6990238611714	DS60
WASP0036328	1599	29821	23990	7147	15.0031269543465	DS60
WASP0036329	648	9138	9217	3287	14.2237654320988	DS60
WASP0036330	431	8347	6381	1908	14.8051044083527	DS60
WASP0036331	574	7441	7936	3051	13.8257839721254	DS60
WASP0036332	303	4893	3798	1205	12.5346534653465	DS60
WASP0036334	1632	26252	24918	9013	15.2683823529412	DS60
WASP0036336	323	3244	2410	779	7.46130030959752	DS60
WASP0036338	1879	31190	27499	9505	14.6349121873337	DS60
WASP0036340	355	5817	5274	1930	14.856338028169	DS60
WASP0036341	1482	28833	22290	6385	15.0404858299595	DS60
WASP0036342	189	3041	2412	800	12.7619047619048	DS60
WASP0036343	571	8011	7762	3025	13.5936952714536	DS60
WASP0036349	416	6316	5419	2089	13.0264423076923	DS60
WASP0036350	206	2923	2572	852	12.4854368932039	DS60
WASP0036351	953	18637	13910	4061	14.5960125918153	DS60
WASP0036352	366	5872	5305	1817	14.4945355191257	DS60
WASP0036353	2263	35185	33737	11328	14.9080866106938	DS60
WASP0036354	946	15423	13140	4237	13.8900634249471	DS60
WASP0036356	731	9105	10610	4020	14.5143638850889	DS60
WASP0036357	934	13567	13035	4185	13.9561027837259	DS60
WASP0036358	2135	29670	31760	11319	14.8758782201405	DS60
WASP0036359	691	12222	10656	3408	15.4211287988423	DS60
WASP0036361	1232	14524	17598	6620	14.2840909090909	DS60
WASP0036362	831	13400	11512	3800	13.8531889290012	DS60
WASP0036363	915	18206	14706	5182	16.072131147541	DS60
WASP0036364	220	2651	2388	756	10.8545454545455	DS60
WASP0036365	960	14623	13160	4789	13.7083333333333	DS60
WASP0036366	2162	29436	28881	10054	13.3584643848289	DS60
WASP0036369	1152	25328	18008	4519	15.6319444444444	DS60
WASP0036370	2651	44122	37838	11385	14.2731044888721	DS60
WASP0036371	1023	14867	15214	5601	14.871945259042	DS60
WASP0036373	1703	26402	22667	7131	13.3100411039342	DS60
WASP0036374	1538	26041	22795	7325	14.8211963589077	DS60
WASP0036376	511	8593	7145	2283	13.9823874755382	DS60
WASP0036378	990	16772	13555	3700	13.6919191919192	DS60
WASP0036381	1819	25636	25888	9160	14.2319956019791	DS60
WASP0036383	1267	18784	17630	6054	13.9147592738753	DS60
WASP0037001	7392	223875	165701	36410	22.4162608225108	DS60
WASP0037002	6072	187439	131236	31320	21.6133069828722	DS60
WASP0037004	1888	58118	39809	9355	21.0852754237288	DS60
WASP0037006	1396	31645	25710	6709	18.4169054441261	DS60
WASP0037007	1280	40888	28700	5916	22.421875	DS60
WASP0037009	2551	66876	53544	12309	20.9894159153273	DS60
WASP0037012	1495	36036	27294	7300	18.256856187291	DS60
WASP0037013	489	10238	7191	1795	14.7055214723926	DS60
WASP0037014	276	5303	3549	611	12.8586956521739	DS60
WASP0037015	1922	44960	36579	9781	19.031737773153	DS60
WASP0037018	534	11273	9439	1686	17.6760299625468	DS60
WASP0037019	1445	32229	25423	6816	17.5937716262976	DS60
WASP0037022	972	20681	15930	4170	16.3888888888889	DS60
WASP0037024	512	11395	7634	1617	14.91015625	DS60
WASP0037025	1506	40050	30504	7378	20.2549800796813	DS60
WASP0037027	481	13871	8590	1814	17.8586278586279	DS60
WASP0037028	1503	34018	27517	6496	18.3080505655356	DS60
WASP0037030	1648	48889	39992	7003	24.2669902912621	DS60
WASP0037033	2501	47700	42982	13664	17.1859256297481	DS60
WASP0037034	2602	44982	40800	14160	15.6802459646426	DS60
WASP0037035	1725	41960	35970	8338	20.8521739130435	DS60
WASP0037036	363	7994	5529	1051	15.2314049586777	DS60
WASP0037037	2608	64473	50647	14529	19.4198619631902	DS60
WASP0037039	329	5988	4084	1187	12.4133738601824	DS60
WASP0037040	1154	30751	22547	4413	19.5381282495667	DS60
WASP0037041	2296	58804	43481	11228	18.9377177700348	DS60
WASP0037042	907	19995	16832	3772	18.5578831312018	DS60
WASP0037044	681	14437	11551	2355	16.9618208516887	DS60
WASP0037045	1893	54280	45911	7006	24.2530375066033	DS60
WASP0037046	1577	38866	31038	6803	19.6816740646798	DS60
WASP0037049	1628	46195	36091	6958	22.1689189189189	DS60
WASP0037053	689	16460	12669	2868	18.3875181422351	DS60
WASP0037057	2167	56951	47544	10287	21.9400092293493	DS60
WASP0037060	1865	47934	39403	8440	21.1276139410188	DS60
WASP0037061	1497	36295	28580	6962	19.0915163660655	DS60
WASP0037064	2176	62207	45871	10468	21.0804227941177	DS60
WASP0037065	1636	36554	28106	7738	17.179706601467	DS60
WASP0037066	5499	199363	126560	29630	23.0150936533915	DS60
WASP0037067	1819	34343	30137	9073	16.5678944474986	DS60
WASP0037068	1210	31099	22584	5443	18.6644628099174	DS60
WASP0037069	972	23143	20930	3346	21.5329218106996	DS60
WASP0037070	4622	111147	93948	23327	20.3262656858503	DS60
WASP0037071	2622	81425	57992	10843	22.1174675819985	DS60
WASP0037072	837	21034	16884	3008	20.1720430107527	DS60
WASP0037073	1764	29634	27740	9750	15.7256235827664	DS60
WASP0037074	715	15992	13454	2385	18.8167832167832	DS60
WASP0037080	1669	43435	36998	5915	22.1677651288197	DS60
WASP0037082	2808	93839	66450	12649	23.6645299145299	DS60
WASP0037083	696	14635	10903	2852	15.6652298850575	DS60
WASP0037087	1361	32159	28749	5210	21.1234386480529	DS60
WASP0037089	1940	72474	49298	7819	25.4113402061856	DS60
WASP0037091	1367	37211	28182	5389	20.6159473299195	DS60
WASP0037095	1052	27300	19729	3747	18.7538022813688	DS60
WASP0037097	726	17345	12892	3044	17.7575757575758	DS60
WASP0037099	3271	101498	82685	14123	25.2782023845919	DS60
WASP0037102	1398	30857	25870	7219	18.5050071530758	DS60
WASP0037103	4600	139539	103218	22256	22.4386956521739	DS60
WASP0037108	1091	29185	24335	4760	22.3052245646196	DS60
WASP0037109	1547	57985	38867	6821	25.1241111829347	DS60
WASP0037110	7044	175211	149779	35245	21.2633446905168	DS60
WASP0037112	543	12141	9490	2093	17.4769797421731	DS60
WASP0037113	2979	97484	70168	13867	23.554212823095	DS60
WASP0037117	869	18064	13372	3912	15.3878020713464	DS60
WASP0037120	618	14265	12457	1999	20.1569579288026	DS60
WASP0037121	299	6019	3597	852	12.0301003344482	DS60
WASP0037122	2640	71390	55824	12577	21.1454545454545	DS60
WASP0037123	1527	35319	28361	6890	18.5730189914866	DS60
WASP0037124	4454	152060	104069	23755	23.3652896273013	DS60
WASP0037125	941	17669	15118	4336	16.0658873538789	DS60
WASP0037132	1027	22021	17124	4996	16.6738072054528	DS60
WASP0037134	880	22819	18683	3390	21.2306818181818	DS60
WASP0037136	5916	138794	112996	29285	19.1000676132522	DS60
WASP0037141	2588	81133	64044	13536	24.7465224111283	DS60
WASP0037145	755	14856	12008	3418	15.9046357615894	DS60
WASP0037146	2269	41414	36760	11189	16.2009695901278	DS60
WASP0037148	1133	30264	23570	4798	20.8031774051192	DS60
WASP0037150	1318	33704	26129	5595	19.8247344461305	DS60
WASP0037152	599	16265	12498	2132	20.864774624374	DS60
WASP0037153	3548	91207	70715	16308	19.9309470124014	DS60
WASP0037154	746	17255	13587	3220	18.2131367292225	DS60
WASP0037155	835	18847	14663	3713	17.5604790419162	DS60
WASP0037156	1077	23788	20274	4681	18.8245125348189	DS60
WASP0037158	2427	61418	52832	9853	21.7684384013185	DS60
WASP0037159	1407	36910	31875	5096	22.6545842217484	DS60
WASP0037160	4911	146375	105808	23603	21.5451028303808	DS60
WASP0037161	1287	28443	23784	5743	18.4801864801865	DS60
WASP0037162	809	20511	13881	3407	17.1582200247219	DS60
WASP0037164	1387	41785	29620	6298	21.3554434030281	DS60
WASP0037165	786	18710	13508	3201	17.1857506361323	DS60
WASP0037166	1249	27653	22464	4749	17.9855884707766	DS60
WASP0037168	1212	32820	25692	5690	21.1980198019802	DS60
WASP0037169	700	12921	10267	3056	14.6671428571429	DS60
WASP0037170	1289	18909	17273	6333	13.400310318076	DS60
WASP0037172	1106	26978	22523	5409	20.3643761301989	DS60
WASP0037173	1379	36985	28078	5655	20.3611312545323	DS60
WASP0037174	1426	33788	27067	5336	18.9810659186536	DS60
WASP0037175	797	18515	15072	3576	18.9109159347553	DS60
WASP0037176	1309	31297	24935	5251	19.0488922841864	DS60
WASP0037177	974	26300	18297	4204	18.7854209445585	DS60
WASP0037178	3010	81054	59665	16390	19.8222591362126	DS60
WASP0037181	1697	48224	36621	7925	21.5798467884502	DS60
WASP0037182	2373	55640	46396	11638	19.5516224188791	DS60
WASP0037183	1416	43423	30440	5220	21.4971751412429	DS60
WASP0037184	955	28377	19885	4172	20.8219895287958	DS60
WASP0037186	1199	30851	23971	4698	19.9924937447873	DS60
WASP0037187	812	19387	15123	3384	18.6243842364532	DS60
WASP0037189	2707	63050	54884	11914	20.2748429996306	DS60
WASP0037190	4350	120913	90650	19685	20.8390804597701	DS60
WASP0037191	206	3225	1761	443	8.54854368932039	DS60
WASP0037192	5103	131842	119213	23216	23.3613560650598	DS60
WASP0037195	226	3843	2559	500	11.3230088495575	DS60
WASP0037197	4330	149693	99679	20413	23.0205542725173	DS60
WASP0037200	813	18677	17495	2704	21.5190651906519	DS60
WASP0037206	551	14562	10321	2331	18.7313974591652	DS60
WASP0037210	185	3964	2631	551	14.2216216216216	DS60
WASP0037212	995	29090	20858	4671	20.9628140703518	DS60
WASP0037213	441	9726	6687	1350	15.1632653061224	DS60
WASP0037214	2028	56020	40522	9656	19.9812623274162	DS60
WASP0037217	1070	27380	21042	4808	19.6654205607477	DS60
WASP0037218	1084	32756	22476	5240	20.7343173431734	DS60
WASP0037219	1694	48488	39197	6602	23.1387249114522	DS60
WASP0037224	2956	58704	53210	11195	18.0006765899865	DS60
WASP0037225	1923	57088	42948	9180	22.3338533541342	DS60
WASP0037232	2035	63847	49997	10114	24.5685503685504	DS60
WASP0037233	1178	28754	20764	5770	17.6264855687606	DS60
WASP0037234	1545	38108	32214	6697	20.8504854368932	DS60
WASP0037235	1549	37012	30609	6043	19.760490639122	DS60
WASP0037238	1095	28693	22499	4723	20.5470319634703	DS60
WASP0037239	2936	58207	55460	12765	18.8896457765668	DS60
WASP0037240	1712	42518	32040	7936	18.714953271028	DS60
WASP0037242	1199	30349	24922	4968	20.7856547122602	DS60
WASP0037243	497	10143	7750	1633	15.5935613682093	DS60
WASP0037244	1498	39630	33591	7603	22.4238985313752	DS60
WASP0037246	986	24514	19059	4397	19.3296146044625	DS60
WASP0037248	1319	29300	23745	6447	18.0022744503412	DS60
WASP0037249	993	38977	26028	4535	26.2114803625378	DS60
WASP0037250	595	16688	12109	2441	20.3512605042017	DS60
WASP0037252	1351	41616	29137	6594	21.5669874167284	DS60
WASP0037253	4128	98731	79548	20784	19.2703488372093	DS60
WASP0037260	349	7926	5142	1246	14.7335243553009	DS60
WASP0037261	624	14627	12088	2595	19.3717948717949	DS60
WASP0037263	1589	38281	30914	7846	19.4550031466331	DS60
WASP0037266	2004	39115	34404	10178	17.1676646706587	DS60
WASP0037267	783	19517	14225	2868	18.1673052362708	DS60
WASP0037268	281	5559	3794	838	13.5017793594306	DS60
WASP0037270	981	21532	16292	4012	16.6075433231397	DS60
WASP0037271	1983	52769	38339	9235	19.333837619768	DS60
WASP0037273	814	31548	18941	2773	23.2690417690418	DS60
WASP0037275	713	17099	13590	3096	19.0603085553997	DS60
WASP0037276	3768	112832	80946	18478	21.4824840764331	DS60
WASP0037278	1177	29993	23553	5213	20.0110450297366	DS60
WASP0037280	7691	245823	171541	37712	22.3041217006891	DS60
WASP0037282	1770	49201	36750	8165	20.7627118644068	DS60
WASP0037283	434	9946	6611	1579	15.2327188940092	DS60
WASP0037285	855	34160	21555	3295	25.2105263157895	DS60
WASP0037286	1751	44396	34228	8705	19.5476870359794	DS60
WASP0037287	2661	82685	60707	13066	22.8136039083052	DS60
WASP0037288	1891	47893	38280	8236	20.2432575356954	DS60
WASP0037290	1171	27589	23009	5459	19.6490179333903	DS60
WASP0037292	815	20561	16890	4055	20.7239263803681	DS60
WASP0037295	359	5787	4122	1015	11.4818941504178	DS60
WASP0037297	412	9582	7432	1185	18.0388349514563	DS60
WASP0037298	585	14526	9561	2131	16.3435897435897	DS60
WASP0037299	1008	23446	19051	4412	18.8998015873016	DS60
WASP0037300	532	13616	10470	2097	19.6804511278196	DS60
WASP0037303	1201	31462	24407	4954	20.3222314737719	DS60
WASP0037305	4509	106817	85046	22706	18.8613883344422	DS60
WASP0037306	1253	35846	27378	5920	21.8499600957702	DS60
WASP0037308	563	14134	10224	2413	18.1598579040853	DS60
WASP0037309	490	8785	6994	1919	14.2734693877551	DS60
WASP0037310	679	15088	13571	2599	19.9867452135493	DS60
WASP0037311	294	5670	3412	885	11.6054421768707	DS60
WASP0037312	3450	104342	82056	14821	23.784347826087	DS60
WASP0037314	2026	44673	36491	10836	18.0113524185587	DS60
WASP0037316	1468	33743	25400	6976	17.3024523160763	DS60
WASP0037318	1760	45766	35477	8472	20.1573863636364	DS60
WASP0037320	897	26522	18911	3596	21.082497212932	DS60
WASP0037323	1753	34631	30566	9178	17.436394751854	DS60
WASP0037326	1145	30798	23043	5324	20.1248908296943	DS60
WASP0037329	3044	72694	60052	16068	19.7279894875164	DS60
WASP0037331	2621	78251	58431	11745	22.2933994658527	DS60
WASP0037332	599	12099	9668	2845	16.1402337228715	DS60
WASP0037333	1949	55052	47254	6803	24.2452539763982	DS60
WASP0037335	703	16118	11829	2832	16.8264580369844	DS60
WASP0037338	1232	32985	24682	5671	20.0340909090909	DS60
WASP0037339	1605	37529	30116	7610	18.7638629283489	DS60
WASP0037342	2088	59347	41083	9874	19.6757662835249	DS60
WASP0037343	1426	30151	25809	6628	18.0988779803647	DS60
WASP0037345	1877	50928	40583	7095	21.6212040490144	DS60
WASP0037346	1422	33366	25595	6480	17.9992967651196	DS60
WASP0037347	2520	100011	64148	11915	25.4555555555556	DS60
WASP0037350	2158	64438	49669	10117	23.016218721038	DS60
WASP0037351	2053	54163	39777	8846	19.3750608865076	DS60
WASP0037352	985	17485	14711	4345	14.9350253807107	DS60
WASP0037353	1373	29157	23261	5801	16.9417334304443	DS60
WASP0037354	1052	32284	21843	3793	20.7633079847909	DS60
WASP0037357	2798	77413	58871	12196	21.0403859899929	DS60
WASP0037358	702	13357	10508	3008	14.968660968661	DS60
WASP0037359	1246	29012	22239	6575	17.8483146067416	DS60
WASP0037361	1128	24840	19979	3923	17.7118794326241	DS60
WASP0037362	787	15814	13017	3700	16.5400254129606	DS60
WASP0037363	2265	85694	59661	10449	26.3403973509934	DS60
WASP0037365	5731	181796	133091	29816	23.222997731635	DS60
WASP0037369	1110	25519	18845	4430	16.9774774774775	DS60
WASP0037370	502	10554	7700	1524	15.3386454183267	DS60
WASP0037371	1029	21573	17037	3755	16.5568513119534	DS60
WASP0037372	484	10097	7283	1320	15.047520661157	DS60
WASP0037374	1731	49308	38377	7958	22.1704217215482	DS60
WASP0037376	1282	28554	22210	5670	17.3244929797192	DS60
WASP0037377	2533	59604	47296	12410	18.6719305171733	DS60
WASP0037378	1669	34222	30570	8300	18.3163571000599	DS60
WASP0037380	1699	42298	34720	7823	20.4355503237198	DS60
WASP0037381	1374	47060	29064	6263	21.1528384279476	DS60
WASP0037383	3349	87495	72660	15892	21.6960286652732	DS60
WASP0038004	213	5738	3289	661	15.4413145539906	DS60
WASP0038017	2913	148977	106719	21088	36.6354273944387	DS60
WASP0038019	1371	55914	38627	9612	28.1743253099927	DS60
WASP0038020	197	5383	3786	1028	19.2182741116751	DS60
WASP0038023	583	23683	18434	4486	31.6192109777015	DS60
WASP0038025	1071	38221	29141	7748	27.2091503267974	DS60
WASP0038030	700	29338	22759	4942	32.5128571428571	DS60
WASP0038033	137	1708	1883	834	13.7445255474453	DS60
WASP0038036	1258	58575	38304	8224	30.4483306836248	DS60
WASP0038042	1593	79506	56068	10890	35.1964846202134	DS60
WASP0038043	258	8118	5851	1443	22.6782945736434	DS60
WASP0038044	1973	67158	50465	13655	25.5778003041054	DS60
WASP0038046	349	10104	7897	2192	22.6275071633238	DS60
WASP0038053	686	25800	18952	4526	27.6268221574344	DS60
WASP0038069	1085	43127	33735	7007	31.0921658986175	DS60
WASP0038073	1228	40049	34604	9546	28.1791530944625	DS60
WASP0038078	1487	63423	46367	11214	31.1815736381977	DS60
WASP0038079	430	12434	9396	2687	21.8511627906977	DS60
WASP0038080	920	39029	27781	6249	30.1967391304348	DS60
WASP0038081	2197	90989	73364	17458	33.3928083750569	DS60
WASP0038092	1000	35360	26722	7546	26.722	DS60
WASP0038096	158	4187	2634	547	16.6708860759494	DS60
WASP0038098	168	4380	2435	514	14.4940476190476	DS60
WASP0038105	1032	50685	36355	6622	35.2277131782946	DS60
WASP0038109	3108	139992	100587	24815	32.3638996138996	DS60
WASP0038111	281	9769	5667	1099	20.1672597864769	DS60
WASP0038117	839	34080	24149	5920	28.7830750893921	DS60
WASP0038118	713	34176	22356	5314	31.3548387096774	DS60
WASP0038125	441	18072	13582	2802	30.7981859410431	DS60
WASP0038129	2849	128609	96989	22497	34.043173043173	DS60
WASP0038143	1097	43733	31885	8317	29.0656335460346	DS60
WASP0038144	1425	54394	39591	10565	27.7831578947368	DS60
WASP0038145	690	22184	17010	4972	24.6521739130435	DS60
WASP0038151	2307	120774	78929	17558	34.2128305158214	DS60
WASP0038152	496	17743	11838	2885	23.866935483871	DS60
WASP0038155	357	12176	8342	1982	23.3669467787115	DS60
WASP0038160	2230	110718	73800	16436	33.0941704035874	DS60
WASP0038161	382	15762	10921	2349	28.5890052356021	DS60
WASP0038164	174	5938	3213	568	18.4655172413793	DS60
WASP0038174	1002	34890	28709	7108	28.6516966067864	DS60
WASP0038182	1572	75185	49090	11356	31.2277353689567	DS60
WASP0038194	740	35124	23003	4609	31.0851351351351	DS60
WASP0038196	604	23520	18262	4748	30.2350993377483	DS60
WASP0038200	182	5236	4148	970	22.7912087912088	DS60
WASP0038203	1539	71456	50041	10898	32.5152696556205	DS60
WASP0038204	1157	43350	33088	8121	28.5980985306828	DS60
WASP0038205	353	9289	6786	2099	19.2237960339943	DS60
WASP0038211	719	48644	29420	5065	40.9179415855355	DS60
WASP0038220	79	1318	554	82	7.0126582278481	DS60
WASP0038224	1123	69939	41910	7983	37.319679430098	DS60
WASP0038228	81	1275	90	32	1.11111111111111	DS60
WASP0038232	1338	62876	47972	10614	35.8535127055306	DS60
WASP0038236	170	4876	3120	610	18.3529411764706	DS60
WASP0038238	345	10359	7213	1937	20.9072463768116	DS60
WASP0038240	199	7149	4549	846	22.8592964824121	DS60
WASP0038241	1821	104873	67165	13753	36.883580450302	DS60
WASP0038246	242	7321	5620	1409	23.2231404958678	DS60
WASP0038256	3244	104498	86164	26449	26.5610357583231	DS60
WASP0038258	1029	54140	35282	6539	34.287657920311	DS60
WASP0038259	1017	50838	36815	8595	36.1996066863324	DS60
WASP0038268	499	20366	14796	2921	29.6513026052104	DS60
WASP0038272	430	15472	12086	2844	28.106976744186	DS60
WASP0038273	303	12294	7793	1351	25.7194719471947	DS60
WASP0038275	2116	92915	66723	15909	31.5326086956522	DS60
WASP0038276	237	7073	5478	1358	23.1139240506329	DS60
WASP0038281	720	27583	18005	4543	25.0069444444444	DS60
WASP0038287	177	5662	3524	765	19.909604519774	DS60
WASP0038292	980	33107	28858	8135	29.4469387755102	DS60
WASP0038293	2043	88018	59474	14623	29.1111111111111	DS60
WASP0038294	745	30998	20936	5149	28.1020134228188	DS60
WASP0038296	1012	41389	31064	7289	30.695652173913	DS60
WASP0038297	177	5441	2722	437	15.3785310734463	DS60
WASP0038298	304	11468	7341	1639	24.1480263157895	DS60
WASP0038304	229	8337	4874	1192	21.2838427947598	DS60
WASP0038305	1859	123507	76528	14060	41.1662183969876	DS60
WASP0038313	222	7501	4891	1017	22.0315315315315	DS60
WASP0038317	1147	60240	36414	7435	31.7471665213601	DS60
WASP0038321	747	26559	20839	5482	27.896921017403	DS60
WASP0038324	572	22930	16021	3700	28.0087412587413	DS60
WASP0038327	1850	51974	41091	11559	22.2113513513514	DS60
WASP0038329	2428	132346	85904	18070	35.3805601317957	DS60
WASP0038331	441	11488	9455	3004	21.4399092970522	DS60
WASP0038332	539	18573	15129	3912	28.0686456400742	DS60
WASP0038334	792	25344	19330	5685	24.4065656565657	DS60
WASP0038335	1649	60797	43569	11183	26.4214675560946	DS60
WASP0038336	312	7714	5307	1317	17.0096153846154	DS60
WASP0038338	547	20268	14876	3650	27.1956124314442	DS60
WASP0038346	237	6843	3406	795	14.3713080168776	DS60
WASP0038348	512	18124	15532	3681	30.3359375	DS60
WASP0038350	1011	50193	35778	7526	35.3887240356083	DS60
WASP0038351	386	11196	8097	1897	20.9766839378238	DS60
WASP0038354	976	32164	25397	6704	26.0215163934426	DS60
WASP0038358	567	23423	17193	3701	30.3227513227513	DS60
WASP0038364	129	2408	1169	215	9.06201550387597	DS60
WASP0038369	4983	207160	149728	37262	30.0477623921333	DS60
WASP0038372	1403	65186	48017	10357	34.2245188880969	DS60
WASP0038374	482	21710	15003	3279	31.1265560165975	DS60
WASP0038375	242	9248	5480	1011	22.6446280991736	DS60
WASP0038376	636	24642	16681	4165	26.2279874213837	DS60
WASP0038378	1188	57627	39844	9223	33.5387205387205	DS60
WASP0038381	235	6749	4495	1045	19.1276595744681	DS60
WASP0039004	221	5208	3452	891	15.6199095022624	DS60
WASP0039014	251	6366	4298	1158	17.1235059760956	DS60
WASP0039021	2117	67260	46773	13379	22.0940009447331	DS60
WASP0039032	1148	38459	27549	7815	23.9973867595819	DS60
WASP0039037	982	46405	26891	6122	27.3839103869654	DS60
WASP0039039	1086	46968	29554	6005	27.2136279926335	DS60
WASP0039040	914	25348	18282	6035	20.0021881838074	DS60
WASP0039046	472	12880	8356	2531	17.7033898305085	DS60
WASP0039048	724	33888	20252	4064	27.9723756906077	DS60
WASP0039050	1634	56569	40202	11065	24.6034271725826	DS60
WASP0039051	220	4512	2555	767	11.6136363636364	DS60
WASP0039052	433	10727	7423	2199	17.1431870669746	DS60
WASP0039055	2840	100457	68026	18969	23.9528169014085	DS60
WASP0039056	538	19663	13147	3000	24.4368029739777	DS60
WASP0039061	903	27242	18839	5376	20.8626799557032	DS60
WASP0039068	1907	53265	40679	12615	21.3314105925538	DS60
WASP0039069	1862	59641	45848	11485	24.6229860365199	DS60
WASP0039073	1097	34497	26249	7927	23.9279854147676	DS60
WASP0039076	191	4889	3256	913	17.0471204188482	DS60
WASP0039078	160	3411	1919	427	11.99375	DS60
WASP0039082	213	4136	2644	777	12.4131455399061	DS60
WASP0039085	2062	42447	38121	14303	18.4873908826382	DS60
WASP0039086	1038	38354	27491	6775	26.4845857418112	DS60
WASP0039089	342	8086	5947	1735	17.3888888888889	DS60
WASP0039090	176	3859	2048	511	11.6363636363636	DS60
WASP0039091	228	3876	2496	601	10.9473684210526	DS60
WASP0039093	390	11352	8014	2145	20.548717948718	DS60
WASP0039095	235	5540	3325	762	14.1489361702128	DS60
WASP0039100	483	19243	12732	3011	26.360248447205	DS60
WASP0039102	2498	117641	81788	18498	32.7413931144916	DS60
WASP0039108	1486	44918	35022	10531	23.5679676985195	DS60
WASP0039110	539	17792	11788	2767	21.8701298701299	DS60
WASP0039111	256	4538	2631	805	10.27734375	DS60
WASP0039112	1927	85126	53524	11550	27.7758173326414	DS60
WASP0039114	288	7113	4529	1228	15.7256944444444	DS60
WASP0039116	221	6044	3336	782	15.0950226244344	DS60
WASP0039117	1953	67705	45938	12480	23.5217613927291	DS60
WASP0039118	728	27427	18819	5053	25.8502747252747	DS60
WASP0039120	1372	50747	34902	8193	25.4387755102041	DS60
WASP0039121	1321	43593	30483	7777	23.0757002271007	DS60
WASP0039125	147	3320	1838	408	12.5034013605442	DS60
WASP0039128	265	7748	5060	1205	19.0943396226415	DS60
WASP0039138	897	44336	26322	5092	29.3444816053512	DS60
WASP0039142	2076	86393	55350	13273	26.6618497109827	DS60
WASP0039145	421	13435	9034	2539	21.458432304038	DS60
WASP0039149	975	41181	28389	5905	29.1169230769231	DS60
WASP0039163	1439	56483	36995	9063	25.7088255733148	DS60
WASP0039170	690	24923	16119	3778	23.3608695652174	DS60
WASP0039171	499	11750	9538	2675	19.1142284569138	DS60
WASP0039186	251	5689	3177	790	12.6573705179283	DS60
WASP0039188	3122	116223	79854	22078	25.5778347213325	DS60
WASP0039189	1258	47117	31890	7532	25.3497615262321	DS60
WASP0039193	254	5841	4266	1394	16.7952755905512	DS60
WASP0039196	866	38844	23951	5102	27.6570438799076	DS60
WASP0039198	832	32993	21125	5347	25.390625	DS60
WASP0039200	821	25548	18920	4556	23.0450669914738	DS60
WASP0039208	527	19185	12589	3181	23.888045540797	DS60
WASP0039210	567	29379	17242	3025	30.4091710758377	DS60
WASP0039211	1112	42575	28973	7267	26.0548561151079	DS60
WASP0039215	1243	50002	33177	8647	26.691069991955	DS60
WASP0039217	102	2617	1151	263	11.2843137254902	DS60
WASP0039221	222	5773	3415	990	15.3828828828829	DS60
WASP0039223	381	12161	7120	2017	18.6876640419948	DS60
WASP0039224	1124	36326	27338	7272	24.3220640569395	DS60
WASP0039225	234	6188	4277	1067	18.2777777777778	DS60
WASP0039226	1848	73603	48513	12059	26.2516233766234	DS60
WASP0039229	624	27280	17461	3647	27.9823717948718	DS60
WASP0039231	885	30715	21603	5425	24.4101694915254	DS60
WASP0039232	3097	126109	83668	21726	27.0158217629965	DS60
WASP0039235	255	5884	3643	870	14.2862745098039	DS60
WASP0039236	489	13328	10285	3080	21.0327198364008	DS60
WASP0039238	144	3740	2457	564	17.0625	DS60
WASP0039240	566	20360	12910	3146	22.8091872791519	DS60
WASP0039243	732	19614	15032	4044	20.5355191256831	DS60
WASP0039245	1225	49055	32591	7469	26.6048979591837	DS60
WASP0039251	1819	80874	52790	12479	29.0214403518417	DS60
WASP0039253	1910	85031	54704	11327	28.6408376963351	DS60
WASP0039255	1532	32474	30065	10573	19.6246736292428	DS60
WASP0039257	3795	177768	110481	26179	29.1122529644269	DS60
WASP0039272	1767	69196	43112	10636	24.398415393322	DS60
WASP0039273	1645	91776	53841	9786	32.7300911854103	DS60
WASP0039278	2588	98489	66262	17201	25.6035548686244	DS60
WASP0039279	1056	35458	24911	6864	23.5899621212121	DS60
WASP0039280	627	14143	12479	4284	19.902711323764	DS60
WASP0039281	289	12196	6425	1455	22.2318339100346	DS60
WASP0039283	3017	115512	75837	19661	25.1365594961883	DS60
WASP0039287	1946	68614	47872	12871	24.6002055498458	DS60
WASP0039290	898	33708	22954	6277	25.5612472160356	DS60
WASP0039294	669	18588	14598	4586	21.8206278026906	DS60
WASP0039307	829	27769	17816	4649	21.4909529553679	DS60
WASP0039308	153	3188	1771	475	11.5751633986928	DS60
WASP0039314	161	3583	1850	466	11.4906832298137	DS60
WASP0039324	1301	51531	33950	8255	26.0953112990008	DS60
WASP0039330	1105	33262	23671	7627	21.4217194570136	DS60
WASP0039331	210	4309	2571	632	12.2428571428571	DS60
WASP0039338	202	3705	1930	450	9.55445544554455	DS60
WASP0039339	285	7325	4439	1163	15.5754385964912	DS60
WASP0039341	2714	108312	70950	18061	26.1422254974208	DS60
WASP0039344	194	4107	2449	573	12.6237113402062	DS60
WASP0039347	1976	71982	48580	13450	24.585020242915	DS60
WASP0039350	668	24289	15436	3624	23.1077844311377	DS60
WASP0039351	582	19226	12254	3244	21.0549828178694	DS60
WASP0039352	1457	58907	38085	9335	26.1393273850378	DS60
WASP0039353	1197	48063	29308	7206	24.484544695071	DS60
WASP0039354	992	39863	25079	5767	25.28125	DS60
WASP0039355	1951	60184	38562	10281	19.7652485904664	DS60
WASP0039357	335	8412	5465	1415	16.3134328358209	DS60
WASP0039364	149	2969	1642	459	11.0201342281879	DS60
WASP0039365	4340	139481	102731	31843	23.6707373271889	DS60
WASP0039367	2024	79107	52984	12590	26.1778656126482	DS60
WASP0039379	869	39440	24051	5260	27.6766398158803	DS60
WASP0039382	2652	84677	59967	17540	22.6119909502262	DS60
WASP0040004	1739	108388	82795	23550	47.6106958021852	DS60
WASP0040008	1323	69471	56300	16624	42.5547996976568	DS60
WASP0040009	359	19314	14096	3117	39.2646239554318	DS60
WASP0040014	916	41899	38427	10682	41.9508733624454	DS60
WASP0040015	170	5465	4182	1295	24.6	DS60
WASP0040017	694	40266	30578	7600	44.0605187319885	DS60
WASP0040030	789	44245	33015	8676	41.8441064638783	DS60
WASP0040031	270	9350	8578	2882	31.7703703703704	DS60
WASP0040034	417	14938	12842	4401	30.7961630695444	DS60
WASP0040042	1907	121805	93085	23594	48.8122705820661	DS60
WASP0040045	938	53343	41063	10548	43.7771855010661	DS60
WASP0040053	1442	83209	67137	17442	46.5582524271845	DS60
WASP0040054	339	20362	13245	2852	39.070796460177	DS60
WASP0040061	133	4206	2816	651	21.1729323308271	DS60
WASP0040062	1220	58447	48560	14464	39.8032786885246	DS60
WASP0040065	377	16116	12770	3907	33.8726790450928	DS60
WASP0040066	236	8618	6659	1765	28.2161016949153	DS60
WASP0040069	1537	111323	82862	16852	53.9115159401431	DS60
WASP0040074	2146	122542	97476	23655	45.4221808014912	DS60
WASP0040075	144	4659	3134	782	21.7638888888889	DS60
WASP0040077	658	43343	29877	6902	45.4057750759878	DS60
WASP0040083	1238	76916	58532	13843	47.2794830371567	DS60
WASP0040086	307	8076	9369	3774	30.5179153094463	DS60
WASP0040089	3011	175261	137674	35717	45.7236798405845	DS60
WASP0040095	124	3410	2148	417	17.3225806451613	DS60
WASP0040108	703	38687	31024	8076	44.1308677098151	DS60
WASP0040109	241	10363	8427	2461	34.9668049792531	DS60
WASP0040111	480	23487	19481	6029	40.5854166666667	DS60
WASP0040113	1367	89516	66389	16430	48.5654718361375	DS60
WASP0040117	309	12564	10103	2995	32.6957928802589	DS60
WASP0040125	754	42520	33642	9411	44.6180371352785	DS60
WASP0040135	196	6379	5257	1656	26.8214285714286	DS60
WASP0040139	977	58191	46631	12436	47.7287615148414	DS60
WASP0040161	479	28252	18831	4198	39.3131524008351	DS60
WASP0040169	275	9962	8858	3014	32.2109090909091	DS60
WASP0040172	200	5834	4032	948	20.16	DS60
WASP0040173	2431	161336	116603	31092	47.965034965035	DS60
WASP0040174	195	6749	5069	1664	25.9948717948718	DS60
WASP0040175	150	7037	4346	975	28.9733333333333	DS60
WASP0040183	1644	95419	72834	19469	44.3029197080292	DS60
WASP0040187	197	8458	7123	1888	36.1573604060914	DS60
WASP0040188	1511	79574	67129	19691	44.4268696227664	DS60
WASP0040189	162	4107	2996	876	18.4938271604938	DS60
WASP0040190	200	6751	5760	1515	28.8	DS60
WASP0040201	142	4974	3611	1033	25.4295774647887	DS60
WASP0040206	645	35106	28244	7405	43.7891472868217	DS60
WASP0040208	160	5487	3873	1017	24.20625	DS60
WASP0040212	138	6456	4382	1005	31.7536231884058	DS60
WASP0040213	140	7727	4270	1031	30.5	DS60
WASP0040215	1121	60261	49335	14498	44.0098126672614	DS60
WASP0040216	151	4462	3423	923	22.6688741721854	DS60
WASP0040218	78	2085	1475	403	18.9102564102564	DS60
WASP0040220	183	9760	6846	1191	37.4098360655738	DS60
WASP0040222	2185	141740	101210	26748	46.3203661327231	DS60
WASP0040227	2126	84600	77383	25795	36.398400752587	DS60
WASP0040229	450	17746	13824	4658	30.72	DS60
WASP0040232	1088	74260	53300	13959	48.9889705882353	DS60
WASP0040234	280	15320	10643	2730	38.0107142857143	DS60
WASP0040235	145	4109	2558	697	17.6413793103448	DS60
WASP0040252	188	10730	7306	1491	38.8617021276596	DS60
WASP0040257	472	31233	22681	5838	48.0529661016949	DS60
WASP0040258	207	7900	6409	1948	30.9613526570048	DS60
WASP0040260	614	36342	26416	6838	43.0228013029316	DS60
WASP0040261	140	5448	4255	1134	30.3928571428571	DS60
WASP0040271	123	5241	4147	1055	33.7154471544716	DS60
WASP0040273	153	4773	3771	930	24.6470588235294	DS60
WASP0040274	1361	63564	55367	17178	40.6811168258633	DS60
WASP0040297	1258	87845	61905	14928	49.2090620031797	DS60
WASP0040298	484	26100	19140	5401	39.5454545454546	DS60
WASP0040311	226	9532	7014	1711	31.0353982300885	DS60
WASP0040316	221	7612	7098	2335	32.1176470588235	DS60
WASP0040321	149	3912	2778	654	18.6442953020134	DS60
WASP0040328	201	8813	5795	1583	28.8308457711443	DS60
WASP0040329	241	9605	7655	2425	31.7634854771784	DS60
WASP0040333	247	10395	9410	2864	38.0971659919028	DS60
WASP0040337	171	6754	3606	1002	21.0877192982456	DS60
WASP0040339	513	26461	20427	5711	39.8187134502924	DS60
WASP0040356	1026	76493	55174	12077	53.775828460039	DS60
WASP0040359	812	50609	39191	9887	48.2647783251232	DS60
WASP0040368	230	7701	5277	1477	22.9434782608696	DS60
WASP0040379	188	8393	5708	1429	30.3617021276596	DS60
WASP0041002	1513	20210	21358	7104	14.1163251817581	DS60
WASP0041003	168	2465	1531	424	9.11309523809524	DS60
WASP0041004	1147	16424	15915	5252	13.8753269398431	DS60
WASP0041009	1439	38623	28844	6000	20.0444753300903	DS60
WASP0041013	588	8360	6345	2000	10.7908163265306	DS60
WASP0041016	2339	64715	45222	11095	19.3339033775118	DS60
WASP0041017	1719	41154	30428	7325	17.7009889470622	DS60
WASP0041018	313	6533	4291	978	13.7092651757189	DS60
WASP0041023	1214	16835	16409	5135	13.5164744645799	DS60
WASP0041025	82	948	112	37	1.36585365853659	DS60
WASP0041027	258	4020	2775	757	10.7558139534884	DS60
WASP0041028	336	4078	3172	951	9.44047619047619	DS60
WASP0041031	443	8825	6515	1567	14.706546275395	DS60
WASP0041032	3328	76490	61686	17235	18.5354567307692	DS60
WASP0041034	526	6410	5774	1846	10.9771863117871	DS60
WASP0041036	643	8789	8294	2482	12.8989113530327	DS60
WASP0041039	1456	21489	20731	6062	14.2383241758242	DS60
WASP0041040	261	3640	2455	588	9.40613026819923	DS60
WASP0041041	2531	64038	47572	11631	18.7957329118925	DS60
WASP0041042	2986	69277	54932	12851	18.3965170797053	DS60
WASP0041044	2689	51620	40234	11196	14.9624395686129	DS60
WASP0041045	2940	67752	51880	12619	17.6462585034014	DS60
WASP0041046	625	9584	7758	2331	12.4128	DS60
WASP0041049	268	4261	2535	561	9.4589552238806	DS60
WASP0041050	257	4290	2414	655	9.39299610894942	DS60
WASP0041052	136	2198	929	158	6.83088235294118	DS60
WASP0041053	312	4676	3013	853	9.65705128205128	DS60
WASP0041055	205	3993	2231	366	10.8829268292683	DS60
WASP0041059	1152	21428	17226	4576	14.953125	DS60
WASP0041064	689	9297	8947	2794	12.9854862119013	DS60
WASP0041065	590	7081	5825	1921	9.8728813559322	DS60
WASP0041067	590	7990	6066	1812	10.2813559322034	DS60
WASP0041068	930	18142	16274	3661	17.4989247311828	DS60
WASP0041069	667	8916	8315	2484	12.4662668665667	DS60
WASP0041070	1237	28433	23321	6110	18.8528698464026	DS60
WASP0041072	171	3204	2191	372	12.812865497076	DS60
WASP0041074	727	18594	13323	2599	18.3259972489684	DS60
WASP0041075	479	6817	5661	1737	11.8183716075157	DS60
WASP0041076	560	6543	5588	1748	9.97857142857143	DS60
WASP0041077	1860	47514	35511	9399	19.091935483871	DS60
WASP0041078	369	6535	4511	1073	12.2249322493225	DS60
WASP0041080	165	2486	1563	340	9.47272727272727	DS60
WASP0041081	168	2770	1582	302	9.41666666666667	DS60
WASP0041085	405	9840	6112	1458	15.0913580246914	DS60
WASP0041088	468	8656	6872	1907	14.6837606837607	DS60
WASP0041090	628	12950	9832	2559	15.656050955414	DS60
WASP0041091	307	5424	3052	701	9.9413680781759	DS60
WASP0041092	787	12149	10344	3304	13.143583227446	DS60
WASP0041094	5263	121261	98196	25659	18.657799733992	DS60
WASP0041095	1318	40554	30199	4918	22.912746585736	DS60
WASP0041096	327	6170	4203	1012	12.8532110091743	DS60
WASP0041097	157	3255	1968	325	12.5350318471338	DS60
WASP0041098	3154	83974	56105	13613	17.788522511097	DS60
WASP0041099	245	4379	2976	601	12.1469387755102	DS60
WASP0041101	797	8799	8211	2706	10.3023839397742	DS60
WASP0041103	2277	28688	32722	10773	14.3706631532719	DS60
WASP0041110	716	11454	9475	2718	13.2332402234637	DS60
WASP0041112	1658	45360	32484	6867	19.5922798552473	DS60
WASP0041117	206	3489	2483	623	12.0533980582524	DS60
WASP0041118	271	4760	3329	830	12.2841328413284	DS60
WASP0041120	714	16742	12067	2270	16.9005602240896	DS60
WASP0041121	617	8170	6951	2182	11.2658022690438	DS60
WASP0041122	793	17171	12959	3221	16.3417402269861	DS60
WASP0041123	578	9596	7561	2080	13.0813148788927	DS60
WASP0041124	1320	28586	21038	6076	15.9378787878788	DS60
WASP0041128	4951	111283	85780	22589	17.3257927691375	DS60
WASP0041129	614	7295	6905	2216	11.2459283387622	DS60
WASP0041130	987	22998	18045	4494	18.2826747720365	DS60
WASP0041132	627	11459	9037	2805	14.4130781499203	DS60
WASP0041134	847	17152	13397	3840	15.8170011806375	DS60
WASP0041136	785	10054	9411	3059	11.9885350318471	DS60
WASP0041140	228	3637	2087	432	9.15350877192983	DS60
WASP0041141	259	4209	3385	1015	13.0694980694981	DS60
WASP0041143	1215	16594	17305	5397	14.2427983539095	DS60
WASP0041144	285	4661	2860	671	10.0350877192982	DS60
WASP0041145	1237	24301	20190	6307	16.3217461600647	DS60
WASP0041149	1548	37563	27013	6738	17.4502583979328	DS60
WASP0041152	1138	14779	14809	4899	13.0131810193322	DS60
WASP0041155	1285	27316	21987	5884	17.1105058365759	DS60
WASP0041158	3118	77448	55189	12980	17.7001282873637	DS60
WASP0041159	599	12343	9982	2080	16.6644407345576	DS60
WASP0041162	378	6358	4039	1076	10.6851851851852	DS60
WASP0041163	773	9867	9748	3224	12.6106080206986	DS60
WASP0041164	637	11850	9184	2171	14.4175824175824	DS60
WASP0041165	1096	28003	19959	5031	18.2107664233577	DS60
WASP0041166	2501	64935	47108	10437	18.8356657337065	DS60
WASP0041168	3781	98980	72895	17653	19.2792911928061	DS60
WASP0041169	1406	20519	19318	5817	13.7396870554765	DS60
WASP0041170	1510	36008	30518	6690	20.2105960264901	DS60
WASP0041171	1515	26938	23427	6201	15.4633663366337	DS60
WASP0041172	1295	19988	19551	5765	15.0972972972973	DS60
WASP0041174	199	3661	2119	388	10.6482412060301	DS60
WASP0041176	2712	42640	40725	12094	15.016592920354	DS60
WASP0041179	1922	37433	31126	9047	16.1945889698231	DS60
WASP0041180	2399	58812	41998	10245	17.5064610254273	DS60
WASP0041182	1974	24364	25556	8513	12.9463019250253	DS60
WASP0041184	253	5952	4114	801	16.2608695652174	DS60
WASP0041185	415	10779	7309	1535	17.6120481927711	DS60
WASP0041187	4150	96025	78997	22539	19.035421686747	DS60
WASP0041191	430	8213	5723	1179	13.3093023255814	DS60
WASP0041195	2697	67510	53322	13531	19.7708565072303	DS60
WASP0041197	518	6740	6562	2124	12.6679536679537	DS60
WASP0041198	618	10206	9656	2684	15.6245954692557	DS60
WASP0041199	224	4601	3440	745	15.3571428571429	DS60
WASP0041205	448	9195	6434	1615	14.3616071428571	DS60
WASP0041207	1576	32001	27336	6593	17.3451776649746	DS60
WASP0041208	377	8405	6961	1760	18.4641909814324	DS60
WASP0041210	685	8717	8479	2673	12.378102189781	DS60
WASP0041212	198	3939	2757	636	13.9242424242424	DS60
WASP0041214	718	18471	12196	2702	16.9860724233983	DS60
WASP0041216	659	20062	13061	2959	19.8194233687405	DS60
WASP0041218	2011	46864	36662	9544	18.2307309796121	DS60
WASP0041219	187	2674	1581	393	8.45454545454546	DS60
WASP0041221	1300	30609	23213	6502	17.8561538461538	DS60
WASP0041222	949	26135	20120	4699	21.2012644889357	DS60
WASP0041223	954	16723	14140	3906	14.8218029350105	DS60
WASP0041233	303	4268	3037	895	10.023102310231	DS60
WASP0041236	669	8881	9268	3012	13.8535127055306	DS60
WASP0041237	614	10742	9552	2329	15.557003257329	DS60
WASP0041238	1916	48889	35328	8903	18.4384133611691	DS60
WASP0041239	858	19741	16916	3893	19.7156177156177	DS60
WASP0041240	198	3541	2447	550	12.3585858585859	DS60
WASP0041241	195	2966	2020	511	10.3589743589744	DS60
WASP0041242	401	8540	6184	1316	15.4214463840399	DS60
WASP0041244	553	7101	6743	2081	12.1934900542495	DS60
WASP0041245	1460	31595	26294	7370	18.0095890410959	DS60
WASP0041246	3066	70041	57257	13619	18.6748206131768	DS60
WASP0041249	129	2849	1641	302	12.7209302325581	DS60
WASP0041250	774	11899	11237	3633	14.5180878552972	DS60
WASP0041255	1115	19152	17819	4789	15.9811659192825	DS60
WASP0041256	1964	49715	36456	8776	18.5621181262729	DS60
WASP0041257	246	7456	4014	706	16.3170731707317	DS60
WASP0041260	2048	39854	33495	9428	16.35498046875	DS60
WASP0041261	231	4693	3391	708	14.6796536796537	DS60
WASP0041263	305	6245	4117	944	13.4983606557377	DS60
WASP0041265	2411	59877	44360	10687	18.3990045624222	DS60
WASP0041266	1612	32894	26429	6889	16.3951612903226	DS60
WASP0041267	1500	38113	26806	6228	17.8706666666667	DS60
WASP0041268	906	20576	16182	4003	17.8609271523179	DS60
WASP0041273	1701	31800	28051	7134	16.4908877131099	DS60
WASP0041274	1154	17104	18059	5540	15.6490467937608	DS60
WASP0041275	1456	36754	27117	6355	18.6243131868132	DS60
WASP0041277	328	7184	4873	1102	14.8567073170732	DS60
WASP0041278	1119	13476	14914	4922	13.3279714030384	DS60
WASP0041281	665	15417	11450	3001	17.218045112782	DS60
WASP0041282	315	7950	5819	1350	18.4730158730159	DS60
WASP0041284	2623	43275	40864	12543	15.579107891727	DS60
WASP0041286	199	3786	2303	504	11.572864321608	DS60
WASP0041290	1223	27071	19938	5499	16.3025347506133	DS60
WASP0041291	888	18422	14827	3718	16.6970720720721	DS60
WASP0041293	680	14524	11412	2883	16.7823529411765	DS60
WASP0041299	906	14935	13054	4209	14.4083885209713	DS60
WASP0041300	512	10324	7848	2215	15.328125	DS60
WASP0041304	1911	28376	28826	9006	15.0842490842491	DS60
WASP0041305	1485	36787	25969	6371	17.4875420875421	DS60
WASP0041307	376	5742	4585	1255	12.1941489361702	DS60
WASP0041308	1610	29080	24315	7278	15.1024844720497	DS60
WASP0041310	728	16182	11618	2607	15.9587912087912	DS60
WASP0041312	3823	98591	70794	16472	18.5179178655506	DS60
WASP0041313	405	14220	8563	1513	21.1432098765432	DS60
WASP0041314	505	10851	7637	1908	15.1227722772277	DS60
WASP0041319	1011	12625	11897	3690	11.7675568743818	DS60
WASP0041321	2003	36743	32414	9446	16.1827259111333	DS60
WASP0041323	2229	54141	43033	10107	19.3059668012562	DS60
WASP0041325	1668	22399	22619	7112	13.560551558753	DS60
WASP0041326	466	10577	7364	1810	15.8025751072961	DS60
WASP0041331	523	6909	6399	2036	12.2351816443595	DS60
WASP0041332	3115	87244	64063	13988	20.5659711075441	DS60
WASP0041334	234	5110	3325	744	14.2094017094017	DS60
WASP0041335	759	16298	12517	2552	16.4914361001318	DS60
WASP0041337	1317	23218	22498	5370	17.0827638572513	DS60
WASP0041338	421	8544	5755	1284	13.6698337292162	DS60
WASP0041339	2924	66839	49916	13369	17.0711354309166	DS60
WASP0041340	1126	18485	15610	4481	13.8632326820604	DS60
WASP0041341	800	10043	9418	3119	11.7725	DS60
WASP0041344	434	7330	5503	1392	12.6797235023041	DS60
WASP0041346	1138	26341	20134	4884	17.6924428822496	DS60
WASP0041348	3024	61062	49109	13388	16.2397486772487	DS60
WASP0041352	372	6352	4285	902	11.5188172043011	DS60
WASP0041354	1041	14133	13088	3850	12.5725264169068	DS60
WASP0041355	2881	56343	43804	11212	15.2044429017702	DS60
WASP0041356	285	4786	3078	645	10.8	DS60
WASP0041357	2704	65357	47762	12071	17.6634615384615	DS60
WASP0041358	279	4857	3095	671	11.0931899641577	DS60
WASP0041359	673	13495	9479	2828	14.0846953937593	DS60
WASP0041360	793	11287	10348	3069	13.0491803278689	DS60
WASP0041362	2901	71711	49725	12699	17.1406411582213	DS60
WASP0041363	454	12688	8420	1684	18.5462555066079	DS60
WASP0041365	255	5262	3113	777	12.2078431372549	DS60
WASP0041366	618	12874	11560	2682	18.705501618123	DS60
WASP0041367	435	9540	6607	1460	15.1885057471264	DS60
WASP0041372	1025	12168	12316	4066	12.0156097560976	DS60
WASP0041376	2724	72822	51331	12805	18.8439794419971	DS60
WASP0041380	1509	43702	27785	5478	18.4128561961564	DS60
WASP0041381	392	8498	5907	1229	15.0688775510204	DS60
WASP0041384	2508	75328	48925	9078	19.5075757575758	DS60
WASP0042005	1436	18353	14354	3431	9.9958217270195	DS60
WASP0042008	1667	22814	18337	4374	11	DS60
WASP0042009	551	8673	5241	1224	9.51179673321234	DS60
WASP0042011	2916	61831	40039	8386	13.7307956104252	DS60
WASP0042016	1683	32859	22117	6031	13.1414141414141	DS60
WASP0042017	1286	22992	20337	4896	15.8141524105754	DS60
WASP0042018	1826	25686	21658	4983	11.8608981380066	DS60
WASP0042019	607	7807	4155	1070	6.84514003294893	DS60
WASP0042020	818	9774	6683	1736	8.16992665036675	DS60
WASP0042021	565	7497	4827	1191	8.54336283185841	DS60
WASP0042022	1690	39389	27016	5574	15.985798816568	DS60
WASP0042023	637	10674	6925	1408	10.8712715855573	DS60
WASP0042025	1720	32050	23673	5688	13.7633720930233	DS60
WASP0042026	639	8682	5261	1334	8.23317683881064	DS60
WASP0042029	2748	37679	31653	9570	11.5185589519651	DS60
WASP0042030	267	5306	3168	485	11.8651685393258	DS60
WASP0042032	495	8765	6076	1432	12.2747474747475	DS60
WASP0042033	5907	101056	82871	22698	14.0292872862705	DS60
WASP0042034	2984	52482	41028	11257	13.7493297587131	DS60
WASP0042035	879	16544	10530	2086	11.9795221843003	DS60
WASP0042036	535	7505	4897	1242	9.15327102803738	DS60
WASP0042038	6768	121641	94834	23023	14.0121158392435	DS60
WASP0042039	3156	58144	46176	12320	14.6311787072243	DS60
WASP0042040	290	4592	2298	413	7.92413793103448	DS60
WASP0042042	5054	87672	70270	18035	13.9038385437277	DS60
WASP0042043	526	9064	5225	1141	9.93346007604563	DS60
WASP0042044	406	5772	2818	630	6.94088669950739	DS60
WASP0042045	678	12897	9014	1606	13.2949852507375	DS60
WASP0042046	946	12839	9809	2385	10.3689217758985	DS60
WASP0042047	580	8644	5547	1319	9.56379310344828	DS60
WASP0042048	2924	63889	45264	10054	15.4801641586867	DS60
WASP0042053	833	14647	8853	1950	10.6278511404562	DS60
WASP0042056	316	5103	2114	505	6.68987341772152	DS60
WASP0042058	2991	54330	42536	8041	14.2213306586426	DS60
WASP0042062	3434	66919	51018	13301	14.8567268491555	DS60
WASP0042063	604	10070	6634	1418	10.9834437086093	DS60
WASP0042064	382	7052	3917	865	10.2539267015707	DS60
WASP0042067	1287	21633	14762	3346	11.4700854700855	DS60
WASP0042068	905	16150	12992	2735	14.3558011049724	DS60
WASP0042070	750	11384	6998	1568	9.33066666666667	DS60
WASP0042071	1464	23582	16305	3548	11.1372950819672	DS60
WASP0042072	262	4454	2220	417	8.47328244274809	DS60
WASP0042073	2675	46317	35833	8471	13.3955140186916	DS60
WASP0042074	1047	19339	14346	2623	13.702005730659	DS60
WASP0042075	1315	20723	15177	3196	11.5414448669202	DS60
WASP0042077	1090	21662	17125	4269	15.7110091743119	DS60
WASP0042079	1698	23353	18026	4293	10.6160188457008	DS60
WASP0042080	447	6639	3884	906	8.68903803131991	DS60
WASP0042084	411	6808	3068	736	7.4647201946472	DS60
WASP0042086	443	8393	4347	981	9.81264108352145	DS60
WASP0042089	690	14172	9836	1803	14.2550724637681	DS60
WASP0042091	646	13414	8127	1514	12.5804953560372	DS60
WASP0042092	3325	52919	42924	11525	12.9094736842105	DS60
WASP0042093	2631	66481	43397	8008	16.4944887875333	DS60
WASP0042094	4799	88758	68481	16431	14.269847884976	DS60
WASP0042096	564	9042	6140	1255	10.886524822695	DS60
WASP0042097	1225	16569	11347	3096	9.26285714285714	DS60
WASP0042099	2296	48953	37482	8328	16.3249128919861	DS60
WASP0042100	319	6842	4044	778	12.6771159874608	DS60
WASP0042101	388	5256	3120	730	8.04123711340206	DS60
WASP0042103	1387	28531	21156	4590	15.2530641672675	DS60
WASP0042104	2328	51127	39643	8090	17.0287800687285	DS60
WASP0042105	654	12253	9026	1859	13.8012232415902	DS60
WASP0042106	1202	21965	17729	4366	14.7495840266223	DS60
WASP0042107	812	10538	7955	1840	9.79679802955665	DS60
WASP0042110	2344	44864	32126	8643	13.7056313993174	DS60
WASP0042111	2489	45384	35005	9912	14.0638810767376	DS60
WASP0042112	2234	47213	36961	7640	16.5447627573859	DS60
WASP0042113	1899	31981	23850	5944	12.5592417061611	DS60
WASP0042114	660	8540	5585	1309	8.46212121212121	DS60
WASP0042115	3416	76675	54471	14057	15.9458430913349	DS60
WASP0042116	263	3457	1307	303	4.96958174904943	DS60
WASP0042117	856	17172	10950	2139	12.7920560747664	DS60
WASP0042119	3681	89411	60765	13321	16.5077424612877	DS60
WASP0042120	2191	28658	23872	5304	10.8954815152898	DS60
WASP0042121	1588	26614	19798	4750	12.4672544080605	DS60
WASP0042122	261	5171	3304	684	12.6590038314176	DS60
WASP0042123	2205	30835	25472	5462	11.5519274376417	DS60
WASP0042124	242	3731	1610	396	6.65289256198347	DS60
WASP0042125	4913	88378	71471	17694	14.547323427641	DS60
WASP0042128	5081	100818	76717	16000	15.0987994489274	DS60
WASP0042132	282	4982	2723	632	9.65602836879433	DS60
WASP0042133	402	6381	3287	777	8.17661691542289	DS60
WASP0042134	933	13803	9958	2548	10.6730975348339	DS60
WASP0042136	726	13541	9502	2161	13.0881542699725	DS60
WASP0042138	2819	67320	49198	10178	17.4522880454062	DS60
WASP0042139	1607	20918	17330	4266	10.784069695084	DS60
WASP0042140	950	21955	15301	3362	16.1063157894737	DS60
WASP0042141	451	8292	5848	1293	12.9667405764967	DS60
WASP0042142	2026	33390	26022	5620	12.8440276406713	DS60
WASP0042144	3270	41154	34339	8441	10.5012232415902	DS60
WASP0042146	1476	27514	22171	5200	15.0210027100271	DS60
WASP0042148	1717	23298	19751	4941	11.5032032615026	DS60
WASP0042149	1407	30897	24333	4560	17.2942430703625	DS60
WASP0042150	4088	77963	59057	15413	14.4464285714286	DS60
WASP0042151	6193	123174	88383	20099	14.2714354916842	DS60
WASP0042152	5752	115862	81834	19422	14.2270514603616	DS60
WASP0042153	1475	30760	21497	4667	14.5742372881356	DS60
WASP0042154	1083	17908	13513	3895	12.477377654663	DS60
WASP0042155	869	12133	8265	1864	9.51093210586881	DS60
WASP0042158	552	8771	5120	1111	9.27536231884058	DS60
WASP0042159	974	15352	9266	2114	9.51334702258727	DS60
WASP0042161	2512	45977	37329	9524	14.8602707006369	DS60
WASP0042162	1320	18089	13937	3231	10.5583333333333	DS60
WASP0042163	673	9817	5925	1601	8.80386329866271	DS60
WASP0042165	2586	32363	28014	6802	10.8329466357309	DS60
WASP0042166	2698	58105	39353	8380	14.5859896219422	DS60
WASP0042167	570	10231	5677	1261	9.95964912280702	DS60
WASP0042169	291	5142	2760	532	9.48453608247423	DS60
WASP0042172	4978	111628	82387	18394	16.550220972278	DS60
WASP0042174	1547	20623	16071	3843	10.3884938590821	DS60
WASP0042175	1104	20145	15608	3698	14.1376811594203	DS60
WASP0042176	2920	42894	33588	8238	11.5027397260274	DS60
WASP0042177	1202	20204	15648	4978	13.018302828619	DS60
WASP0042178	248	4447	2245	439	9.05241935483871	DS60
WASP0042179	4270	88820	64774	15683	15.1695550351288	DS60
WASP0042180	1096	14726	10213	2672	9.31843065693431	DS60
WASP0042181	1538	21968	17443	4017	11.3413524057217	DS60
WASP0042183	1618	36448	26135	5189	16.1526576019778	DS60
WASP0042184	436	8685	4892	992	11.2201834862385	DS60
WASP0042186	727	12357	7397	1659	10.1746905089409	DS60
WASP0042187	1490	36652	21053	3999	14.1295302013423	DS60
WASP0042189	850	12639	8011	2041	9.42470588235294	DS60
WASP0042192	2185	27929	25190	6021	11.5286041189931	DS60
WASP0042193	2463	45449	33596	9628	13.6402760860739	DS60
WASP0042194	1240	19829	15425	3335	12.4395161290323	DS60
WASP0042195	1336	18535	15700	3620	11.751497005988	DS60
WASP0042196	1500	23101	18491	4336	12.3273333333333	DS60
WASP0042197	723	12425	9342	2600	12.9211618257261	DS60
WASP0042198	539	12041	6992	1561	12.9721706864564	DS60
WASP0042199	810	12916	8486	2189	10.4765432098765	DS60
WASP0042200	351	6212	3829	725	10.9088319088319	DS60
WASP0042201	2026	26146	22699	5637	11.2038499506417	DS60
WASP0042202	492	7456	4225	998	8.58739837398374	DS60
WASP0042204	1493	20071	16352	4151	10.9524447421299	DS60
WASP0042206	385	5989	3665	885	9.51948051948052	DS60
WASP0042207	448	7141	4023	909	8.97991071428571	DS60
WASP0042208	278	5271	2854	662	10.2661870503597	DS60
WASP0042209	1231	20751	14012	3313	11.3826157595451	DS60
WASP0042210	428	7814	4737	878	11.0677570093458	DS60
WASP0042212	470	7775	4268	981	9.08085106382979	DS60
WASP0042216	3155	78965	53530	12078	16.9667194928685	DS60
WASP0042217	1042	12182	9245	2243	8.87236084452975	DS60
WASP0042219	3195	63941	47668	10997	14.9195618153365	DS60
WASP0042221	1143	14976	11177	2645	9.77865266841645	DS60
WASP0042222	5666	130604	90352	20517	15.9463466290152	DS60
WASP0042223	2825	40988	33977	8020	12.0272566371681	DS60
WASP0042224	636	10176	6512	1548	10.2389937106918	DS60
WASP0042226	445	7425	4675	1004	10.5056179775281	DS60
WASP0042227	555	9513	5556	1236	10.0108108108108	DS60
WASP0042229	4559	84215	67763	17767	14.8635665716166	DS60
WASP0042231	1472	19783	16412	4104	11.1494565217391	DS60
WASP0042232	556	9704	5279	1210	9.49460431654676	DS60
WASP0042233	884	10345	7665	1867	8.67081447963801	DS60
WASP0042235	3361	65028	51320	12632	15.2692650996727	DS60
WASP0042238	949	13317	9200	2238	9.69441517386723	DS60
WASP0042239	580	9232	5339	1214	9.2051724137931	DS60
WASP0042240	3801	71552	52458	13415	13.8011049723757	DS60
WASP0042241	163	3699	2010	330	12.3312883435583	DS60
WASP0042242	2093	34857	28940	6043	13.8270425226947	DS60
WASP0042244	895	15604	12494	3167	13.9597765363129	DS60
WASP0042245	1342	22936	18211	3013	13.570044709389	DS60
WASP0042246	3269	49102	40995	9311	12.5405322728663	DS60
WASP0042248	491	7512	4200	998	8.55397148676171	DS60
WASP0042249	1074	15622	12279	2926	11.4329608938548	DS60
WASP0042250	776	17943	10129	1901	13.0528350515464	DS60
WASP0042251	1744	25141	19772	4523	11.3371559633028	DS60
WASP0042252	398	6044	3100	782	7.78894472361809	DS60
WASP0042253	484	8092	4213	1078	8.70454545454546	DS60
WASP0042256	648	10246	5514	1379	8.50925925925926	DS60
WASP0042257	471	9217	5036	1203	10.692144373673	DS60
WASP0042259	1497	22268	19094	4449	12.7548430193721	DS60
WASP0042260	2515	52582	38702	8657	15.3884691848907	DS60
WASP0042261	718	8867	6123	1563	8.52785515320334	DS60
WASP0042262	6577	150406	106438	21150	16.1833662764178	DS60
WASP0042263	1097	12728	10680	2606	9.73564266180492	DS60
WASP0042264	485	7680	4806	1047	9.90927835051546	DS60
WASP0042265	1412	28871	19760	5183	13.9943342776204	DS60
WASP0042266	2273	42157	30570	6989	13.4491860976683	DS60
WASP0042267	2408	46957	34361	8803	14.2695182724252	DS60
WASP0042268	1233	24084	17095	3355	13.8645579886456	DS60
WASP0042270	1067	20015	14821	3100	13.8903467666354	DS60
WASP0042271	719	12546	8288	1665	11.5271210013908	DS60
WASP0042272	2135	25614	22190	5382	10.3934426229508	DS60
WASP0042274	1581	34693	23923	5445	15.1315623023403	DS60
WASP0042276	335	5349	3640	879	10.865671641791	DS60
WASP0042277	406	6606	3878	896	9.55172413793103	DS60
WASP0042278	2505	59326	42779	9365	17.0774451097804	DS60
WASP0042279	2531	40316	33931	7818	13.4061635717108	DS60
WASP0042280	226	4422	2617	475	11.5796460176991	DS60
WASP0042281	458	7309	3615	929	7.89301310043668	DS60
WASP0042282	205	3694	1725	444	8.41463414634146	DS60
WASP0042283	161	3056	1370	286	8.50931677018634	DS60
WASP0042286	2042	43539	30274	6791	14.8256611165524	DS60
WASP0042287	2295	37095	29004	6681	12.637908496732	DS60
WASP0042288	2852	67124	45771	9960	16.0487377279102	DS60
WASP0042290	895	11769	7491	1906	8.36983240223464	DS60
WASP0042291	3489	46886	43420	8941	12.444826597879	DS60
WASP0042292	369	6194	3565	779	9.66124661246612	DS60
WASP0042294	360	7207	4473	1006	12.425	DS60
WASP0042295	496	8378	4645	1021	9.36491935483871	DS60
WASP0042297	471	6925	4134	977	8.77707006369427	DS60
WASP0042298	298	4482	2296	615	7.70469798657718	DS60
WASP0042299	222	3437	1672	394	7.53153153153153	DS60
WASP0042300	541	8711	5298	1446	9.79297597042514	DS60
WASP0042301	439	7139	3481	806	7.92938496583144	DS60
WASP0042302	1687	21151	15758	4297	9.34084173088323	DS60
WASP0042303	523	7963	4493	1186	8.59082217973231	DS60
WASP0042307	5771	107070	85205	19783	14.7643389360596	DS60
WASP0042308	779	14070	8373	2070	10.7483953786906	DS60
WASP0042310	448	7498	4343	969	9.69419642857143	DS60
WASP0042311	1393	18698	13317	3276	9.55994256999282	DS60
WASP0042312	1149	21055	13824	2884	12.0313315926893	DS60
WASP0042313	584	10754	7962	1560	13.6335616438356	DS60
WASP0042314	264	4900	2421	591	9.17045454545454	DS60
WASP0042315	1892	29511	24071	7611	12.7225158562368	DS60
WASP0042318	502	9097	6409	1361	12.7669322709163	DS60
WASP0042319	721	12004	7989	1673	11.0804438280166	DS60
WASP0042322	2965	69510	49931	11258	16.8401349072513	DS60
WASP0042323	576	10846	7607	1458	13.2065972222222	DS60
WASP0042324	375	6348	3787	832	10.0986666666667	DS60
WASP0042325	1883	26253	23127	7241	12.2819968135953	DS60
WASP0042326	689	11677	8669	2215	12.5820029027576	DS60
WASP0042327	336	5616	3248	638	9.66666666666667	DS60
WASP0042328	1973	35160	24526	6983	12.430816016219	DS60
WASP0042330	5856	115565	88634	23761	15.135587431694	DS60
WASP0042331	2260	45536	38108	5083	16.8619469026549	DS60
WASP0042332	710	11919	7145	1581	10.0633802816901	DS60
WASP0042333	1499	22720	18368	4316	12.2535023348899	DS60
WASP0042335	3020	57626	43266	10119	14.3264900662252	DS60
WASP0042336	1411	17073	12885	2960	9.1318214032601	DS60
WASP0042337	1760	23905	17360	4284	9.86363636363636	DS60
WASP0042338	5586	114180	82301	20679	14.7334407447189	DS60
WASP0042339	1742	29088	21198	5740	12.1687715269805	DS60
WASP0042340	7582	147438	106924	27210	14.1023476655236	DS60
WASP0042341	298	5759	2817	556	9.45302013422819	DS60
WASP0042342	1226	15610	11737	2931	9.57340946166395	DS60
WASP0042344	2057	35987	27802	8101	13.5157997083131	DS60
WASP0042345	4328	87033	66385	14561	15.3384935304991	DS60
WASP0042346	568	7965	6658	1996	11.7218309859155	DS60
WASP0042347	2611	56782	40406	9823	15.4752968211413	DS60
WASP0042348	244	3840	2278	444	9.33606557377049	DS60
WASP0042350	871	14969	9656	2062	11.0861079219288	DS60
WASP0042351	3125	61024	44467	11631	14.22944	DS60
WASP0042352	2112	27476	19712	5068	9.33333333333333	DS60
WASP0042353	3227	75758	54197	11173	16.7948559033158	DS60
WASP0042356	618	12286	8656	1432	14.0064724919094	DS60
WASP0042358	1885	38396	28544	6360	15.1427055702918	DS60
WASP0042360	2068	26747	21995	5541	10.6358800773694	DS60
WASP0042364	2890	52015	38886	9070	13.4553633217993	DS60
WASP0042365	766	13546	7720	1780	10.0783289817232	DS60
WASP0042367	775	13924	9381	2067	12.1045161290323	DS60
WASP0042368	6002	127337	90249	20635	15.0364878373875	DS60
WASP0042369	3242	87961	57287	10063	17.6702652683529	DS60
WASP0042370	4312	103303	71546	14854	16.5923005565863	DS60
WASP0042371	1569	28429	23069	6058	14.7029955385596	DS60
WASP0042372	3747	64614	55420	12513	14.7904990659194	DS60
WASP0042373	877	17177	13138	2342	14.9806157354618	DS60
WASP0042375	2749	34290	30996	7315	11.2753728628592	DS60
WASP0042376	2546	57061	37635	9271	14.7820109976434	DS60
WASP0042379	555	10098	5976	1348	10.7675675675676	DS60
WASP0042384	342	6446	4046	705	11.8304093567251	DS60
WASP0043002	1024	22769	16510	4343	16.123046875	DS60
WASP0043004	1606	39639	28823	7211	17.9470734744707	DS60
WASP0043005	830	9361	9142	2632	11.0144578313253	DS60
WASP0043006	796	9876	9446	2610	11.8668341708543	DS60
WASP0043007	605	7675	6708	1972	11.0876033057851	DS60
WASP0043012	160	2019	942	188	5.8875	DS60
WASP0043015	273	4901	2725	473	9.98168498168498	DS60
WASP0043018	2762	57359	52690	14076	19.0767559739319	DS60
WASP0043020	1266	24757	18431	4624	14.5584518167457	DS60
WASP0043025	520	5913	5365	1623	10.3173076923077	DS60
WASP0043026	188	2143	1050	239	5.58510638297872	DS60
WASP0043027	1381	22404	19450	5867	14.0839971035482	DS60
WASP0043030	366	6941	5135	1014	14.0300546448087	DS60
WASP0043031	304	3686	2611	707	8.58881578947369	DS60
WASP0043035	164	1898	750	181	4.57317073170732	DS60
WASP0043037	1044	13026	11981	3549	11.4760536398467	DS60
WASP0043041	766	8982	8415	2431	10.9856396866841	DS60
WASP0043042	1759	42660	32774	7358	18.6321773735077	DS60
WASP0043045	356	6706	4096	833	11.5056179775281	DS60
WASP0043047	213	3802	2409	496	11.3098591549296	DS60
WASP0043050	1797	47126	33197	8256	18.4735670562048	DS60
WASP0043058	296	4190	2937	663	9.9222972972973	DS60
WASP0043061	782	9141	8097	2315	10.3542199488491	DS60
WASP0043065	970	17501	14374	4095	14.8185567010309	DS60
WASP0043067	1491	26624	21876	5218	14.672032193159	DS60
WASP0043068	2462	51336	42091	12561	17.0962632006499	DS60
WASP0043069	324	5716	4225	782	13.0401234567901	DS60
WASP0043071	283	3781	2264	571	8	DS60
WASP0043073	964	11569	11320	3374	11.7427385892116	DS60
WASP0043074	2739	72828	52524	11550	19.1763417305586	DS60
WASP0043077	353	8594	5306	852	15.0311614730878	DS60
WASP0043079	348	4528	2871	620	8.25	DS60
WASP0043082	1686	33421	28996	8461	17.1981020166074	DS60
WASP0043083	2740	51436	39794	11141	14.5233576642336	DS60
WASP0043084	2237	40981	35604	10578	15.9159588734913	DS60
WASP0043086	323	5050	3712	845	11.4922600619195	DS60
WASP0043088	690	15648	10979	3020	15.9115942028986	DS60
WASP0043089	1745	55792	36562	5506	20.952435530086	DS60
WASP0043090	593	9737	8413	1640	14.1871838111298	DS60
WASP0043091	632	9661	7667	2055	12.1313291139241	DS60
WASP0043092	327	3771	3018	893	9.22935779816514	DS60
WASP0043095	908	12504	10754	3003	11.8436123348018	DS60
WASP0043098	245	3895	2260	515	9.22448979591837	DS60
WASP0043099	2927	79790	55825	12849	19.072429108302	DS60
WASP0043100	392	6606	5250	1449	13.3928571428571	DS60
WASP0043103	1798	24862	24312	6902	13.5216907675195	DS60
WASP0043105	204	2945	1974	431	9.67647058823529	DS60
WASP0043107	607	9302	7505	2085	12.3640856672158	DS60
WASP0043111	268	4938	3055	673	11.3992537313433	DS60
WASP0043112	1171	14982	14235	4037	12.1562766865927	DS60
WASP0043113	650	11809	10318	2381	15.8738461538462	DS60
WASP0043115	1094	15668	14256	4134	13.0310786106033	DS60
WASP0043116	495	9985	7578	2057	15.3090909090909	DS60
WASP0043119	1753	45079	32185	7777	18.3599543639475	DS60
WASP0043120	371	6519	4567	1021	12.3099730458221	DS60
WASP0043121	1380	28971	21258	5554	15.404347826087	DS60
WASP0043123	161	2596	1463	292	9.08695652173913	DS60
WASP0043124	1757	33859	27935	8372	15.8992601024474	DS60
WASP0043125	145	2543	1289	251	8.88965517241379	DS60
WASP0043126	687	9004	8276	2387	12.0465793304221	DS60
WASP0043134	1204	20789	17503	5118	14.5373754152824	DS60
WASP0043137	738	12017	10070	3183	13.6449864498645	DS60
WASP0043141	317	5935	4751	1123	14.98738170347	DS60
WASP0043142	1211	17964	16256	4296	13.4236168455822	DS60
WASP0043143	1305	17334	16619	4539	12.7348659003831	DS60
WASP0043144	556	9648	7542	1754	13.5647482014389	DS60
WASP0043146	182	3433	2066	392	11.3516483516484	DS60
WASP0043148	206	3198	2251	557	10.9271844660194	DS60
WASP0043149	194	3122	2002	387	10.319587628866	DS60
WASP0043150	1159	13855	13834	3992	11.9361518550475	DS60
WASP0043156	975	12251	11442	3322	11.7353846153846	DS60
WASP0043158	1200	30547	20585	4612	17.1541666666667	DS60
WASP0043161	637	7477	6288	1722	9.8712715855573	DS60
WASP0043162	1110	28269	20852	4295	18.7855855855856	DS60
WASP0043163	288	3740	2415	504	8.38541666666667	DS60
WASP0043165	1630	22516	22305	6076	13.6840490797546	DS60
WASP0043167	4211	80914	65932	17684	15.657088577535	DS60
WASP0043169	298	4246	2734	651	9.1744966442953	DS60
WASP0043171	2940	62230	52841	12893	17.9731292517007	DS60
WASP0043173	1009	12286	11413	3296	11.3111992071358	DS60
WASP0043174	1022	12530	11377	3288	11.1320939334638	DS60
WASP0043178	1025	12431	11816	3372	11.5278048780488	DS60
WASP0043179	771	15974	12625	2609	16.3748378728923	DS60
WASP0043180	408	9079	6538	1403	16.0245098039216	DS60
WASP0043184	1391	16438	16586	5048	11.9237958303379	DS60
WASP0043185	1153	13770	14539	4467	12.6097137901127	DS60
WASP0043189	1146	13611	13615	3970	11.8804537521815	DS60
WASP0043190	2204	46392	34566	8400	15.6833030852995	DS60
WASP0043191	2452	58809	41979	10065	17.1203099510604	DS60
WASP0043192	1268	39867	27143	5198	21.4061514195584	DS60
WASP0043195	541	6659	6548	1928	12.1035120147874	DS60
WASP0043197	537	7144	6928	1999	12.901303538175	DS60
WASP0043199	765	9883	9816	2788	12.8313725490196	DS60
WASP0043201	836	21544	15274	3328	18.2703349282297	DS60
WASP0043204	235	5383	3537	824	15.0510638297872	DS60
WASP0043206	178	3037	1661	265	9.3314606741573	DS60
WASP0043207	893	21753	16092	3689	18.020156774916	DS60
WASP0043208	1072	13529	13142	3751	12.259328358209	DS60
WASP0043210	322	4232	3642	941	11.3105590062112	DS60
WASP0043216	1014	23337	18542	4462	18.2859960552268	DS60
WASP0043218	145	1593	837	221	5.77241379310345	DS60
WASP0043219	155	1801	1063	281	6.85806451612903	DS60
WASP0043220	385	9902	5625	1033	14.6103896103896	DS60
WASP0043225	1240	25581	21684	6118	17.4870967741936	DS60
WASP0043229	1513	34594	27012	7662	17.8532716457369	DS60
WASP0043230	1773	40684	30325	7037	17.1037789058094	DS60
WASP0043231	1401	23966	20308	4991	14.4953604568166	DS60
WASP0043233	314	6356	4538	1128	14.4522292993631	DS60
WASP0043235	222	2609	1917	465	8.63513513513514	DS60
WASP0043236	2036	43649	34813	8556	17.0987229862475	DS60
WASP0043237	509	6757	6244	1669	12.2671905697446	DS60
WASP0043238	829	12997	11141	3163	13.4390832328106	DS60
WASP0043240	169	3453	2080	390	12.3076923076923	DS60
WASP0043241	1362	32194	24455	6199	17.9552129221733	DS60
WASP0043242	718	10983	9185	2378	12.7924791086351	DS60
WASP0043248	140	1620	747	153	5.33571428571429	DS60
WASP0043250	698	8373	7875	2237	11.2822349570201	DS60
WASP0043251	693	18634	13254	2864	19.1255411255411	DS60
WASP0043252	780	11477	10618	2951	13.6128205128205	DS60
WASP0043253	635	16695	11691	2033	18.4110236220472	DS60
WASP0043255	843	20984	14800	3477	17.5563463819692	DS60
WASP0043256	1266	19108	18115	4360	14.3088467614534	DS60
WASP0043257	355	7875	6232	934	17.5549295774648	DS60
WASP0043259	2636	59808	46783	11996	17.7477238239757	DS60
WASP0043261	2412	47724	40019	10943	16.5916252072969	DS60
WASP0043262	1512	20097	19463	5480	12.8723544973545	DS60
WASP0043265	1117	15598	13991	3824	12.5255147717099	DS60
WASP0043266	3853	87265	69695	17713	18.0885024656112	DS60
WASP0043267	1225	19146	17066	4909	13.9314285714286	DS60
WASP0043268	1614	31980	26467	7602	16.3983890954151	DS60
WASP0043270	474	6297	5656	1703	11.9324894514768	DS60
WASP0043272	202	2477	1720	362	8.51485148514852	DS60
WASP0043273	368	10037	6029	1029	16.383152173913	DS60
WASP0043276	223	2797	2033	531	9.11659192825112	DS60
WASP0043279	235	3178	2220	449	9.4468085106383	DS60
WASP0043281	398	7082	5169	1309	12.9874371859297	DS60
WASP0043282	684	8064	7797	2192	11.3991228070175	DS60
WASP0043283	785	13850	11727	3339	14.9388535031847	DS60
WASP0043285	2605	75111	54433	12480	20.8955854126679	DS60
WASP0043287	2470	82813	52689	10247	21.3315789473684	DS60
WASP0043288	1573	30821	25766	6866	16.3801652892562	DS60
WASP0043294	259	3886	2916	666	11.2586872586873	DS60
WASP0043295	473	8028	5750	1271	12.1564482029598	DS60
WASP0043297	2593	47336	40787	12344	15.7296567682221	DS60
WASP0043300	1921	50238	33986	7901	17.6918271733472	DS60
WASP0043303	318	5937	3734	820	11.7421383647799	DS60
WASP0043305	336	3981	2706	679	8.05357142857143	DS60
WASP0043306	689	8526	7969	2451	11.5660377358491	DS60
WASP0043309	86	868	424	130	4.93023255813954	DS60
WASP0043310	1207	14930	14074	4093	11.6603148301574	DS60
WASP0043311	950	11380	10706	3077	11.2694736842105	DS60
WASP0043312	1029	13958	12989	3578	12.622934888241	DS60
WASP0043313	723	10524	9107	2622	12.5961272475795	DS60
WASP0043317	675	11726	9044	2437	13.3985185185185	DS60
WASP0043319	3086	45954	41349	12027	13.398898250162	DS60
WASP0043321	838	11360	10328	3022	12.3245823389021	DS60
WASP0043322	998	13223	11941	3553	11.9649298597194	DS60
WASP0043323	495	5140	4436	1333	8.96161616161616	DS60
WASP0043325	1013	12391	11649	3462	11.4995064165844	DS60
WASP0043326	1138	29814	20088	4026	17.6520210896309	DS60
WASP0043327	5104	94501	72280	19423	14.1614420062696	DS60
WASP0043329	674	8244	7779	2339	11.5415430267062	DS60
WASP0043333	417	5655	4228	1156	10.1390887290168	DS60
WASP0043334	1225	14652	14874	4504	12.1420408163265	DS60
WASP0043335	1201	13928	13338	3902	11.1057452123231	DS60
WASP0043336	5942	105615	84961	23805	14.2983843823628	DS60
WASP0043339	1039	12479	12213	3537	11.7545717035611	DS60
WASP0043342	769	9369	8258	2324	10.7386215864759	DS60
WASP0043343	1246	28063	20254	4122	16.2552166934189	DS60
WASP0043344	569	11588	8056	1764	14.1581722319859	DS60
WASP0043346	1289	26280	26008	4335	20.1768813033359	DS60
WASP0043347	217	2788	1184	295	5.45622119815668	DS60
WASP0043348	1237	19717	17458	5192	14.1131770412288	DS60
WASP0043349	347	4710	3119	855	8.98847262247839	DS60
WASP0043350	857	19890	16872	3597	19.6872812135356	DS60
WASP0043351	1440	19725	18388	5125	12.7694444444444	DS60
WASP0043353	1276	19763	17636	4930	13.8213166144201	DS60
WASP0043354	163	2740	1489	245	9.13496932515337	DS60
WASP0043355	3792	73579	54058	13477	14.2558016877637	DS60
WASP0043361	526	9991	7114	1442	13.5247148288973	DS60
WASP0043362	391	4839	3426	830	8.76214833759591	DS60
WASP0043365	4415	125630	84312	20419	19.0967157417894	DS60
WASP0043366	1452	39912	30514	6334	21.0151515151515	DS60
WASP0043368	1444	17231	17312	5119	11.98891966759	DS60
WASP0043370	536	6643	5598	1520	10.4440298507463	DS60
WASP0043371	734	8573	7947	2292	10.8269754768392	DS60
WASP0043372	1599	36263	29104	6288	18.2013758599124	DS60
WASP0043374	1194	17394	16220	4645	13.5845896147404	DS60
WASP0043375	859	22643	18041	3555	21.0023282887078	DS60
WASP0043376	4216	119547	82704	18103	19.6166982922201	DS60
WASP0043378	1432	17507	16713	4814	11.6710893854749	DS60
WASP0043379	2171	54667	38735	8233	17.8420082911101	DS60
WASP0043380	1757	26215	23853	6219	13.5759817871372	DS60
WASP0043381	213	3813	2521	539	11.8356807511737	DS60
WASP0043384	1085	13760	11769	3065	10.8470046082949	DS60
WASP0044001	465	7384	5551	1621	11.9376344086022	DS60
WASP0044002	564	8243	6440	1869	11.4184397163121	DS60
WASP0044004	518	6135	4007	1042	7.73552123552124	DS60
WASP0044005	674	12768	9193	2575	13.6394658753709	DS60
WASP0044006	231	2029	669	217	2.8961038961039	DS60
WASP0044007	545	10310	7164	1951	13.1449541284404	DS60
WASP0044008	4119	75151	78894	31181	19.1536780772032	DS60
WASP0044012	832	12666	12128	4780	14.5769230769231	DS60
WASP0044013	480	8193	5431	1842	11.3145833333333	DS60
WASP0044014	514	9681	6537	2027	12.7178988326848	DS60
WASP0044015	393	8665	3932	1088	10.0050890585242	DS60
WASP0044016	2620	65385	45678	13874	17.4343511450382	DS60
WASP0044017	1053	14095	15532	6215	14.7502374169041	DS60
WASP0044020	1420	22646	20674	7762	14.5591549295775	DS60
WASP0044021	367	4795	3543	1099	9.65395095367847	DS60
WASP0044027	481	4707	3298	1023	6.85654885654886	DS60
WASP0044029	1394	26872	22541	7900	16.1700143472023	DS60
WASP0044030	458	6440	5384	2115	11.7554585152838	DS60
WASP0044038	356	6152	4808	1609	13.5056179775281	DS60
WASP0044041	1083	18381	17347	6273	16.0175438596491	DS60
WASP0044042	489	4881	3286	936	6.719836400818	DS60
WASP0044046	394	4880	4064	1480	10.3147208121827	DS60
WASP0044047	202	2586	1144	305	5.66336633663366	DS60
WASP0044048	385	5221	3745	1033	9.72727272727273	DS60
WASP0044050	442	4569	2982	809	6.74660633484163	DS60
WASP0044051	622	10268	8643	3164	13.895498392283	DS60
WASP0044052	1272	21859	19945	7355	15.6800314465409	DS60
WASP0044053	1947	43042	33446	9648	17.1782229070365	DS60
WASP0044054	520	8058	6774	2153	13.0269230769231	DS60
WASP0044056	200	2658	973	327	4.865	DS60
WASP0044057	242	3739	2205	647	9.11157024793388	DS60
WASP0044065	565	7733	5410	1460	9.57522123893805	DS60
WASP0044066	388	5510	4435	1604	11.430412371134	DS60
WASP0044067	419	4190	2069	634	4.93794749403341	DS60
WASP0044068	868	8907	7812	2974	9	DS60
WASP0044069	346	4526	3588	1363	10.3699421965318	DS60
WASP0044070	285	4324	2752	902	9.65614035087719	DS60
WASP0044074	707	6702	4824	1275	6.82319660537482	DS60
WASP0044077	535	9441	7354	2492	13.7457943925234	DS60
WASP0044078	385	5892	4690	1798	12.1818181818182	DS60
WASP0044079	811	14045	13367	4858	16.482120838471	DS60
WASP0044082	1720	24409	23092	9009	13.4255813953488	DS60
WASP0044083	680	5963	4157	1234	6.11323529411765	DS60
WASP0044084	795	7853	6069	2162	7.63396226415094	DS60
WASP0044088	430	6037	4309	1484	10.0209302325581	DS60
WASP0044089	1125	19867	15714	4385	13.968	DS60
WASP0044090	573	10935	8280	2703	14.4502617801047	DS60
WASP0044091	373	5346	3733	1256	10.0080428954424	DS60
WASP0044092	463	7435	5566	1815	12.0215982721382	DS60
WASP0044097	912	13034	14383	5912	15.7708333333333	DS60
WASP0044098	1033	18639	16913	6215	16.3727008712488	DS60
WASP0044099	1418	19501	17695	4739	12.4788434414669	DS60
WASP0044100	1640	41385	31588	9421	19.2609756097561	DS60
WASP0044101	1615	30387	24419	8099	15.1201238390093	DS60
WASP0044102	3608	79120	66398	22142	18.4029933481153	DS60
WASP0044103	624	6454	5126	1651	8.21474358974359	DS60
WASP0044106	3698	79628	70663	23493	19.1084369929692	DS60
WASP0044108	2013	31663	36860	15456	18.3109786388475	DS60
WASP0044109	3461	91749	66260	19247	19.1447558509101	DS60
WASP0044110	829	17534	13306	3859	16.0506634499397	DS60
WASP0044111	829	15257	12729	4195	15.3546441495778	DS60
WASP0044113	638	9397	7650	2389	11.9905956112853	DS60
WASP0044114	1189	20436	19044	7431	16.0168208578638	DS60
WASP0044115	542	7480	5528	1734	10.1992619926199	DS60
WASP0044117	1040	16190	16231	6371	15.6067307692308	DS60
WASP0044120	584	9177	7990	1986	13.6815068493151	DS60
WASP0044121	649	9315	6969	2096	10.7380585516179	DS60
WASP0044122	2744	52492	46696	16442	17.0174927113703	DS60
WASP0044124	791	10717	8884	3250	11.2313527180784	DS60
WASP0044129	1382	21120	23660	9786	17.1201157742402	DS60
WASP0044133	520	7050	6612	2526	12.7153846153846	DS60
WASP0044134	466	4263	3449	1186	7.40128755364807	DS60
WASP0044135	851	12469	12056	4846	14.1668625146886	DS60
WASP0044137	298	2983	2169	694	7.27852348993289	DS60
WASP0044139	1330	29675	23673	6345	17.7992481203008	DS60
WASP0044140	1341	31780	24213	7925	18.0559284116331	DS60
WASP0044141	321	4869	3469	1106	10.8068535825545	DS60
WASP0044144	1975	41951	32453	10122	16.4318987341772	DS60
WASP0044146	178	2677	1327	311	7.45505617977528	DS60
WASP0044149	159	2320	1388	407	8.72955974842767	DS60
WASP0044158	1018	14623	12776	4159	12.5500982318271	DS60
WASP0044159	316	3713	2162	664	6.84177215189873	DS60
WASP0044162	321	3196	1855	527	5.77881619937695	DS60
WASP0044164	837	16025	13875	4734	16.5770609318996	DS60
WASP0044166	573	9151	8023	2713	14.0017452006981	DS60
WASP0044167	869	5531	4482	1494	5.15765247410817	DS60
WASP0044169	256	3453	1760	583	6.875	DS60
WASP0044170	500	10590	7077	2147	14.154	DS60
WASP0044171	1614	24007	20239	6223	12.5396530359356	DS60
WASP0044173	344	3447	2292	734	6.66279069767442	DS60
WASP0044176	312	3147	1866	555	5.98076923076923	DS60
WASP0044179	1415	29652	23086	7310	16.3151943462898	DS60
WASP0044180	1052	22622	16095	5082	15.2994296577947	DS60
WASP0044182	803	15089	11413	3778	14.2129514321295	DS60
WASP0044184	1284	19934	20599	7295	16.0428348909657	DS60
WASP0044185	469	4530	3169	1052	6.75692963752665	DS60
WASP0044187	1685	40511	31257	10385	18.5501483679525	DS60
WASP0044190	1289	21816	16279	4887	12.6291698991466	DS60
WASP0044191	1346	15272	14862	5858	11.0416047548291	DS60
WASP0044193	383	5170	4323	1600	11.2872062663185	DS60
WASP0044195	302	4511	3905	1183	12.9304635761589	DS60
WASP0044196	208	2760	2244	682	10.7884615384615	DS60
WASP0044199	510	9003	6766	1699	13.2666666666667	DS60
WASP0044200	500	8816	6921	1954	13.842	DS60
WASP0044202	1693	38289	31420	9822	18.5587714116952	DS60
WASP0044203	331	4728	3111	856	9.3987915407855	DS60
WASP0044208	402	4516	3053	1149	7.59452736318408	DS60
WASP0044210	769	15002	12082	3337	15.7113133940182	DS60
WASP0044211	281	5237	3292	1052	11.7153024911032	DS60
WASP0044212	222	3897	2428	658	10.9369369369369	DS60
WASP0044216	1066	13819	15754	6539	14.7786116322702	DS60
WASP0044217	766	11404	11641	4713	15.1971279373368	DS60
WASP0044218	160	2334	1488	487	9.3	DS60
WASP0044219	3560	86382	61774	17625	17.3522471910112	DS60
WASP0044220	840	16065	12984	4151	15.4571428571429	DS60
WASP0044223	593	7817	7337	2843	12.3726812816189	DS60
WASP0044224	203	2738	1731	458	8.52709359605911	DS60
WASP0044229	1085	17556	15107	4962	13.9235023041475	DS60
WASP0044230	894	12741	9856	3330	11.0246085011186	DS60
WASP0044234	843	18088	14084	3781	16.7069988137604	DS60
WASP0044235	273	3648	2731	808	10.003663003663	DS60
WASP0044236	878	9099	10092	4003	11.49430523918	DS60
WASP0044238	250	2820	1701	575	6.804	DS60
WASP0044240	454	6370	6191	2482	13.636563876652	DS60
WASP0044241	449	5046	3854	1129	8.58351893095768	DS60
WASP0044242	292	3558	2184	668	7.47945205479452	DS60
WASP0044244	723	12929	11736	4476	16.2323651452282	DS60
WASP0044246	436	4220	3155	1123	7.23623853211009	DS60
WASP0044247	1157	20633	21188	8052	18.3128781331029	DS60
WASP0044253	672	8980	8454	3155	12.5803571428571	DS60
WASP0044259	1097	12882	12053	4188	10.9872379216044	DS60
WASP0044260	1042	18392	15345	4394	14.7264875239923	DS60
WASP0044262	2094	42680	31511	10460	15.0482330468004	DS60
WASP0044263	1335	25652	20641	7138	15.4614232209738	DS60
WASP0044264	896	21044	14421	4043	16.0948660714286	DS60
WASP0044265	577	8398	7295	2606	12.6429809358752	DS60
WASP0044266	2340	34288	32077	10312	13.7081196581197	DS60
WASP0044270	433	7293	5716	2020	13.2009237875289	DS60
WASP0044272	453	5454	5706	2378	12.5960264900662	DS60
WASP0044273	1637	24436	29435	12049	17.9810629199756	DS60
WASP0044276	632	9789	10063	4181	15.9224683544304	DS60
WASP0044281	1881	46897	33187	10260	17.6432748538012	DS60
WASP0044282	2672	67475	50176	15487	18.7784431137725	DS60
WASP0044285	730	7974	5728	1541	7.84657534246575	DS60
WASP0044287	1007	14520	10386	3260	10.3138033763654	DS60
WASP0044288	2131	44442	34882	11295	16.368840919756	DS60
WASP0044290	737	18782	13267	4028	18.0013568521031	DS60
WASP0044291	338	4876	3471	916	10.2692307692308	DS60
WASP0044292	3435	99638	64575	18700	18.7991266375546	DS60
WASP0044294	504	9199	8486	2567	16.8373015873016	DS60
WASP0044296	1530	30389	23599	6870	15.4241830065359	DS60
WASP0044297	5017	108258	87476	28080	17.4359178792107	DS60
WASP0044299	3284	57301	54976	19777	16.7405602923264	DS60
WASP0044300	1013	15111	13457	3545	13.284304047384	DS60
WASP0044303	2176	57943	40029	12131	18.3956801470588	DS60
WASP0044304	1031	19495	17979	6514	17.4384093113482	DS60
WASP0044305	2366	49968	41288	13135	17.4505494505495	DS60
WASP0044306	1442	26926	23759	8300	16.4764216366158	DS60
WASP0044308	1067	17369	16150	6180	15.1358950328023	DS60
WASP0044309	1012	21629	16560	5072	16.3636363636364	DS60
WASP0044310	949	14187	13217	4396	13.927291886196	DS60
WASP0044311	459	6352	4661	1379	10.1546840958606	DS60
WASP0044312	901	15677	12806	3670	14.2130965593785	DS60
WASP0044316	361	5441	4327	1357	11.9861495844875	DS60
WASP0044317	270	3689	1881	520	6.96666666666667	DS60
WASP0044318	826	11802	12900	5282	15.6174334140436	DS60
WASP0044321	553	6952	5462	1984	9.87703435804702	DS60
WASP0044322	282	2881	2232	723	7.91489361702128	DS60
WASP0044327	1442	13956	11344	3838	7.86685159500694	DS60
WASP0044328	5199	144216	103860	28019	19.9769186381997	DS60
WASP0044329	413	6091	4198	1300	10.1646489104116	DS60
WASP0044330	1577	23905	28074	11899	17.8021559923906	DS60
WASP0044333	858	13085	13503	5583	15.7377622377622	DS60
WASP0044334	969	13147	12568	4918	12.9700722394221	DS60
WASP0044335	731	8856	7130	2557	9.75376196990424	DS60
WASP0044336	1198	8239	6670	2069	5.56761268781302	DS60
WASP0044337	1020	18378	15832	5628	15.521568627451	DS60
WASP0044339	1276	16628	17167	6499	13.4537617554859	DS60
WASP0044340	919	14651	15109	5893	16.4406964091404	DS60
WASP0044341	353	6126	4519	1547	12.8016997167139	DS60
WASP0044342	281	2444	1676	560	5.9644128113879	DS60
WASP0044343	452	4771	3800	1349	8.4070796460177	DS60
WASP0044344	675	12351	9588	3072	14.2044444444444	DS60
WASP0044345	916	14560	15210	5837	16.6048034934498	DS60
WASP0044346	479	4230	2895	869	6.04384133611691	DS60
WASP0044348	470	5072	4181	1519	8.89574468085106	DS60
WASP0044349	440	7887	6166	1873	14.0136363636364	DS60
WASP0044355	2027	25419	22354	8188	11.0281203749383	DS60
WASP0044357	326	2659	1466	530	4.49693251533742	DS60
WASP0044361	1664	27978	24793	8757	14.8996394230769	DS60
WASP0044362	195	3161	1502	361	7.7025641025641	DS60
WASP0044365	1261	16769	11416	3492	9.05313243457573	DS60
WASP0044366	1219	18589	16003	4364	13.1279737489746	DS60
WASP0044367	878	13194	13639	5664	15.5341685649203	DS60
WASP0044368	518	5875	3808	1407	7.35135135135135	DS60
WASP0044370	825	11728	11155	4032	13.5212121212121	DS60
WASP0044372	1553	27083	22770	7992	14.6619446233097	DS60
WASP0044373	363	3487	1954	707	5.38292011019284	DS60
WASP0044374	1433	30044	21169	6354	14.7725052337753	DS60
WASP0044375	381	4076	2770	813	7.27034120734908	DS60
WASP0044376	1001	8820	6246	1812	6.23976023976024	DS60
WASP0044378	451	4489	3144	1060	6.97117516629712	DS60
WASP0044379	625	7326	5139	1488	8.2224	DS60
WASP0044384	479	6477	3930	1154	8.20459290187892	DS60
WASP0045001	398	7167	6694	2436	16.8190954773869	DS60
WASP0045002	543	11377	9701	2896	17.865561694291	DS60
WASP0045004	1808	75649	50626	7994	28.0011061946903	DS60
WASP0045007	1968	63417	48398	12063	24.5924796747968	DS60
WASP0045009	1276	31058	27059	7375	21.2061128526646	DS60
WASP0045013	539	13088	10042	2920	18.6307977736549	DS60
WASP0045014	1553	55210	43619	8155	28.0869285254346	DS60
WASP0045015	1275	33182	26958	8196	21.1435294117647	DS60
WASP0045016	344	8500	6377	1527	18.5377906976744	DS60
WASP0045018	366	11197	7129	1414	19.4781420765027	DS60
WASP0045019	284	6812	4784	1539	16.8450704225352	DS60
WASP0045020	723	19096	14327	4017	19.8160442600277	DS60
WASP0045022	485	14759	9091	2003	18.7443298969072	DS60
WASP0045024	1691	44429	37339	11550	22.0810171496156	DS60
WASP0045025	746	27030	18537	3367	24.8485254691689	DS60
WASP0045026	426	10168	8175	2182	19.1901408450704	DS60
WASP0045027	967	36932	25087	4623	25.9431230610134	DS60
WASP0045028	1505	28399	29385	11284	19.5249169435216	DS60
WASP0045029	404	8916	7248	1517	17.9405940594059	DS60
WASP0045030	884	22605	18960	5224	21.447963800905	DS60
WASP0045034	1100	33406	27226	6707	24.7509090909091	DS60
WASP0045035	478	12221	8419	2093	17.6129707112971	DS60
WASP0045038	592	11295	10341	3496	17.4679054054054	DS60
WASP0045041	732	22285	16048	3422	21.9234972677596	DS60
WASP0045042	649	16971	12918	3075	19.904468412943	DS60
WASP0045043	2106	63933	48666	10256	23.1082621082621	DS60
WASP0045044	595	14185	11440	3004	19.2268907563025	DS60
WASP0045045	451	10859	7865	2301	17.4390243902439	DS60
WASP0045047	889	32426	22279	4561	25.0607424071991	DS60
WASP0045048	446	11342	8845	2703	19.8318385650224	DS60
WASP0045050	1721	42460	38907	12492	22.6072051133062	DS60
WASP0045053	274	6555	4448	1076	16.2335766423358	DS60
WASP0045054	1142	29981	23997	6782	21.0131348511384	DS60
WASP0045057	372	11052	7907	1932	21.255376344086	DS60
WASP0045060	256	5844	4553	1505	17.78515625	DS60
WASP0045062	273	6021	4295	1032	15.7326007326007	DS60
WASP0045064	1745	56704	42692	8563	24.465329512894	DS60
WASP0045065	414	8005	7803	3043	18.8478260869565	DS60
WASP0045066	1590	58803	40954	8541	25.7572327044025	DS60
WASP0045070	272	6227	3945	992	14.5036764705882	DS60
WASP0045071	782	23147	16690	4199	21.3427109974425	DS60
WASP0045072	1180	35691	26956	6260	22.8440677966102	DS60
WASP0045074	679	14220	11842	3351	17.440353460972	DS60
WASP0045075	1560	49425	37656	9381	24.1384615384615	DS60
WASP0045076	925	27548	21530	5387	23.2756756756757	DS60
WASP0045077	768	22186	16836	3851	21.921875	DS60
WASP0045080	809	19590	17075	5177	21.10630407911	DS60
WASP0045081	1789	47939	40749	12239	22.7775293460034	DS60
WASP0045083	637	17364	12444	2922	19.5353218210361	DS60
WASP0045084	332	7893	5246	1194	15.8012048192771	DS60
WASP0045085	1673	70770	48021	9697	28.7035265989241	DS60
WASP0045087	561	11521	10320	3184	18.3957219251337	DS60
WASP0045089	672	20364	14502	2844	21.5803571428571	DS60
WASP0045090	913	21548	18734	5892	20.5191675794085	DS60
WASP0045091	589	14692	11393	2923	19.3429541595925	DS60
WASP0045093	1147	37763	26559	6399	23.15518744551	DS60
WASP0045095	1236	37994	29369	6552	23.7613268608414	DS60
WASP0045100	565	17763	13131	3249	23.2407079646018	DS60
WASP0045101	429	13223	8434	1684	19.6596736596737	DS60
WASP0045103	698	23106	16981	3711	24.3280802292264	DS60
WASP0045104	634	14793	12575	3447	19.8343848580442	DS60
WASP0045105	770	26340	19623	3665	25.4844155844156	DS60
WASP0045108	529	18546	12851	2447	24.2930056710775	DS60
WASP0045110	3708	112685	91729	22045	24.7381337648328	DS60
WASP0045112	1294	46359	31018	5433	23.9706336939722	DS60
WASP0045113	760	18897	15705	4802	20.6644736842105	DS60
WASP0045115	613	16138	12148	3343	19.8172920065253	DS60
WASP0045116	800	22980	17534	4213	21.9175	DS60
WASP0045117	603	16781	12824	2954	21.2669983416252	DS60
WASP0045120	1044	28989	23535	5752	22.5431034482759	DS60
WASP0045121	1513	39601	34507	9835	22.8070059484468	DS60
WASP0045127	620	13723	12458	4035	20.0935483870968	DS60
WASP0045128	607	19942	14185	3364	23.3690280065898	DS60
WASP0045130	513	11718	9880	2951	19.2592592592593	DS60
WASP0045132	1001	44685	28313	4909	28.2847152847153	DS60
WASP0045133	869	27565	21361	5133	24.5811277330265	DS60
WASP0045135	964	30754	22595	4625	23.4387966804979	DS60
WASP0045143	760	20877	16550	4985	21.7763157894737	DS60
WASP0045144	1577	43292	35503	10015	22.5129993658846	DS60
WASP0045145	642	21676	14624	3430	22.778816199377	DS60
WASP0045146	1566	42526	34879	9777	22.2726692209451	DS60
WASP0045147	984	33012	24276	4553	24.6707317073171	DS60
WASP0045150	376	8365	6285	2114	16.7154255319149	DS60
WASP0045151	1584	45731	35681	8297	22.5258838383838	DS60
WASP0045153	429	9338	7587	2442	17.6853146853147	DS60
WASP0045155	2550	84478	62740	14439	24.6039215686275	DS60
WASP0045156	798	19735	16777	4639	21.0238095238095	DS60
WASP0045160	2738	102529	70898	13245	25.8940832724617	DS60
WASP0045161	714	22406	16403	3592	22.9733893557423	DS60
WASP0045162	961	23133	19321	5899	20.105098855359	DS60
WASP0045163	1081	30759	24715	5237	22.8630897317299	DS60
WASP0045165	263	5748	3904	1024	14.8441064638783	DS60
WASP0045167	1589	59497	40995	8203	25.7992448080554	DS60
WASP0045170	1712	58676	42616	8356	24.892523364486	DS60
WASP0045171	440	13569	9386	1711	21.3318181818182	DS60
WASP0045172	1618	52542	40555	11192	25.0648949320148	DS60
WASP0045176	1894	62846	46694	9688	24.6536430834213	DS60
WASP0045177	929	34793	24752	5405	26.6437029063509	DS60
WASP0045178	1017	27717	21338	5675	20.9813176007866	DS60
WASP0045179	946	26255	19767	4939	20.8953488372093	DS60
WASP0045180	509	13622	10649	2619	20.9214145383104	DS60
WASP0045184	820	27845	20201	4456	24.6353658536585	DS60
WASP0045185	678	17400	13289	3011	19.6002949852507	DS60
WASP0045186	1022	41213	29436	5226	28.8023483365949	DS60
WASP0045187	1267	44915	32625	7304	25.7498026835043	DS60
WASP0045189	951	22941	20098	5569	21.1335436382755	DS60
WASP0045194	850	40236	24794	3818	29.1694117647059	DS60
WASP0045196	424	11483	9637	2638	22.7287735849057	DS60
WASP0045202	706	23187	17397	3262	24.6416430594901	DS60
WASP0045204	199	5189	3281	798	16.4874371859296	DS60
WASP0045207	3370	105720	80466	17687	23.8771513353116	DS60
WASP0045208	1080	32426	25381	7070	23.5009259259259	DS60
WASP0045209	777	16879	15390	4785	19.8069498069498	DS60
WASP0045213	371	9983	6424	1291	17.3153638814016	DS60
WASP0045214	415	9345	7521	2233	18.1228915662651	DS60
WASP0045216	503	17475	11718	2159	23.2962226640159	DS60
WASP0045220	288	6021	4035	1183	14.0104166666667	DS60
WASP0045222	407	8855	6378	1774	15.6707616707617	DS60
WASP0045230	416	9073	6905	2202	16.5985576923077	DS60
WASP0045231	1216	32621	27998	8216	23.0246710526316	DS60
WASP0045232	1990	67973	51908	12397	26.0844221105528	DS60
WASP0045236	418	9417	7833	2316	18.7392344497608	DS60
WASP0045238	1097	34739	25520	6568	23.2634457611668	DS60
WASP0045239	735	23039	17144	4362	23.3251700680272	DS60
WASP0045241	761	19237	16278	4837	21.3902759526938	DS60
WASP0045243	1826	54257	42252	11461	23.1391018619934	DS60
WASP0045246	870	20157	17830	6181	20.4942528735632	DS60
WASP0045248	1431	37017	31266	9553	21.8490566037736	DS60
WASP0045249	528	12868	8817	1975	16.6988636363636	DS60
WASP0045253	734	18684	15015	4299	20.4564032697548	DS60
WASP0045256	745	24593	17550	3324	23.5570469798658	DS60
WASP0045258	1250	30117	25194	7412	20.1552	DS60
WASP0045259	839	28326	20625	4755	24.5828367103695	DS60
WASP0045260	637	12791	11727	3957	18.4097331240188	DS60
WASP0045265	1467	50930	37684	9360	25.6877982276755	DS60
WASP0045266	352	10068	6636	1076	18.8522727272727	DS60
WASP0045267	1203	38208	28211	6427	23.450540315877	DS60
WASP0045268	272	6976	4587	903	16.8639705882353	DS60
WASP0045272	522	17297	12569	2672	24.0785440613027	DS60
WASP0045273	1132	36316	27396	7024	24.2014134275618	DS60
WASP0045274	845	20217	16649	4750	19.7029585798817	DS60
WASP0045275	2138	56155	46740	12401	21.8615528531338	DS60
WASP0045281	526	16213	11447	3234	21.7623574144487	DS60
WASP0045282	962	35778	24506	4746	25.4740124740125	DS60
WASP0045283	635	16097	13615	4437	21.4409448818898	DS60
WASP0045286	2093	68028	54320	10475	25.9531772575251	DS60
WASP0045287	1424	49580	37716	8904	26.4859550561798	DS60
WASP0045288	488	11110	8579	2500	17.5799180327869	DS60
WASP0045290	1504	69085	45524	8129	30.2686170212766	DS60
WASP0045293	252	4835	2554	560	10.1349206349206	DS60
WASP0045294	1634	63150	44409	7990	27.1780905752754	DS60
WASP0045295	1462	44739	31357	6850	21.4480164158687	DS60
WASP0045299	761	15781	13543	4140	17.796320630749	DS60
WASP0045304	2051	68273	50176	10848	24.4641638225256	DS60
WASP0045305	808	29839	20211	3978	25.0136138613861	DS60
WASP0045311	1242	39927	29335	5787	23.6191626409018	DS60
WASP0045316	465	10615	8054	2187	17.3204301075269	DS60
WASP0045317	685	18252	13655	3744	19.9343065693431	DS60
WASP0045323	1465	40698	32354	7942	22.0846416382253	DS60
WASP0045324	587	17106	11526	2616	19.6354344122658	DS60
WASP0045326	563	12292	10224	3298	18.1598579040853	DS60
WASP0045327	908	27960	18033	3507	19.8601321585903	DS60
WASP0045328	991	28725	23051	5076	23.2603430877901	DS60
WASP0045330	416	11044	8791	2559	21.1322115384615	DS60
WASP0045331	312	6896	4897	1310	15.6955128205128	DS60
WASP0045334	891	27369	20483	4923	22.9887766554433	DS60
WASP0045337	1814	42960	39194	13319	21.606394707828	DS60
WASP0045338	1341	30614	29368	10287	21.9000745712155	DS60
WASP0045339	983	30493	21225	4590	21.5920651068159	DS60
WASP0045340	584	16744	12537	2933	21.4674657534247	DS60
WASP0045341	361	10162	6353	1515	17.5983379501385	DS60
WASP0045345	1063	28806	22604	4408	21.2643461900282	DS60
WASP0045346	1870	46216	40552	12783	21.6855614973262	DS60
WASP0045350	950	25402	20330	5346	21.4	DS60
WASP0045352	1713	61453	42718	8543	24.9375364856976	DS60
WASP0045359	1103	40525	29058	5688	26.3445149592022	DS60
WASP0045360	1765	68263	47053	9736	26.6589235127479	DS60
WASP0045361	424	8710	7071	1496	16.6768867924528	DS60
WASP0045364	745	17008	13750	4120	18.4563758389262	DS60
WASP0045365	400	9694	6612	1566	16.53	DS60
WASP0045366	491	12531	7945	1711	16.1812627291242	DS60
WASP0045368	827	23707	18694	5227	22.6045949214027	DS60
WASP0045369	831	24177	17565	4249	21.1371841155235	DS60
WASP0045371	484	10390	8179	2467	16.8987603305785	DS60
WASP0045372	1083	32342	25983	6809	23.9916897506925	DS60
WASP0045373	3358	95463	80774	22509	24.0541989279333	DS60
WASP0045374	746	20373	15926	3682	21.3485254691689	DS60
WASP0045375	849	26584	20832	5246	24.5371024734982	DS60
WASP0045376	518	16283	11087	2046	21.4034749034749	DS60
WASP0045377	2165	89657	59093	9680	27.294688221709	DS60
WASP0045378	2231	60029	49265	14984	22.0820259973106	DS60
WASP0045380	724	17632	14172	4289	19.5745856353591	DS60
WASP0045381	2563	98272	69609	16005	27.1591884510339	DS60
WASP0045382	496	11733	9335	2643	18.820564516129	DS60
WASP0045383	1645	44736	36367	10303	22.1075987841945	DS60
WASP0046002	235	4793	2148	551	9.14042553191489	DS60
WASP0046003	215	8351	4090	560	19.0232558139535	DS60
WASP0046004	3312	136418	100713	19142	30.4085144927536	DS60
WASP0046005	503	14318	11744	3787	23.3479125248509	DS60
WASP0046009	1142	39688	30923	7577	27.0779334500876	DS60
WASP0046012	2496	108787	71382	14802	28.5985576923077	DS60
WASP0046013	333	8808	6343	2216	19.0480480480481	DS60
WASP0046014	885	26959	20980	6631	23.7062146892655	DS60
WASP0046016	247	5110	3314	1149	13.417004048583	DS60
WASP0046019	799	22079	18904	5518	23.6595744680851	DS60
WASP0046020	663	13085	12436	5015	18.7571644042232	DS60
WASP0046021	239	6555	3596	742	15.0460251046025	DS60
WASP0046022	694	19541	14936	4608	21.521613832853	DS60
WASP0046027	1673	42712	42165	14213	25.2032277346085	DS60
WASP0046028	349	7278	6113	2187	17.5157593123209	DS60
WASP0046029	624	15521	12762	4104	20.4519230769231	DS60
WASP0046031	370	10601	7229	1822	19.5378378378378	DS60
WASP0046032	1138	35339	29178	8071	25.6397188049209	DS60
WASP0046034	588	16264	12257	3774	20.8452380952381	DS60
WASP0046035	949	20873	20065	7300	21.1433087460485	DS60
WASP0046037	423	16198	10476	2142	24.7659574468085	DS60
WASP0046038	1264	34379	31517	6575	24.934335443038	DS60
WASP0046039	1298	34081	32964	10950	25.3959938366718	DS60
WASP0046042	3093	80962	75706	22664	24.4765599741351	DS60
WASP0046043	272	7453	4454	1245	16.375	DS60
WASP0046046	936	24688	22338	7640	23.8653846153846	DS60
WASP0046047	142	3125	1615	426	11.3732394366197	DS60
WASP0046048	2268	63545	60083	21882	26.4916225749559	DS60
WASP0046050	812	24208	20160	5845	24.8275862068966	DS60
WASP0046054	188	4999	2109	608	11.218085106383	DS60
WASP0046058	612	13525	12631	4814	20.6388888888889	DS60
WASP0046063	420	10658	8748	2943	20.8285714285714	DS60
WASP0046065	274	5756	4165	1600	15.2007299270073	DS60
WASP0046067	466	12305	8252	2408	17.7081545064378	DS60
WASP0046074	1084	32845	27169	6721	25.0636531365314	DS60
WASP0046075	442	13310	8691	2246	19.6628959276018	DS60
WASP0046076	117	1784	589	206	5.03418803418803	DS60
WASP0046077	1142	31338	26319	7576	23.0464098073555	DS60
WASP0046081	802	21578	19189	6941	23.926433915212	DS60
WASP0046082	1433	47363	38761	11210	27.0488485694348	DS60
WASP0046083	1981	47109	45338	15071	22.8864209994952	DS60
WASP0046084	1136	32372	25756	7549	22.6725352112676	DS60
WASP0046085	804	28616	20289	5228	25.2350746268657	DS60
WASP0046089	753	18073	16247	5236	21.5763612217796	DS60
WASP0046090	2746	74583	67702	20935	24.6547705753824	DS60
WASP0046091	875	24689	19259	5962	22.0102857142857	DS60
WASP0046092	1160	28590	24119	7717	20.7922413793103	DS60
WASP0046094	1370	53946	40231	8608	29.3656934306569	DS60
WASP0046101	239	4283	2754	963	11.5230125523013	DS60
WASP0046102	166	3933	2022	433	12.1807228915663	DS60
WASP0046104	974	25362	22732	7520	23.3388090349076	DS60
WASP0046105	400	7688	8488	3306	21.22	DS60
WASP0046106	2097	58485	52297	15408	24.9389604196471	DS60
WASP0046111	700	21550	16782	5370	23.9742857142857	DS60
WASP0046114	1409	40711	37897	7164	26.8963804116395	DS60
WASP0046115	194	3915	2584	771	13.319587628866	DS60
WASP0046118	367	9723	8998	3212	24.5177111716621	DS60
WASP0046119	2885	96425	81789	19773	28.349740034662	DS60
WASP0046121	976	28091	23097	5455	23.6649590163934	DS60
WASP0046122	1243	28488	28744	10080	23.124698310539	DS60
WASP0046123	659	20106	15215	3298	23.0880121396055	DS60
WASP0046126	892	23244	21860	7216	24.5067264573991	DS60
WASP0046128	954	29407	22759	6256	23.856394129979	DS60
WASP0046130	1317	41086	33247	6493	25.2444950645406	DS60
WASP0046135	749	19813	15998	5167	21.3591455273698	DS60
WASP0046137	529	12264	10565	3403	19.9716446124764	DS60
WASP0046140	1165	30653	30330	10849	26.0343347639485	DS60
WASP0046141	1248	41619	35706	11199	28.6105769230769	DS60
WASP0046142	1155	36645	29243	8092	25.3186147186147	DS60
WASP0046143	143	3190	1605	592	11.2237762237762	DS60
WASP0046144	1740	59191	46419	12818	26.6775862068966	DS60
WASP0046146	927	25943	22345	6206	24.1046386192017	DS60
WASP0046147	860	20284	19802	6888	23.0255813953488	DS60
WASP0046148	136	2157	81	15	0.595588235294118	DS60
WASP0046150	443	11593	9490	2994	21.4221218961625	DS60
WASP0046151	1025	26451	24429	8350	23.8331707317073	DS60
WASP0046154	650	19838	14923	4204	22.9584615384615	DS60
WASP0046163	745	18826	17974	6432	24.1261744966443	DS60
WASP0046166	1641	50829	38440	8923	23.4247410115783	DS60
WASP0046167	2217	73536	60901	17257	27.4700045105999	DS60
WASP0046168	3058	116558	86582	20367	28.3132766514062	DS60
WASP0046169	1027	35256	25516	5577	24.8451801363194	DS60
WASP0046170	422	12448	8737	1997	20.7037914691943	DS60
WASP0046171	1394	41760	33349	8189	23.9232424677188	DS60
WASP0046173	224	5891	4585	1441	20.46875	DS60
WASP0046175	2794	94650	75712	18185	27.0980672870437	DS60
WASP0046185	1890	49210	48163	15517	25.4830687830688	DS60
WASP0046186	1903	51610	48673	16744	25.5769837099317	DS60
WASP0046187	981	35042	25903	6182	26.4046890927625	DS60
WASP0046193	236	5705	4189	1451	17.75	DS60
WASP0046197	361	9019	9099	3115	25.2049861495845	DS60
WASP0046199	692	21518	16461	4775	23.7875722543353	DS60
WASP0046200	550	10772	10938	4024	19.8872727272727	DS60
WASP0046201	397	11083	8752	2727	22.0453400503778	DS60
WASP0046202	3320	101569	93828	25970	28.2614457831325	DS60
WASP0046207	813	21596	16798	4915	20.6617466174662	DS60
WASP0046208	669	21807	15845	4401	23.6846038863976	DS60
WASP0046209	1396	48955	40501	10319	29.0121776504298	DS60
WASP0046210	1309	39956	34977	6348	26.720397249809	DS60
WASP0046214	191	3164	1998	779	10.4607329842932	DS60
WASP0046215	3718	132032	108536	29275	29.1920387305003	DS60
WASP0046219	1172	38255	30140	6060	25.7167235494881	DS60
WASP0046220	520	13554	11766	3463	22.6269230769231	DS60
WASP0046221	754	19750	18172	6376	24.1007957559682	DS60
WASP0046223	616	17729	15188	5406	24.6558441558442	DS60
WASP0046224	1150	27704	26831	9382	23.3313043478261	DS60
WASP0046227	717	19203	14974	4067	20.884239888424	DS60
WASP0046233	322	9592	5828	1144	18.0993788819876	DS60
WASP0046234	426	13404	10346	2578	24.2863849765258	DS60
WASP0046241	618	17764	15381	4663	24.8883495145631	DS60
WASP0046246	350	8031	6968	2266	19.9085714285714	DS60
WASP0046247	526	19386	14489	3972	27.5456273764259	DS60
WASP0046250	437	12274	9957	2795	22.7848970251716	DS60
WASP0046252	1877	80804	56379	11837	30.0367607884923	DS60
WASP0046257	884	27937	23697	6369	26.8065610859729	DS60
WASP0046258	1407	40617	36090	10683	25.6503198294243	DS60
WASP0046262	946	31743	24956	5572	26.3805496828753	DS60
WASP0046263	426	12703	10985	3171	25.7863849765258	DS60
WASP0046265	1478	46414	40601	11428	27.4702300405954	DS60
WASP0046269	319	9093	5834	1279	18.2884012539185	DS60
WASP0046271	1966	64139	51785	14266	26.3402848423194	DS60
WASP0046273	2565	96545	75628	20654	29.4846003898636	DS60
WASP0046275	2004	56055	50235	16361	25.0673652694611	DS60
WASP0046284	1356	40720	35263	10594	26.0051622418879	DS60
WASP0046290	154	3086	1230	417	7.98701298701299	DS60
WASP0046291	1606	42926	39616	7601	24.667496886675	DS60
WASP0046295	384	8891	5903	1497	15.3723958333333	DS60
WASP0046297	628	13902	12835	4440	20.437898089172	DS60
WASP0046298	555	19301	13371	3115	24.0918918918919	DS60
WASP0046301	768	25518	20615	5173	26.8424479166667	DS60
WASP0046302	746	19278	16484	5036	22.0965147453083	DS60
WASP0046305	1122	35276	27953	7734	24.9135472370767	DS60
WASP0046307	4807	142594	121138	29142	25.2003328479301	DS60
WASP0046309	875	19446	20860	7842	23.84	DS60
WASP0046311	491	14166	9641	2360	19.6354378818737	DS60
WASP0046312	1300	42134	33554	9111	25.8107692307692	DS60
WASP0046313	561	14486	11094	3954	19.7754010695187	DS60
WASP0046314	267	6784	3342	792	12.5168539325843	DS60
WASP0046315	1949	68518	53465	11634	27.4320164186763	DS60
WASP0046316	368	9735	7463	2133	20.2798913043478	DS60
WASP0046317	5649	210870	165385	30176	29.2768631616215	DS60
WASP0046318	1224	35459	31961	10463	26.1119281045752	DS60
WASP0046320	4529	143428	118230	31775	26.1051004636785	DS60
WASP0046321	138	3469	2237	825	16.2101449275362	DS60
WASP0046323	6646	193826	167290	40801	25.1715317484201	DS60
WASP0046324	1710	46369	43244	14293	25.2888888888889	DS60
WASP0046329	504	14504	10034	2954	19.9087301587302	DS60
WASP0046331	221	5936	2789	541	12.6199095022624	DS60
WASP0046335	2990	91694	77055	21974	25.7709030100334	DS60
WASP0046336	963	21355	17242	5324	17.9044652128764	DS60
WASP0046343	1085	24731	24081	8797	22.1944700460829	DS60
WASP0046344	1230	40469	31843	9598	25.8886178861789	DS60
WASP0046353	1385	49087	38868	9907	28.0635379061372	DS60
WASP0046354	496	11388	8948	2930	18.0403225806452	DS60
WASP0046355	1035	15204	15251	5649	14.7352657004831	DS60
WASP0046360	700	25502	18515	4259	26.45	DS60
WASP0046362	1715	49477	42689	13640	24.8915451895044	DS60
WASP0046363	975	36247	26417	5602	27.094358974359	DS60
WASP0046365	1516	57621	41983	10264	27.69327176781	DS60
WASP0046368	2288	93397	64438	13737	28.1634615384615	DS60
WASP0046369	960	26620	21156	6444	22.0375	DS60
WASP0046370	4133	108459	103592	31659	25.064601984031	DS60
WASP0046372	4703	167906	134047	33440	28.5024452477142	DS60
WASP0046381	1614	58517	44574	11246	27.6171003717472	DS60
WASP0047001	772	24259	19505	5722	25.2655440414508	DS60
WASP0047004	920	34260	24496	4233	26.6260869565217	DS60
WASP0047006	854	23629	20249	6216	23.7107728337237	DS60
WASP0047007	849	23941	20724	5940	24.4098939929329	DS60
WASP0047009	2196	67976	56073	15154	25.5341530054645	DS60
WASP0047012	735	23946	18689	4790	25.4272108843537	DS60
WASP0047017	2242	70023	55510	14443	24.7591436217663	DS60
WASP0047018	431	12649	9599	3216	22.2714617169374	DS60
WASP0047021	414	14556	10201	2317	24.6400966183575	DS60
WASP0047024	271	7022	4674	930	17.2472324723247	DS60
WASP0047025	753	20303	17034	5834	22.6215139442231	DS60
WASP0047027	1312	46467	35385	9469	26.9702743902439	DS60
WASP0047028	1083	29024	26349	9271	24.3296398891967	DS60
WASP0047031	750	22937	17694	4862	23.592	DS60
WASP0047032	788	22559	17592	5213	22.3248730964467	DS60
WASP0047033	2483	82350	69177	20858	27.860249697946	DS60
WASP0047034	561	17066	14037	4300	25.0213903743316	DS60
WASP0047037	1226	40324	33437	9109	27.2732463295269	DS60
WASP0047041	1382	42693	35368	11331	25.5918958031838	DS60
WASP0047042	733	22273	17713	4291	24.1650750341064	DS60
WASP0047044	511	14252	11908	3257	23.3033268101761	DS60
WASP0047051	664	22776	16157	4170	24.3328313253012	DS60
WASP0047052	954	34412	24754	5674	25.9475890985325	DS60
WASP0047053	344	10904	6288	838	18.2790697674419	DS60
WASP0047054	4234	125432	107950	31191	25.4959848842702	DS60
WASP0047055	1892	51881	47653	15525	25.1865750528541	DS60
WASP0047056	2424	60719	57422	19255	23.6889438943894	DS60
WASP0047060	262	5174	4855	1736	18.530534351145	DS60
WASP0047061	388	10882	7545	2179	19.4458762886598	DS60
WASP0047062	1383	39870	33327	9951	24.0976138828633	DS60
WASP0047064	760	25866	19746	4813	25.9815789473684	DS60
WASP0047066	1241	42087	31483	7484	25.3690572119259	DS60
WASP0047067	978	31915	23439	6056	23.9662576687117	DS60
WASP0047069	599	14396	13379	4436	22.3355592654424	DS60
WASP0047070	2461	85493	68056	17148	27.65379926859	DS60
WASP0047071	620	19628	16465	4100	26.5564516129032	DS60
WASP0047072	884	31301	23025	3927	26.0463800904977	DS60
WASP0047073	1407	39865	35317	11122	25.1009239516702	DS60
WASP0047075	1056	38900	27655	5337	26.188446969697	DS60
WASP0047076	395	9714	9787	3235	24.7772151898734	DS60
WASP0047079	795	25286	18846	5152	23.7056603773585	DS60
WASP0047081	2032	54863	50880	15908	25.0393700787402	DS60
WASP0047083	719	23241	17827	4177	24.7941585535466	DS60
WASP0047084	238	4389	3317	1069	13.936974789916	DS60
WASP0047085	2724	97353	75727	21077	27.7999265785609	DS60
WASP0047087	2238	69143	52786	14053	23.5862377122431	DS60
WASP0047089	437	11808	9329	2508	21.3478260869565	DS60
WASP0047090	1424	43014	34834	9486	24.4620786516854	DS60
WASP0047092	734	20935	17092	4893	23.2861035422343	DS60
WASP0047093	3763	145412	103356	27307	27.4663832048897	DS60
WASP0047096	1284	37078	32088	9216	24.9906542056075	DS60
WASP0047101	872	23676	18093	4866	20.7488532110092	DS60
WASP0047103	2821	112068	81865	21522	29.0198511166253	DS60
WASP0047104	2902	92671	71019	19160	24.4724328049621	DS60
WASP0047105	143	3568	2230	467	15.5944055944056	DS60
WASP0047109	951	35299	24425	6593	25.68349106204	DS60
WASP0047112	849	26238	20628	6072	24.2968197879859	DS60
WASP0047116	639	20808	15284	3298	23.9186228482003	DS60
WASP0047117	227	4678	4281	1614	18.8590308370044	DS60
WASP0047118	962	37147	26699	6218	27.7536382536383	DS60
WASP0047119	1143	39063	28815	6890	25.2099737532808	DS60
WASP0047121	217	5027	3401	743	15.6728110599078	DS60
WASP0047123	346	12194	7016	1207	20.2774566473988	DS60
WASP0047125	783	23460	18904	5539	24.1430395913155	DS60
WASP0047127	500	12256	9820	3209	19.64	DS60
WASP0047128	2272	90338	60090	13009	26.4480633802817	DS60
WASP0047129	1043	25662	25192	9044	24.1534036433365	DS60
WASP0047130	520	16601	12143	3328	23.3519230769231	DS60
WASP0047132	897	31414	22044	6353	24.5752508361204	DS60
WASP0047134	121	2895	1432	267	11.8347107438017	DS60
WASP0047137	183	5848	4041	1244	22.0819672131148	DS60
WASP0047138	187	4431	2552	689	13.6470588235294	DS60
WASP0047144	1546	54583	38589	10062	24.9605433376455	DS60
WASP0047145	142	3773	2588	625	18.2253521126761	DS60
WASP0047147	468	14131	11379	3533	24.3141025641026	DS60
WASP0047149	657	22038	16681	3931	25.3896499238965	DS60
WASP0047150	1247	40871	29991	8541	24.0505212510024	DS60
WASP0047152	3553	129824	97962	21058	27.5716296087813	DS60
WASP0047153	1573	51325	38579	11107	24.5257469802924	DS60
WASP0047154	687	22678	16467	3816	23.9694323144105	DS60
WASP0047155	1074	31675	25364	7331	23.6163873370577	DS60
WASP0047156	1513	54382	37951	8530	25.0832782551223	DS60
WASP0047158	2172	74477	52441	13505	24.1441068139963	DS60
WASP0047159	1793	64104	45253	10163	25.2387060791969	DS60
WASP0047160	500	17603	11136	2674	22.272	DS60
WASP0047161	268	7807	5139	1348	19.1753731343284	DS60
WASP0047162	209	4658	2910	827	13.9234449760766	DS60
WASP0047163	2517	71245	62687	19708	24.9054429876838	DS60
WASP0047164	1031	24473	25285	9129	24.5247332686712	DS60
WASP0047165	715	19518	15045	4317	21.041958041958	DS60
WASP0047166	880	30038	22020	5850	25.0227272727273	DS60
WASP0047167	1549	60463	40906	8715	26.4080051646223	DS60
WASP0047168	360	12361	6810	1675	18.9166666666667	DS60
WASP0047169	2451	63143	61051	20031	24.9086087311302	DS60
WASP0047170	1689	58536	41359	9274	24.4872705743043	DS60
WASP0047171	1108	32409	25165	7046	22.7120938628159	DS60
WASP0047172	1585	62435	42168	8503	26.6044164037855	DS60
WASP0047173	1379	44693	34954	10128	25.3473531544598	DS60
WASP0047175	1861	60948	50579	15428	27.1783987103708	DS60
WASP0047181	1722	52369	43370	11791	25.1858304297329	DS60
WASP0047183	1355	41672	32658	8834	24.1018450184502	DS60
WASP0047184	1062	40617	28631	6746	26.9595103578154	DS60
WASP0047185	998	27878	24996	7847	25.0460921843687	DS60
WASP0047186	637	22477	15397	3948	24.171114599686	DS60
WASP0047188	1489	60527	41184	9098	27.6588314304903	DS60
WASP0047190	5590	166605	130571	36768	23.3579606440072	DS60
WASP0047192	2321	77825	60142	14564	25.9121068504955	DS60
WASP0047193	440	14174	11054	3053	25.1227272727273	DS60
WASP0047194	529	20064	13929	2818	26.3308128544423	DS60
WASP0047195	622	22125	16117	4000	25.911575562701	DS60
WASP0047197	886	27876	21626	6875	24.4085778781038	DS60
WASP0047199	790	32733	21313	4806	26.9784810126582	DS60
WASP0047200	2138	66692	48959	11361	22.899438727783	DS60
WASP0047203	144	5225	2543	357	17.6597222222222	DS60
WASP0047204	1037	31914	26701	7816	25.74831243973	DS60
WASP0047205	211	5031	4455	1346	21.1137440758294	DS60
WASP0047208	95	1970	1069	231	11.2526315789474	DS60
WASP0047210	1310	40804	32243	7547	24.6129770992366	DS60
WASP0047213	208	7450	4745	942	22.8125	DS60
WASP0047214	791	26653	19164	4284	24.2275600505689	DS60
WASP0047216	265	11195	6191	1146	23.3622641509434	DS60
WASP0047218	745	30548	20027	4976	26.8818791946309	DS60
WASP0047219	478	17062	12246	2037	25.6192468619247	DS60
WASP0047222	1153	27877	28702	11642	24.8933217692975	DS60
WASP0047223	1113	44735	28304	7018	25.4303683737646	DS60
WASP0047225	247	6336	4432	1361	17.9433198380567	DS60
WASP0047229	522	14913	11398	3325	21.8352490421456	DS60
WASP0047230	576	14015	12846	4486	22.3020833333333	DS60
WASP0047231	1370	49539	36802	10157	26.8627737226277	DS60
WASP0047234	3265	97548	83192	23445	25.4799387442573	DS60
WASP0047235	1248	38637	31366	9192	25.1330128205128	DS60
WASP0047236	328	8081	7828	2598	23.8658536585366	DS60
WASP0047237	344	8248	6729	1865	19.5610465116279	DS60
WASP0047239	769	25514	17886	3892	23.25877763329	DS60
WASP0047246	968	34733	23548	5676	24.3264462809917	DS60
WASP0047252	2471	86148	68826	19181	27.8535006070417	DS60
WASP0047253	318	12135	6757	1464	21.248427672956	DS60
WASP0047255	1862	68252	48524	11200	26.0601503759399	DS60
WASP0047259	383	12670	9091	2893	23.7362924281984	DS60
WASP0047260	465	13291	10289	3001	22.1268817204301	DS60
WASP0047261	1245	33231	30983	9842	24.8859437751004	DS60
WASP0047263	491	12582	11109	3490	22.6252545824847	DS60
WASP0047265	945	34988	25093	6830	26.5534391534392	DS60
WASP0047268	679	16813	14014	4620	20.639175257732	DS60
WASP0047269	224	6566	4186	1082	18.6875	DS60
WASP0047270	903	32910	22875	5216	25.3322259136213	DS60
WASP0047271	688	16885	14502	4911	21.078488372093	DS60
WASP0047272	959	32428	22245	5142	23.1960375391032	DS60
WASP0047273	859	38337	24691	5067	28.743888242142	DS60
WASP0047274	668	19639	14866	3066	22.2544910179641	DS60
WASP0047279	1208	38203	29445	8542	24.375	DS60
WASP0047285	2923	127805	85207	18860	29.1505302771126	DS60
WASP0047286	2599	100916	74577	16711	28.6944978838015	DS60
WASP0047288	1157	38304	27741	6993	23.9766637856526	DS60
WASP0047290	942	33466	25045	6985	26.5870488322718	DS60
WASP0047291	505	12699	10200	3104	20.1980198019802	DS60
WASP0047292	679	17882	17195	5981	25.3240058910162	DS60
WASP0047293	1716	64389	48824	13422	28.4522144522145	DS60
WASP0047294	688	33670	20630	3541	29.9854651162791	DS60
WASP0047297	1452	49364	38199	10783	26.3078512396694	DS60
WASP0047298	258	6593	5279	1267	20.4612403100775	DS60
WASP0047302	2329	91814	65877	17042	28.2855302705024	DS60
WASP0047304	2182	77063	57427	14709	26.3185151237397	DS60
WASP0047305	404	16435	10011	2159	24.779702970297	DS60
WASP0047308	1726	48473	43375	14713	25.130359212051	DS60
WASP0047311	1034	40174	27083	5617	26.1924564796905	DS60
WASP0047317	435	23431	12985	2115	29.8505747126437	DS60
WASP0047324	168	4139	1600	209	9.52380952380952	DS60
WASP0047325	644	22539	14960	3494	23.2298136645963	DS60
WASP0047328	849	28174	20514	4807	24.1625441696113	DS60
WASP0047329	1960	73840	53834	14532	27.4663265306122	DS60
WASP0047331	449	14299	9274	2291	20.6547884187082	DS60
WASP0047337	183	5373	2454	409	13.4098360655738	DS60
WASP0047343	920	23640	21113	7513	22.9489130434783	DS60
WASP0047345	488	14771	9895	1879	20.2766393442623	DS60
WASP0047346	1963	53705	48303	15969	24.6067244014264	DS60
WASP0047348	225	8008	4910	1219	21.8222222222222	DS60
WASP0047351	1441	51297	36712	9813	25.4767522553782	DS60
WASP0047356	1816	45678	45676	15164	25.1519823788546	DS60
WASP0047357	623	24293	16233	2607	26.0561797752809	DS60
WASP0047360	489	13662	11937	3726	24.4110429447853	DS60
WASP0047361	962	20508	20607	7407	21.4209979209979	DS60
WASP0047365	1897	66403	50998	14581	26.8835002635741	DS60
WASP0047367	1180	42302	29602	8235	25.0864406779661	DS60
WASP0047368	252	8984	5201	1104	20.6388888888889	DS60
WASP0047369	1513	41809	36931	12700	24.4091209517515	DS60
WASP0047370	1188	41852	28922	5968	24.3451178451178	DS60
WASP0047373	1672	62483	45264	10134	27.0717703349282	DS60
WASP0047374	1552	46417	39741	11744	25.6063144329897	DS60
WASP0047375	1964	73659	54239	12400	27.6165987780041	DS60
WASP0047377	1279	43702	31313	7462	24.4824081313526	DS60
WASP0047378	1823	70134	51859	13168	28.4470652770159	DS60
WASP0047379	1127	33956	27690	8178	24.5696539485359	DS60
WASP0047381	1601	61019	44409	11351	27.738288569644	DS60
WASP0047382	471	16136	11061	2432	23.484076433121	DS60
WASP0047383	633	26254	16514	3408	26.088467614534	DS60
WASP0048002	1132	27135	25854	9971	22.839222614841	DS60
WASP0048003	295	6786	5993	2356	20.3152542372881	DS60
WASP0048004	1190	38208	30308	8898	25.4689075630252	DS60
WASP0048005	160	2831	1077	258	6.73125	DS60
WASP0048006	1326	52561	33897	6406	25.5633484162896	DS60
WASP0048007	611	15316	12069	4323	19.7528641571195	DS60
WASP0048008	1562	53581	40959	12274	26.2221510883483	DS60
WASP0048011	2059	71476	48834	13265	23.7173385138417	DS60
WASP0048012	885	33736	20510	3680	23.1751412429379	DS60
WASP0048015	148	2769	949	276	6.41216216216216	DS60
WASP0048019	468	16873	10780	2644	23.034188034188	DS60
WASP0048021	166	3975	2588	765	15.5903614457831	DS60
WASP0048025	1036	33693	25776	6828	24.8803088803089	DS60
WASP0048029	579	12074	11432	4280	19.7443868739206	DS60
WASP0048031	1172	26078	23483	6909	20.0366894197952	DS60
WASP0048032	370	11628	7889	2115	21.3216216216216	DS60
WASP0048033	663	23930	15620	3812	23.5595776772247	DS60
WASP0048034	815	20964	19768	6879	24.2552147239264	DS60
WASP0048035	2249	70103	55001	13827	24.4557581147177	DS60
WASP0048036	631	21553	13719	3362	21.7416798732171	DS60
WASP0048037	925	34721	24391	6899	26.3686486486487	DS60
WASP0048040	387	13423	8069	2041	20.8501291989664	DS60
WASP0048041	283	7555	5519	1800	19.5017667844523	DS60
WASP0048043	261	8072	4654	1312	17.8314176245211	DS60
WASP0048044	499	13256	8580	2529	17.1943887775551	DS60
WASP0048048	682	20231	15531	5155	22.7727272727273	DS60
WASP0048049	1927	58165	46427	14143	24.0928905033731	DS60
WASP0048051	245	7078	4259	1113	17.3836734693878	DS60
WASP0048053	1661	43879	38453	12641	23.1505117399157	DS60
WASP0048054	293	7429	4317	1175	14.7337883959044	DS60
WASP0048055	295	7479	5477	951	18.5661016949153	DS60
WASP0048056	1564	50692	38505	11330	24.6195652173913	DS60
WASP0048057	964	31168	22052	6341	22.8755186721992	DS60
WASP0048063	118	3275	715	200	6.05932203389831	DS60
WASP0048064	2761	91960	71929	22431	26.0517928286853	DS60
WASP0048066	1224	39117	30337	7848	24.7851307189543	DS60
WASP0048067	406	7643	7466	3024	18.3891625615764	DS60
WASP0048068	149	3201	1921	653	12.8926174496644	DS60
WASP0048070	603	14079	10944	4008	18.1492537313433	DS60
WASP0048072	2789	89929	69365	19988	24.870921477232	DS60
WASP0048076	663	16774	12866	3728	19.4057315233786	DS60
WASP0048077	1178	39946	29113	7225	24.713921901528	DS60
WASP0048081	558	18181	13000	3741	23.2974910394265	DS60
WASP0048083	2622	75103	63651	20192	24.2757437070938	DS60
WASP0048084	1887	45401	41311	14099	21.8924218335983	DS60
WASP0048085	478	17050	10197	3236	21.3326359832636	DS60
WASP0048086	2497	104438	69481	15884	27.825790949139	DS60
WASP0048089	898	24561	19620	5805	21.8485523385301	DS60
WASP0048091	2396	75295	60223	17243	25.1348080133556	DS60
WASP0048093	509	14103	10584	3365	20.7937131630648	DS60
WASP0048095	1121	44186	26025	4718	23.2158786797502	DS60
WASP0048097	1352	45516	32383	8778	23.9519230769231	DS60
WASP0048098	3619	159414	103338	21341	28.5542967670627	DS60
WASP0048099	1666	53308	39178	10419	23.516206482593	DS60
WASP0048100	1580	65336	44203	10747	27.976582278481	DS60
WASP0048101	709	19592	14127	3771	19.9252468265162	DS60
WASP0048103	1706	57025	44429	13442	26.0427901524033	DS60
WASP0048104	479	16123	10855	2274	22.6617954070981	DS60
WASP0048108	731	28611	19650	5159	26.8809849521204	DS60
WASP0048110	533	15462	10099	3318	18.9474671669794	DS60
WASP0048111	904	22291	20370	7495	22.533185840708	DS60
WASP0048113	229	4488	3158	828	13.7903930131004	DS60
WASP0048116	551	19742	12545	3389	22.7676950998185	DS60
WASP0048119	3482	132822	93647	24903	26.8946008041356	DS60
WASP0048120	397	13587	8596	1763	21.6523929471033	DS60
WASP0048121	734	19451	15979	5647	21.7697547683924	DS60
WASP0048123	2448	78025	58824	18074	24.0294117647059	DS60
WASP0048125	980	37606	25948	7085	26.4775510204082	DS60
WASP0048126	376	9693	6862	1934	18.25	DS60
WASP0048127	1996	79951	50867	12521	25.4844689378758	DS60
WASP0048128	2808	116663	75486	18070	26.8824786324786	DS60
WASP0048130	1511	51799	37084	9979	24.5426869622766	DS60
WASP0048132	343	10822	6707	1750	19.5539358600583	DS60
WASP0048133	847	19506	18245	7163	21.5407319952775	DS60
WASP0048136	117	2586	935	240	7.99145299145299	DS60
WASP0048139	394	11361	7768	2216	19.7157360406091	DS60
WASP0048141	507	16154	11734	3329	23.1439842209073	DS60
WASP0048144	270	8897	5493	1377	20.3444444444444	DS60
WASP0048145	286	5610	5040	2055	17.6223776223776	DS60
WASP0048148	164	3109	1536	402	9.36585365853658	DS60
WASP0048150	863	26316	19130	5950	22.1668597914253	DS60
WASP0048151	865	33513	23366	4690	27.0127167630058	DS60
WASP0048152	283	8661	5116	1339	18.0777385159011	DS60
WASP0048154	627	25811	15927	3419	25.4019138755981	DS60
WASP0048159	488	13528	9247	2880	18.9487704918033	DS60
WASP0048161	631	19177	14448	4662	22.8969889064976	DS60
WASP0048165	237	4489	4187	1558	17.6666666666667	DS60
WASP0048166	1451	41243	33656	10260	23.1950379048932	DS60
WASP0048168	1887	62554	47216	12344	25.0217276099629	DS60
WASP0048171	750	18444	16570	5952	22.0933333333333	DS60
WASP0048174	196	7280	3152	579	16.0816326530612	DS60
WASP0048175	2786	82415	67352	20246	24.1751615218952	DS60
WASP0048179	251	6264	4636	1673	18.4701195219124	DS60
WASP0048181	739	19756	16247	4789	21.9851150202977	DS60
WASP0048182	1594	43533	39594	14500	24.8393977415307	DS60
WASP0048183	221	4832	2112	513	9.55656108597285	DS60
WASP0048185	2231	71811	58000	17629	25.997310623039	DS60
WASP0048189	383	11211	8759	2851	22.8694516971279	DS60
WASP0048190	1620	38702	30579	9240	18.8759259259259	DS60
WASP0048205	327	10073	6733	1617	20.5902140672783	DS60
WASP0048206	485	12983	9534	2970	19.6577319587629	DS60
WASP0048207	4461	122300	104546	30934	23.4355525666891	DS60
WASP0048211	1016	26577	23633	8338	23.2608267716535	DS60
WASP0048214	1939	48285	45960	17313	23.7029396596184	DS60
WASP0048219	310	10325	6322	1883	20.3935483870968	DS60
WASP0048220	816	20902	18381	5734	22.5257352941177	DS60
WASP0048221	1360	38782	33899	11215	24.9257352941177	DS60
WASP0048222	934	31802	22973	6062	24.5963597430407	DS60
WASP0048223	239	6440	3861	1168	16.1548117154812	DS60
WASP0048226	1099	30783	26055	7127	23.7079162875341	DS60
WASP0048227	3277	91226	80674	27469	24.6182483979249	DS60
WASP0048229	158	4313	2415	638	15.2848101265823	DS60
WASP0048230	434	9981	8754	2983	20.1705069124424	DS60
WASP0048231	496	13407	10992	4012	22.1612903225806	DS60
WASP0048232	522	19907	12178	3268	23.3295019157088	DS60
WASP0048233	956	29584	22284	6514	23.3096234309623	DS60
WASP0048234	1266	35030	29114	9069	22.9968404423381	DS60
WASP0048236	251	7176	4633	1097	18.4581673306773	DS60
WASP0048237	586	20102	13185	3472	22.5	DS60
WASP0048239	1209	27973	28366	10829	23.4623655913979	DS60
WASP0048243	230	4288	3031	954	13.1782608695652	DS60
WASP0048247	738	26576	18352	4031	24.8672086720867	DS60
WASP0048248	1709	53520	43182	13742	25.2674078408426	DS60
WASP0048249	740	27713	18596	5208	25.1297297297297	DS60
WASP0048250	1003	33680	24318	6788	24.2452642073779	DS60
WASP0048251	1605	56241	41759	9995	26.0180685358255	DS60
WASP0048260	4474	151699	111963	29280	25.0252570406795	DS60
WASP0048262	415	12251	8492	2646	20.4626506024096	DS60
WASP0048265	1379	48335	36561	11488	26.51269035533	DS60
WASP0048266	1245	32645	29493	9599	23.689156626506	DS60
WASP0048268	1196	32648	26366	8267	22.0451505016722	DS60
WASP0048269	619	24506	15784	3512	25.4991922455574	DS60
WASP0048273	1865	67179	47715	12808	25.5844504021448	DS60
WASP0048274	138	3489	1724	347	12.4927536231884	DS60
WASP0048275	739	19218	16541	5626	22.382949932341	DS60
WASP0048276	1463	60214	39583	10333	27.056049213944	DS60
WASP0048279	77	1401	180	34	2.33766233766234	DS60
WASP0048283	801	18165	18556	7068	23.1660424469413	DS60
WASP0048284	1308	53267	35643	7101	27.25	DS60
WASP0048291	458	13504	9344	1976	20.4017467248908	DS60
WASP0048294	240	4565	4133	1665	17.2208333333333	DS60
WASP0048295	1262	33353	23637	7338	18.729793977813	DS60
WASP0048297	759	21735	16357	4419	21.5507246376812	DS60
WASP0048301	1072	41547	28619	6609	26.696828358209	DS60
WASP0048302	741	24093	17976	5766	24.2591093117409	DS60
WASP0048303	204	4873	2637	922	12.9264705882353	DS60
WASP0048304	554	17934	12888	3987	23.2635379061372	DS60
WASP0048305	816	34591	20572	3776	25.2107843137255	DS60
WASP0048306	1756	50283	38397	7709	21.8661731207289	DS60
WASP0048307	815	19195	17408	6164	21.359509202454	DS60
WASP0048308	1521	59762	41435	9532	27.2419460880999	DS60
WASP0048311	2313	70444	56144	17789	24.2732382187635	DS60
WASP0048313	1557	58069	41021	11955	26.3461785484907	DS60
WASP0048314	855	28834	21745	6348	25.4327485380117	DS60
WASP0048316	380	9730	7781	2480	20.4763157894737	DS60
WASP0048317	911	40591	22605	4086	24.8133918770582	DS60
WASP0048320	692	17434	14441	4950	20.8684971098266	DS60
WASP0048321	347	12744	5766	1215	16.6167146974063	DS60
WASP0048322	1709	72151	46707	11972	27.3300175541252	DS60
WASP0048324	496	14549	9180	2071	18.508064516129	DS60
WASP0048325	881	21552	20146	7505	22.8671963677639	DS60
WASP0048327	1832	53587	38915	10069	21.2418122270742	DS60
WASP0048331	681	19792	14611	3988	21.4552129221733	DS60
WASP0048336	345	8349	4985	1142	14.4492753623188	DS60
WASP0048337	1786	51591	43029	13891	24.0923852183651	DS60
WASP0048339	484	11821	9088	3109	18.7768595041322	DS60
WASP0048343	453	11776	8711	2789	19.2295805739514	DS60
WASP0048344	509	13333	10451	3577	20.532416502947	DS60
WASP0048348	2302	66200	53430	16043	23.2102519548219	DS60
WASP0048352	483	15025	9952	3018	20.6045548654244	DS60
WASP0048353	1081	34223	24294	7143	22.4736355226642	DS60
WASP0048354	716	17781	14910	5260	20.8240223463687	DS60
WASP0048355	1756	41843	33382	10337	19.0102505694761	DS60
WASP0048357	3828	127588	95084	26886	24.8390804597701	DS60
WASP0048359	2228	86078	55361	11644	24.8478456014363	DS60
WASP0048361	772	19113	14892	5472	19.2901554404145	DS60
WASP0048362	2574	84169	64636	18719	25.1111111111111	DS60
WASP0048363	594	18234	13006	3636	21.8956228956229	DS60
WASP0048365	402	8714	8108	3130	20.1691542288557	DS60
WASP0048367	150	3848	2308	640	15.3866666666667	DS60
WASP0048369	258	5701	4551	1568	17.6395348837209	DS60
WASP0048371	1437	52541	37014	9978	25.7578288100209	DS60
WASP0048372	365	8984	7552	2853	20.6904109589041	DS60
WASP0048373	1328	38069	31812	9967	23.9548192771084	DS60
WASP0048377	228	4740	2318	599	10.1666666666667	DS60
WASP0048379	410	10246	8712	2877	21.2487804878049	DS60
WASP0048380	3230	94538	81222	27394	25.1461300309598	DS60
WASP0048381	4044	172687	116478	29909	28.8026706231454	DS60
WASP0048382	2991	79511	73377	24977	24.5325977933801	DS60
WASP0048384	124	1869	131	47	1.05645161290323	DS60
WASP0049001	562	19748	14125	2805	25.1334519572954	DS60
WASP0049002	597	14299	11467	3088	19.2077051926298	DS60
WASP0049004	1339	34251	32386	8536	24.1867064973861	DS60
WASP0049005	749	20948	16240	3133	21.6822429906542	DS60
WASP0049006	2382	87919	67384	11248	28.2888329135181	DS60
WASP0049007	2500	107015	75858	11682	30.3432	DS60
WASP0049008	524	18409	14280	2995	27.2519083969466	DS60
WASP0049009	1543	47299	38958	9464	25.248217757615	DS60
WASP0049012	1242	55411	37922	4588	30.5330112721417	DS60
WASP0049013	872	34902	24173	4070	27.7213302752294	DS60
WASP0049014	1183	41073	30947	7756	26.1597633136095	DS60
WASP0049016	882	33826	25168	4632	28.5351473922903	DS60
WASP0049020	717	11752	12559	5053	17.5160390516039	DS60
WASP0049022	951	31382	24420	5209	25.6782334384858	DS60
WASP0049025	1201	27180	26997	8566	22.4787676935887	DS60
WASP0049027	1269	43559	34811	6484	27.4318360914106	DS60
WASP0049029	367	11352	7690	1720	20.9536784741144	DS60
WASP0049033	2433	85232	66605	15778	27.3756678997123	DS60
WASP0049034	754	20748	16341	3716	21.6724137931035	DS60
WASP0049035	728	15936	15444	5262	21.2142857142857	DS60
WASP0049036	1008	42323	29053	3595	28.8224206349206	DS60
WASP0049039	713	21324	15820	3301	22.1879382889201	DS60
WASP0049040	3127	99933	85428	21740	27.3194755356572	DS60
WASP0049041	390	10724	8070	1882	20.6923076923077	DS60
WASP0049042	838	26355	19754	2806	23.5727923627685	DS60
WASP0049044	1508	38279	35571	11014	23.5881962864721	DS60
WASP0049045	1485	39068	35628	10511	23.9919191919192	DS60
WASP0049046	1347	52357	37894	7190	28.1321455085375	DS60
WASP0049048	932	32856	24544	4660	26.3347639484979	DS60
WASP0049054	1823	61572	46794	9203	25.6686780032913	DS60
WASP0049055	555	17627	12114	2201	21.827027027027	DS60
WASP0049056	712	18561	16358	4822	22.9747191011236	DS60
WASP0049057	1086	45426	30979	4531	28.5257826887661	DS60
WASP0049058	1877	58685	48621	12372	25.9035695258391	DS60
WASP0049060	377	9763	6719	1388	17.8222811671088	DS60
WASP0049061	1363	48952	37836	7448	27.7593543653705	DS60
WASP0049062	927	23165	20389	6484	21.9946062567422	DS60
WASP0049063	1377	66712	45598	5893	33.1140159767611	DS60
WASP0049065	1011	32461	25343	5427	25.0672601384768	DS60
WASP0049066	2199	108228	72035	9037	32.7580718508413	DS60
WASP0049067	1215	31066	27513	7829	22.6444444444444	DS60
WASP0049070	1026	33297	26557	5450	25.8840155945419	DS60
WASP0049073	3333	112673	94196	25012	28.2616261626163	DS60
WASP0049075	1408	55670	42206	8368	29.9758522727273	DS60
WASP0049078	1011	38313	26229	5228	25.9436201780415	DS60
WASP0049080	2642	79631	67830	15540	25.6737320211961	DS60
WASP0049081	830	23168	19251	4694	23.1939759036145	DS60
WASP0049082	722	20558	15809	3725	21.8961218836565	DS60
WASP0049083	1142	48946	33715	4352	29.5227670753065	DS60
WASP0049086	2148	64541	57320	14841	26.6852886405959	DS60
WASP0049087	729	20775	15770	3626	21.6323731138546	DS60
WASP0049089	653	18156	13780	2956	21.1026033690659	DS60
WASP0049090	670	21121	15520	3174	23.1641791044776	DS60
WASP0049095	687	25207	17952	2239	26.1310043668122	DS60
WASP0049100	520	16260	12240	2500	23.5384615384615	DS60
WASP0049101	871	19627	16727	3207	19.2043628013777	DS60
WASP0049105	257	7542	4932	935	19.1906614785992	DS60
WASP0049108	1651	66867	49946	8183	30.251968503937	DS60
WASP0049109	3247	139968	103623	15925	31.9134585771481	DS60
WASP0049112	1014	32736	25996	6578	25.6370808678501	DS60
WASP0049113	341	8476	5663	1377	16.6070381231672	DS60
WASP0049116	899	16560	19588	8167	21.7886540600667	DS60
WASP0049118	292	7418	5162	1021	17.6780821917808	DS60
WASP0049120	751	24973	19136	4125	25.4806924101198	DS60
WASP0049122	587	17440	12794	2668	21.7955706984668	DS60
WASP0049125	1796	66310	51049	9952	28.423719376392	DS60
WASP0049127	835	29159	21721	4031	26.0131736526946	DS60
WASP0049128	2497	98122	75579	12461	30.267921505807	DS60
WASP0049130	614	23861	15681	2254	25.5390879478827	DS60
WASP0049132	1518	60868	44934	8835	29.600790513834	DS60
WASP0049133	917	34219	24318	4158	26.5190839694657	DS60
WASP0049138	3010	123671	93704	18271	31.1308970099668	DS60
WASP0049139	3082	108939	85843	17879	27.8530175210902	DS60
WASP0049140	636	14952	12901	3924	20.2845911949686	DS60
WASP0049141	1315	51504	36742	6524	27.9406844106464	DS60
WASP0049142	2775	107179	78825	12759	28.4054054054054	DS60
WASP0049143	2512	97846	73617	14496	29.3061305732484	DS60
WASP0049144	565	14629	11153	2605	19.7398230088496	DS60
WASP0049146	615	14384	12109	2823	19.6894308943089	DS60
WASP0049147	1571	57358	41601	5998	26.4805856142584	DS60
WASP0049148	1398	58145	41686	7355	29.8183118741059	DS60
WASP0049149	1586	46733	40273	11615	25.3928121059269	DS60
WASP0049150	867	28128	21935	4888	25.2998846597463	DS60
WASP0049152	1876	74080	53520	8979	28.5287846481876	DS60
WASP0049153	961	36083	26375	4846	27.4453694068679	DS60
WASP0049154	718	22495	17286	4028	24.075208913649	DS60
WASP0049156	418	10161	8267	2363	19.7775119617225	DS60
WASP0049158	3439	110494	85822	17140	24.9555103227683	DS60
WASP0049159	5885	213869	170198	37953	28.9206457094308	DS60
WASP0049160	3177	125418	91501	14835	28.801070192005	DS60
WASP0049161	1308	49138	35132	5600	26.8593272171254	DS60
WASP0049163	2049	58405	50119	11356	24.460224499756	DS60
WASP0049164	815	27197	19823	3770	24.3226993865031	DS60
WASP0049166	2685	109053	79261	10431	29.5199255121043	DS60
WASP0049167	3186	133864	94819	13875	29.7611424984306	DS60
WASP0049171	1654	56541	43337	6372	26.2013301088271	DS60
WASP0049172	1203	54377	36229	4957	30.115544472153	DS60
WASP0049173	764	29053	19207	3256	25.1400523560209	DS60
WASP0049174	1177	34811	28665	7438	24.3542905692438	DS60
WASP0049175	2172	83382	63436	10198	29.2062615101289	DS60
WASP0049176	2920	100810	80638	18600	27.6157534246575	DS60
WASP0049178	898	34729	23879	4141	26.5913140311804	DS60
WASP0049182	883	28362	21678	5116	24.5503963759909	DS60
WASP0049183	2894	116647	85093	12526	29.4032480995162	DS60
WASP0049184	4093	174365	127559	19817	31.1651600293184	DS60
WASP0049186	2563	108257	79420	13547	30.9871244635193	DS60
WASP0049187	1545	62279	46816	8712	30.3016181229773	DS60
WASP0049188	1808	63348	50536	10888	27.9513274336283	DS60
WASP0049189	2001	83411	60802	8694	30.3858070964518	DS60
WASP0049198	547	14336	12772	3693	23.3491773308958	DS60
WASP0049202	1200	50835	35926	5638	29.9383333333333	DS60
WASP0049204	510	17094	11937	2220	23.4058823529412	DS60
WASP0049205	863	16905	17742	6779	20.558516801854	DS60
WASP0049206	1545	49640	41153	10276	26.6362459546926	DS60
WASP0049207	1298	42406	32353	5763	24.9252696456086	DS60
WASP0049208	870	28260	23429	5790	26.9298850574713	DS60
WASP0049209	352	10296	7704	1871	21.8863636363636	DS60
WASP0049210	871	26692	22156	5459	25.4374282433984	DS60
WASP0049212	1124	47094	33288	5186	29.6156583629893	DS60
WASP0049213	569	17542	13110	3074	23.0404217926186	DS60
WASP0049215	1154	39229	33349	8502	28.8986135181976	DS60
WASP0049217	660	22581	15742	3521	23.8515151515152	DS60
WASP0049218	354	9628	7928	2250	22.3954802259887	DS60
WASP0049219	1135	37896	30334	6151	26.7259911894273	DS60
WASP0049220	454	11113	8973	2368	19.7643171806167	DS60
WASP0049222	1918	69640	54248	7971	28.2836287799791	DS60
WASP0049224	606	19252	15399	3540	25.4108910891089	DS60
WASP0049231	1385	57382	41793	7010	30.1754512635379	DS60
WASP0049232	1268	52859	37540	6138	29.6056782334385	DS60
WASP0049234	1057	35678	27720	5555	26.2251655629139	DS60
WASP0049235	1725	48550	41933	11010	24.3089855072464	DS60
WASP0049236	1254	44320	33930	5339	27.0574162679426	DS60
WASP0049237	1345	46444	35049	4070	26.0587360594796	DS60
WASP0049238	1083	40150	28627	4005	26.4330563250231	DS60
WASP0049240	534	15052	12580	3632	23.5580524344569	DS60
WASP0049245	750	30534	21214	2584	28.2853333333333	DS60
WASP0049248	1002	29469	24505	6240	24.4560878243513	DS60
WASP0049249	1265	48979	36210	7151	28.6245059288538	DS60
WASP0049250	1548	59263	44781	9139	28.9282945736434	DS60
WASP0049251	1295	36165	32971	8854	25.4602316602317	DS60
WASP0049252	3271	135523	97004	20160	29.6557627636808	DS60
WASP0049253	971	32055	24709	4687	25.4469618949537	DS60
WASP0049255	2331	65225	60169	17278	25.8125268125268	DS60
WASP0049261	391	10583	8723	1893	22.309462915601	DS60
WASP0049264	2675	89968	73191	17364	27.3611214953271	DS60
WASP0049266	1466	53545	39940	6325	27.2442019099591	DS60
WASP0049267	799	34251	21817	2310	27.305381727159	DS60
WASP0049268	2747	103388	78966	15260	28.7462686567164	DS60
WASP0049269	1752	44558	42845	13274	24.4549086757991	DS60
WASP0049270	454	13136	10428	2341	22.9691629955947	DS60
WASP0049273	1157	53466	35834	5327	30.971477960242	DS60
WASP0049274	2033	81152	61629	10189	30.314313821938	DS60
WASP0049275	1897	70342	52904	8951	27.8882445967317	DS60
WASP0049277	1457	70396	46713	6632	32.0610844200412	DS60
WASP0049278	1411	46801	38094	7605	26.9978738483345	DS60
WASP0049280	507	15290	10842	2523	21.3846153846154	DS60
WASP0049282	2674	85015	73488	20144	27.4824233358265	DS60
WASP0049286	2437	88717	67736	14143	27.7948297086582	DS60
WASP0049287	1324	46565	36314	7508	27.4274924471299	DS60
WASP0049288	1928	71464	52662	9877	27.3143153526971	DS60
WASP0049290	348	9766	6473	1274	18.6005747126437	DS60
WASP0049291	679	26895	18894	2293	27.8262150220913	DS60
WASP0049292	1278	48158	36444	8586	28.5164319248826	DS60
WASP0049294	830	37870	25563	3610	30.7987951807229	DS60
WASP0049299	725	15700	14104	4492	19.4537931034483	DS60
WASP0049301	676	24321	17144	3155	25.3609467455621	DS60
WASP0049303	592	17096	14119	3791	23.8496621621622	DS60
WASP0049304	567	20008	14455	2931	25.4938271604938	DS60
WASP0049305	3105	108718	87002	20601	28.0199677938808	DS60
WASP0049306	295	7831	5553	1529	18.8237288135593	DS60
WASP0049308	1492	43445	37687	10229	25.2593833780161	DS60
WASP0049310	609	24214	16191	2341	26.5862068965517	DS60
WASP0049311	1373	50288	37931	6930	27.626365622724	DS60
WASP0049312	6533	241456	186261	34961	28.5107913669065	DS60
WASP0049317	1040	26369	22361	6871	21.5009615384615	DS60
WASP0049321	2381	84746	66609	16145	27.9752204955901	DS60
WASP0049322	752	24738	18763	3723	24.9507978723404	DS60
WASP0049324	426	14645	9646	2066	22.6431924882629	DS60
WASP0049325	746	24351	18640	4173	24.9865951742627	DS60
WASP0049326	1269	45930	34479	5979	27.1702127659575	DS60
WASP0049328	1567	56645	41914	7568	26.7479259731972	DS60
WASP0049332	1081	30186	25737	7421	23.8085106382979	DS60
WASP0049336	2682	72091	57109	14176	21.293437733035	DS60
WASP0049339	3194	142185	96381	16988	30.1756418284283	DS60
WASP0049343	1119	36408	28933	4645	25.8561215370867	DS60
WASP0049345	1165	31273	26698	6806	22.9167381974249	DS60
WASP0049346	1486	46518	38011	8867	25.5794078061911	DS60
WASP0049347	642	15727	13082	4025	20.3769470404984	DS60
WASP0049348	839	23698	20285	5175	24.1775923718713	DS60
WASP0049349	854	24009	19669	4974	23.0316159250586	DS60
WASP0049350	2327	90539	68766	11566	29.5513536742587	DS60
WASP0049352	1260	33243	27697	8006	21.981746031746	DS60
WASP0049353	3998	180353	128361	17645	32.1063031515758	DS60
WASP0049354	1944	54315	49132	15158	25.2736625514403	DS60
WASP0049355	1001	22553	17755	4828	17.7372627372627	DS60
WASP0049356	1484	54435	40737	6537	27.4508086253369	DS60
WASP0049357	1355	45314	34834	7505	25.7077490774908	DS60
WASP0049358	443	11613	8613	1723	19.4424379232506	DS60
WASP0049360	2161	75818	57241	10644	26.4881999074503	DS60
WASP0049361	2667	82549	66135	11990	24.7975253093363	DS60
WASP0049362	2283	99063	69686	11204	30.5238720981165	DS60
WASP0049363	1069	42066	29521	5524	27.6155285313377	DS60
WASP0049364	488	12975	9597	2319	19.6659836065574	DS60
WASP0049365	722	22487	17683	4390	24.4916897506925	DS60
WASP0049366	688	19450	15264	3422	22.1860465116279	DS60
WASP0049367	2354	89354	67748	9432	28.7799490229397	DS60
WASP0049369	1075	28260	26244	8592	24.413023255814	DS60
WASP0049370	1591	44524	38526	9757	24.2149591451917	DS60
WASP0049371	537	13453	11260	3205	20.9683426443203	DS60
WASP0049376	4409	173269	129128	23392	29.2873667498299	DS60
WASP0049377	726	21654	16279	3320	22.4228650137741	DS60
WASP0049378	1240	50158	35726	5713	28.8112903225806	DS60
WASP0049379	2697	110646	81251	15786	30.1264367816092	DS60
WASP0049381	699	25090	17672	4003	25.2818311874106	DS60
WASP0049382	612	16766	12618	3152	20.6176470588235	DS60
WASP0049383	953	33461	25011	4517	26.2444910807975	DS60
WASP0050001	497	11531	8722	2598	17.5492957746479	DS60
WASP0050003	951	20357	17578	5572	18.4837013669821	DS60
WASP0050005	368	11172	7609	1224	20.6766304347826	DS60
WASP0050006	724	22439	14801	3384	20.4433701657459	DS60
WASP0050007	690	19102	14190	4393	20.5652173913043	DS60
WASP0050010	121	1838	119	16	0.983471074380165	DS60
WASP0050011	812	19208	14843	4116	18.2795566502463	DS60
WASP0050012	546	11534	9179	2799	16.8113553113553	DS60
WASP0050017	945	22263	19858	5682	21.0137566137566	DS60
WASP0050021	395	13261	8131	1492	20.5848101265823	DS60
WASP0050024	477	12506	8720	1929	18.2809224318658	DS60
WASP0050027	632	16341	11808	3198	18.6835443037975	DS60
WASP0050028	247	6332	3809	971	15.4210526315789	DS60
WASP0050029	268	7239	3977	725	14.839552238806	DS60
WASP0050033	569	17562	12230	3275	21.493848857645	DS60
WASP0050038	170	3675	1842	423	10.8352941176471	DS60
WASP0050042	590	12047	9266	2158	15.7050847457627	DS60
WASP0050043	549	18371	12999	2992	23.6775956284153	DS60
WASP0050048	3218	105004	77764	19380	24.1653200745805	DS60
WASP0050050	657	11822	12401	4597	18.8751902587519	DS60
WASP0050058	455	11719	7272	1538	15.9824175824176	DS60
WASP0050061	914	27841	19662	4757	21.5120350109409	DS60
WASP0050067	967	28883	20546	3841	21.2471561530507	DS60
WASP0050072	855	31145	19003	2985	22.2257309941521	DS60
WASP0050073	477	11399	8609	2289	18.0482180293501	DS60
WASP0050074	521	11628	9880	2781	18.9635316698656	DS60
WASP0050076	542	9812	9381	3435	17.3081180811808	DS60
WASP0050077	570	14860	10857	2861	19.0473684210526	DS60
WASP0050078	1198	41945	29380	6623	24.5242070116862	DS60
WASP0050079	580	14660	11380	3169	19.6206896551724	DS60
WASP0050083	1290	34776	27253	7212	21.1263565891473	DS60
WASP0050084	318	6507	3947	1045	12.4119496855346	DS60
WASP0050086	181	4295	2731	508	15.0883977900552	DS60
WASP0050088	1365	31491	27316	9134	20.0117216117216	DS60
WASP0050090	579	13782	10765	3259	18.5924006908463	DS60
WASP0050091	1075	40046	26470	4225	24.6232558139535	DS60
WASP0050094	1441	35278	28616	7896	19.8584316446912	DS60
WASP0050096	2283	72070	51397	12710	22.5129215943933	DS60
WASP0050100	409	11309	8509	1742	20.8044009779951	DS60
WASP0050101	246	3638	2435	552	9.89837398373984	DS60
WASP0050107	788	18521	15432	4836	19.5837563451777	DS60
WASP0050111	304	8063	5229	1123	17.2006578947368	DS60
WASP0050112	4071	112793	87643	23595	21.5286170474085	DS60
WASP0050113	378	9304	5958	1370	15.7619047619048	DS60
WASP0050114	381	10614	7092	1337	18.6141732283465	DS60
WASP0050115	810	21331	16981	4524	20.9641975308642	DS60
WASP0050116	393	7880	5982	1943	15.2213740458015	DS60
WASP0050119	678	17901	13613	3898	20.0781710914454	DS60
WASP0050120	449	16889	10346	1408	23.0423162583519	DS60
WASP0050121	1497	41882	32619	8489	21.7895791583166	DS60
WASP0050126	730	18200	14362	4103	19.6739726027397	DS60
WASP0050134	629	13015	11570	3536	18.3942766295707	DS60
WASP0050136	1360	39917	28754	7071	21.1426470588235	DS60
WASP0050137	591	12559	12176	4510	20.6023688663283	DS60
WASP0050138	767	21031	15861	4059	20.6792698826597	DS60
WASP0050139	1269	41464	29669	6280	23.3798266351458	DS60
WASP0050143	1607	53746	36833	8623	22.92034847542	DS60
WASP0050146	377	8057	6759	2241	17.9283819628647	DS60
WASP0050147	488	11621	9394	2915	19.25	DS60
WASP0050151	848	20388	18544	5986	21.8679245283019	DS60
WASP0050153	408	9686	6199	1540	15.1936274509804	DS60
WASP0050158	450	7217	6935	2582	15.4111111111111	DS60
WASP0050160	911	22934	18944	5604	20.794731064764	DS60
WASP0050161	738	24631	15820	3288	21.4363143631436	DS60
WASP0050166	2414	86478	56403	11687	23.3649544324772	DS60
WASP0050167	1022	29334	22377	6192	21.8953033268102	DS60
WASP0050169	1013	31836	22999	5884	22.7038499506417	DS60
WASP0050170	1696	51987	37210	8061	21.939858490566	DS60
WASP0050171	641	17777	14040	3006	21.9032761310452	DS60
WASP0050172	287	6176	4426	1153	15.4216027874564	DS60
WASP0050174	674	17516	13557	3318	20.1142433234421	DS60
WASP0050176	720	25015	16048	3876	22.2888888888889	DS60
WASP0050180	202	4623	2863	611	14.1732673267327	DS60
WASP0050181	1551	47044	35632	9012	22.9735654416506	DS60
WASP0050182	1384	40189	30674	9013	22.1632947976879	DS60
WASP0050185	1479	53046	36804	7834	24.8843813387424	DS60
WASP0050187	1808	74715	49577	9425	27.420907079646	DS60
WASP0050197	216	5833	4048	1118	18.7407407407407	DS60
WASP0050199	430	13313	9276	2204	21.5720930232558	DS60
WASP0050201	448	8188	7510	2951	16.7633928571429	DS60
WASP0050202	342	6887	5049	1459	14.7631578947368	DS60
WASP0050203	1550	39585	33400	10301	21.5483870967742	DS60
WASP0050204	374	10699	6977	1222	18.6550802139037	DS60
WASP0050206	168	3481	1978	451	11.7738095238095	DS60
WASP0050207	176	3672	1751	306	9.94886363636364	DS60
WASP0050213	262	4744	2822	774	10.7709923664122	DS60
WASP0050214	983	31458	22716	5577	23.1088504577823	DS60
WASP0050215	713	23118	17746	4555	24.8892005610098	DS60
WASP0050217	647	18105	13519	3068	20.8948995363215	DS60
WASP0050219	597	11037	10276	3991	17.212730318258	DS60
WASP0050222	810	20376	16994	5553	20.9802469135802	DS60
WASP0050225	766	19835	16436	4873	21.4569190600522	DS60
WASP0050226	642	14092	12636	4350	19.6822429906542	DS60
WASP0050227	796	22147	16636	4700	20.8994974874372	DS60
WASP0050232	1070	39576	26388	5740	24.6616822429907	DS60
WASP0050233	535	13672	10929	2753	20.4280373831776	DS60
WASP0050234	1067	33140	24177	5739	22.6588566073102	DS60
WASP0050237	789	19049	16338	5085	20.7072243346008	DS60
WASP0050238	461	10574	8308	2764	18.0216919739696	DS60
WASP0050241	1039	26869	22161	6968	21.3291626564004	DS60
WASP0050245	294	6466	4048	1160	13.7687074829932	DS60
WASP0050247	1654	64642	42075	9425	25.4383313180169	DS60
WASP0050249	2000	60447	48237	13204	24.1185	DS60
WASP0050252	262	5504	4224	1318	16.1221374045802	DS60
WASP0050258	359	9829	6386	1490	17.7883008356546	DS60
WASP0050259	1309	46633	31371	6122	23.9656226126814	DS60
WASP0050263	1808	58565	44929	9464	24.850110619469	DS60
WASP0050264	1146	34430	24534	5573	21.4083769633508	DS60
WASP0050266	312	6110	4691	1244	15.0352564102564	DS60
WASP0050268	1270	47035	31380	4881	24.7086614173228	DS60
WASP0050269	325	7853	5810	1104	17.8769230769231	DS60
WASP0050272	229	9759	5545	884	24.2139737991266	DS60
WASP0050274	1905	61379	46593	11346	24.4582677165354	DS60
WASP0050278	3231	106965	79105	18646	24.4831321572269	DS60
WASP0050281	2625	84044	63667	16083	24.2540952380952	DS60
WASP0050282	1058	40182	26174	5220	24.7391304347826	DS60
WASP0050284	803	26404	17580	3957	21.892901618929	DS60
WASP0050286	1223	33227	27646	8092	22.6050695012265	DS60
WASP0050287	91	1506	380	66	4.17582417582418	DS60
WASP0050290	333	8393	5864	1601	17.6096096096096	DS60
WASP0050291	814	18061	16117	4401	19.7997542997543	DS60
WASP0050298	449	10709	7678	2074	17.1002227171492	DS60
WASP0050301	324	6640	4294	1384	13.2530864197531	DS60
WASP0050305	646	15357	11043	2841	17.094427244582	DS60
WASP0050306	307	8231	5542	1139	18.0521172638437	DS60
WASP0050308	250	5151	2834	822	11.336	DS60
WASP0050309	1324	37769	29446	8447	22.2401812688822	DS60
WASP0050310	817	25554	17561	3524	21.4944920440637	DS60
WASP0050311	472	14876	9404	2025	19.9237288135593	DS60
WASP0050313	687	17785	13239	3816	19.2707423580786	DS60
WASP0050316	1189	24601	21961	7753	18.4701429772918	DS60
WASP0050320	3808	119583	87484	17609	22.9737394957983	DS60
WASP0050321	581	14645	10590	2796	18.2271944922547	DS60
WASP0050324	299	6988	2869	736	9.59531772575251	DS60
WASP0050326	483	10749	7740	2037	16.0248447204969	DS60
WASP0050328	1741	57665	40391	8070	23.1998851234922	DS60
WASP0050331	414	10910	6856	1932	16.56038647343	DS60
WASP0050333	392	8442	5641	1725	14.390306122449	DS60
WASP0050338	1514	41888	34328	10303	22.6737120211361	DS60
WASP0050340	1463	33856	30523	10397	20.8632946001367	DS60
WASP0050342	663	14247	12534	4263	18.9049773755656	DS60
WASP0050344	2065	64057	46458	12921	22.4978208232446	DS60
WASP0050345	815	23257	16315	3229	20.0184049079755	DS60
WASP0050346	485	10207	8743	3079	18.0268041237113	DS60
WASP0050347	1272	43290	30182	6490	23.7279874213837	DS60
WASP0050349	533	17103	11215	2218	21.0412757973734	DS60
WASP0050352	725	19711	14429	3929	19.9020689655172	DS60
WASP0050353	496	12980	10012	2538	20.1854838709677	DS60
WASP0050357	417	10901	7767	1832	18.6258992805755	DS60
WASP0050358	1791	58762	40028	9232	22.3495254048018	DS60
WASP0050360	1416	40282	31157	8316	22.0035310734463	DS60
WASP0050365	2986	120204	81754	14701	27.3791024782317	DS60
WASP0050368	1031	24365	20149	6533	19.5431619786615	DS60
WASP0050369	719	16061	13731	4721	19.0973574408901	DS60
WASP0050372	1078	26484	21652	6721	20.0853432282004	DS60
WASP0050373	1893	60917	42618	9937	22.513470681458	DS60
WASP0050374	1640	64522	41159	8040	25.0969512195122	DS60
WASP0050380	1890	71333	48142	8767	25.4719576719577	DS60
WASP0050382	1328	37320	30016	8146	22.6024096385542	DS60
WASP0050383	1517	56879	36767	7300	24.2366512854318	DS60
WASP0050384	1600	72123	41094	5102	25.68375	DS60
WASP0051001	383	7072	6370	2209	16.6318537859008	DS60
WASP0051002	480	11703	9532	2353	19.8583333333333	DS60
WASP0051004	1757	37745	38944	13133	22.1650540694365	DS60
WASP0051006	546	12014	10578	3187	19.3736263736264	DS60
WASP0051008	943	25241	21031	4696	22.3022269353128	DS60
WASP0051009	262	5974	3977	749	15.1793893129771	DS60
WASP0051012	245	4475	3001	873	12.2489795918367	DS60
WASP0051013	266	3788	3232	1139	12.1503759398496	DS60
WASP0051014	2552	58176	57460	19477	22.5156739811912	DS60
WASP0051015	628	12505	12663	4490	20.1640127388535	DS60
WASP0051017	2190	45923	45880	13765	20.9497716894977	DS60
WASP0051019	389	5207	4586	1502	11.7892030848329	DS60
WASP0051020	1080	23083	19364	5629	17.9296296296296	DS60
WASP0051022	365	7092	6312	1693	17.2931506849315	DS60
WASP0051023	2321	54149	50760	15310	21.8698836708315	DS60
WASP0051025	1264	27941	27213	8680	21.5292721518987	DS60
WASP0051031	213	3625	3144	934	14.7605633802817	DS60
WASP0051036	532	8082	7834	2520	14.7255639097744	DS60
WASP0051037	582	8390	8870	3091	15.2405498281787	DS60
WASP0051038	443	9053	7276	1732	16.4243792325056	DS60
WASP0051040	325	7965	5702	1045	17.5446153846154	DS60
WASP0051041	1258	27716	26810	8756	21.3116057233704	DS60
WASP0051043	554	7612	8260	2739	14.9097472924188	DS60
WASP0051044	399	5352	5082	1725	12.7368421052632	DS60
WASP0051054	600	12542	12131	4328	20.2183333333333	DS60
WASP0051056	915	18915	17574	5631	19.2065573770492	DS60
WASP0051057	226	4063	3164	995	14	DS60
WASP0051065	313	6208	4831	1517	15.4345047923323	DS60
WASP0051067	474	6609	6328	2032	13.3502109704641	DS60
WASP0051070	251	4526	3956	1448	15.7609561752988	DS60
WASP0051072	607	9084	9681	3245	15.9489291598023	DS60
WASP0051074	258	4321	3095	787	11.9961240310078	DS60
WASP0051075	1729	39341	37915	11623	21.9288606130711	DS60
WASP0051080	144	2937	1522	300	10.5694444444444	DS60
WASP0051081	1173	22001	22422	7439	19.1150895140665	DS60
WASP0051082	304	4035	4016	1270	13.2105263157895	DS60
WASP0051083	1177	22765	22256	6780	18.9090909090909	DS60
WASP0051086	1498	32740	33424	11185	22.3124165554072	DS60
WASP0051087	976	15373	18578	7385	19.0348360655738	DS60
WASP0051088	506	7723	7490	2476	14.802371541502	DS60
WASP0051091	382	5920	5966	2039	15.6178010471204	DS60
WASP0051092	745	14960	15010	4476	20.1476510067114	DS60
WASP0051094	2248	53871	50578	14616	22.4991103202847	DS60
WASP0051102	1231	28512	25395	7275	20.6295694557271	DS60
WASP0051104	1716	36877	38142	13404	22.2272727272727	DS60
WASP0051108	1086	22456	21822	4589	20.0939226519337	DS60
WASP0051109	211	4345	2514	521	11.914691943128	DS60
WASP0051112	1369	19791	23997	8184	17.5288531775018	DS60
WASP0051113	3518	103872	81987	21059	23.3050028425242	DS60
WASP0051114	119	2111	1115	316	9.36974789915966	DS60
WASP0051118	247	3987	3740	1160	15.1417004048583	DS60
WASP0051119	1526	26471	29577	9583	19.3820445609436	DS60
WASP0051121	803	19030	17719	5170	22.06600249066	DS60
WASP0051122	177	2887	2222	620	12.5536723163842	DS60
WASP0051124	400	9302	7776	2023	19.44	DS60
WASP0051125	446	9092	8069	2488	18.0919282511211	DS60
WASP0051126	575	9585	9491	3039	16.5060869565217	DS60
WASP0051128	3521	96495	79419	19742	22.5558080090883	DS60
WASP0051130	188	3911	2967	785	15.781914893617	DS60
WASP0051132	803	11109	12383	4169	15.4209215442092	DS60
WASP0051135	220	3901	3204	930	14.5636363636364	DS60
WASP0051140	489	11356	8995	2298	18.3946830265849	DS60
WASP0051145	616	11664	11269	3402	18.2938311688312	DS60
WASP0051147	1521	37261	31942	9465	21.0006574621959	DS60
WASP0051151	295	6708	4889	1378	16.5728813559322	DS60
WASP0051152	154	2377	1467	385	9.52597402597403	DS60
WASP0051154	184	3891	2365	592	12.8532608695652	DS60
WASP0051155	316	6277	4567	1011	14.4525316455696	DS60
WASP0051158	457	6471	6641	2195	14.5317286652079	DS60
WASP0051160	845	20662	16508	4401	19.5360946745562	DS60
WASP0051161	2646	62323	54779	14967	20.7025699168556	DS60
WASP0051162	471	8167	7699	2567	16.3460721868365	DS60
WASP0051163	577	12168	10715	3251	18.5701906412478	DS60
WASP0051165	494	7447	8000	2644	16.1943319838057	DS60
WASP0051166	3474	86357	75227	21707	21.6542890040299	DS60
WASP0051167	1095	20750	22511	8582	20.5579908675799	DS60
WASP0051168	175	3016	2506	616	14.32	DS60
WASP0051169	1710	40362	37368	11081	21.8526315789474	DS60
WASP0051170	661	9500	10414	3376	15.7549167927383	DS60
WASP0051172	193	3184	1951	560	10.1088082901554	DS60
WASP0051173	225	4173	3237	752	14.3866666666667	DS60
WASP0051174	2351	53020	49517	14738	21.0621012335177	DS60
WASP0051177	457	6953	7028	2283	15.3785557986871	DS60
WASP0051178	603	9622	10086	3260	16.726368159204	DS60
WASP0051180	419	5919	6110	2024	14.582338902148	DS60
WASP0051183	722	11233	12422	4125	17.2049861495845	DS60
WASP0051185	3587	76854	77643	25288	21.6456649010315	DS60
WASP0051187	1546	38657	34481	10606	22.3033635187581	DS60
WASP0051189	790	9579	11254	4196	14.2455696202532	DS60
WASP0051190	741	11920	11390	3527	15.3711201079622	DS60
WASP0051191	257	5167	4148	1028	16.1400778210117	DS60
WASP0051194	153	3163	2139	451	13.9803921568627	DS60
WASP0051195	719	16862	15021	4423	20.8915159944367	DS60
WASP0051196	309	8347	5938	1252	19.2168284789644	DS60
WASP0051199	1655	32794	34700	11171	20.9667673716012	DS60
WASP0051200	1198	27336	24251	5639	20.2429048414023	DS60
WASP0051203	540	11654	10547	3193	19.5314814814815	DS60
WASP0051206	105	1971	1120	209	10.6666666666667	DS60
WASP0051207	259	5135	4004	871	15.4594594594595	DS60
WASP0051209	1193	20713	24189	9341	20.2757753562448	DS60
WASP0051210	150	2427	1584	379	10.56	DS60
WASP0051211	1573	28964	32720	12169	20.8010171646535	DS60
WASP0051214	499	9080	8742	2540	17.5190380761523	DS60
WASP0051215	460	7129	7957	2647	17.2978260869565	DS60
WASP0051217	90	1291	712	168	7.91111111111111	DS60
WASP0051221	675	19910	15201	3452	22.52	DS60
WASP0051225	130	2223	1130	243	8.69230769230769	DS60
WASP0051229	330	7075	5960	1514	18.0606060606061	DS60
WASP0051231	1005	23217	20564	5227	20.4616915422886	DS60
WASP0051233	527	7963	8610	2809	16.3377609108159	DS60
WASP0051235	312	5025	5119	1662	16.4070512820513	DS60
WASP0051238	524	11489	10826	3391	20.6603053435115	DS60
WASP0051239	214	4415	2536	575	11.8504672897196	DS60
WASP0051240	204	4661	3614	753	17.7156862745098	DS60
WASP0051241	524	7795	8567	2882	16.3492366412214	DS60
WASP0051243	1311	32053	26529	7162	20.2356979405034	DS60
WASP0051245	145	2911	1684	414	11.6137931034483	DS60
WASP0051246	1372	27753	29360	10392	21.399416909621	DS60
WASP0051248	155	3107	1771	328	11.4258064516129	DS60
WASP0051250	321	4668	4860	1560	15.1401869158879	DS60
WASP0051252	617	16236	12862	3005	20.8460291734198	DS60
WASP0051256	816	12602	15054	5073	18.4485294117647	DS60
WASP0051257	740	17698	15607	4153	21.0905405405405	DS60
WASP0051258	1703	32603	34506	11567	20.2618907809748	DS60
WASP0051259	249	5302	3814	1049	15.3172690763052	DS60
WASP0051260	783	13404	13444	4564	17.1698595146871	DS60
WASP0051261	369	5440	5757	1869	15.6016260162602	DS60
WASP0051262	1360	27509	27180	6713	19.9852941176471	DS60
WASP0051263	130	2879	2163	467	16.6384615384615	DS60
WASP0051264	986	24856	21199	5808	21.5	DS60
WASP0051265	897	20933	18573	6210	20.7056856187291	DS60
WASP0051266	513	9338	9402	3112	18.327485380117	DS60
WASP0051267	148	2278	1413	404	9.5472972972973	DS60
WASP0051269	136	2175	1212	250	8.91176470588235	DS60
WASP0051271	766	16879	15193	4029	19.8342036553525	DS60
WASP0051273	5104	119029	112021	36094	21.9476880877743	DS60
WASP0051274	555	11702	11012	3442	19.8414414414414	DS60
WASP0051278	162	2823	1835	460	11.3271604938272	DS60
WASP0051281	502	7723	8212	2764	16.3585657370518	DS60
WASP0051282	265	6087	5088	1280	19.2	DS60
WASP0051287	1289	35285	28081	5969	21.7851047323507	DS60
WASP0051291	153	2711	1564	338	10.2222222222222	DS60
WASP0051292	3556	76634	74509	22954	20.95303712036	DS60
WASP0051293	126	2345	1456	270	11.5555555555556	DS60
WASP0051294	815	13250	14777	4866	18.1312883435583	DS60
WASP0051295	1125	26036	19856	4640	17.6497777777778	DS60
WASP0051299	2279	51710	48481	15037	21.2729267222466	DS60
WASP0051301	235	4659	3795	1140	16.1489361702128	DS60
WASP0051303	362	7032	6402	1943	17.6850828729282	DS60
WASP0051304	534	8883	9097	2936	17.0355805243446	DS60
WASP0051307	977	19988	18806	5550	19.2487205731832	DS60
WASP0051308	475	7572	6894	2228	14.5136842105263	DS60
WASP0051309	135	2360	1357	309	10.0518518518519	DS60
WASP0051311	537	8559	8682	2616	16.1675977653631	DS60
WASP0051313	612	12301	11348	3029	18.5424836601307	DS60
WASP0051317	551	12382	10902	2938	19.7858439201452	DS60
WASP0051320	759	15979	15120	5773	19.9209486166008	DS60
WASP0051324	340	5960	5103	1519	15.0088235294118	DS60
WASP0051326	1342	30011	27188	8317	20.2593144560358	DS60
WASP0051330	144	2233	997	243	6.92361111111111	DS60
WASP0051331	143	2256	1173	236	8.2027972027972	DS60
WASP0051333	147	2562	1554	380	10.5714285714286	DS60
WASP0051337	1799	46335	40315	11387	22.4096720400222	DS60
WASP0051338	291	5857	5037	1568	17.3092783505155	DS60
WASP0051339	4271	100957	98401	33019	23.0393350503395	DS60
WASP0051340	685	11133	11741	3807	17.1401459854015	DS60
WASP0051347	1507	26746	30543	11811	20.2674187126742	DS60
WASP0051348	1109	23780	22583	7727	20.3633904418395	DS60
WASP0051349	1710	43140	37274	9886	21.7976608187135	DS60
WASP0051352	4108	108151	94420	27089	22.9844206426485	DS60
WASP0051353	233	4201	2271	564	9.74678111587983	DS60
WASP0051356	1482	33046	30616	7912	20.6585695006748	DS60
WASP0051361	742	11588	11683	3646	15.7452830188679	DS60
WASP0051364	130	1936	839	240	6.45384615384615	DS60
WASP0051365	2783	52837	58629	21993	21.0668343514193	DS60
WASP0051366	332	7345	5832	988	17.566265060241	DS60
WASP0051369	1349	34131	28758	8593	21.3180133432172	DS60
WASP0051370	297	4520	3727	1120	12.5488215488216	DS60
WASP0051371	213	3985	2451	675	11.5070422535211	DS60
WASP0051374	1739	48111	38303	9418	22.0258769407706	DS60
WASP0051375	1645	39657	36343	11064	22.093009118541	DS60
WASP0051376	1039	18143	19404	6379	18.6756496631376	DS60
WASP0051381	139	2631	994	223	7.15107913669065	DS60
WASP0051382	412	8507	7286	1630	17.6844660194175	DS60
WASP0051383	300	4854	4101	1303	13.67	DS60
WASP0051384	477	10374	8357	1572	17.5199161425577	DS60
WASP0052001	1857	48552	39797	10210	21.430802369413	DS60
WASP0052003	784	13798	10321	2895	13.1645408163265	DS60
WASP0052005	698	13937	10183	2624	14.5888252148997	DS60
WASP0052011	6330	143302	129175	32815	20.4067930489731	DS60
WASP0052014	1365	34034	28119	7357	20.6	DS60
WASP0052015	3396	81461	72086	20286	21.2267373380448	DS60
WASP0052017	699	17230	10337	2408	14.7882689556509	DS60
WASP0052018	5194	156445	131974	29662	25.4089333846746	DS60
WASP0052020	673	12969	8166	2191	12.1337295690936	DS60
WASP0052022	3655	82917	74262	21338	20.3179206566348	DS60
WASP0052023	2782	70037	60076	14081	21.5945363048167	DS60
WASP0052024	666	14976	9915	2472	14.8873873873874	DS60
WASP0052025	604	10853	7547	2074	12.4950331125828	DS60
WASP0052027	515	12075	10682	2209	20.7417475728155	DS60
WASP0052029	8398	182824	176112	50144	20.9707073112646	DS60
WASP0052033	5791	170076	140400	33609	24.2445173545156	DS60
WASP0052035	1687	39554	32441	7821	19.2299940723177	DS60
WASP0052036	1257	23219	18716	5830	14.8894192521877	DS60
WASP0052037	494	11295	6024	1415	12.1943319838057	DS60
WASP0052039	3157	78035	65763	15634	20.8308520747545	DS60
WASP0052040	1691	29824	30336	10579	17.93968066233	DS60
WASP0052043	3559	87942	79009	19487	22.1997752177578	DS60
WASP0052049	1092	29071	21627	4681	19.8049450549451	DS60
WASP0052052	491	9385	5407	1612	11.0122199592668	DS60
WASP0052055	1553	42038	34648	8391	22.3103670315518	DS60
WASP0052056	1917	34744	33407	11757	17.4267083985394	DS60
WASP0052063	5666	143282	130121	34758	22.965231203671	DS60
WASP0052067	797	21038	13110	2676	16.4491844416562	DS60
WASP0052069	3370	78688	72030	18781	21.3738872403561	DS60
WASP0052072	5215	123380	111691	27075	21.4172579098754	DS60
WASP0052077	391	8183	2284	500	5.84143222506394	DS60
WASP0052078	583	13990	8660	1577	14.8542024013722	DS60
WASP0052087	382	7488	3361	653	8.79842931937173	DS60
WASP0052099	5075	127810	114532	30679	22.567881773399	DS60
WASP0052100	1235	35984	28154	5676	22.7967611336032	DS60
WASP0052101	2574	34219	29360	8321	11.4063714063714	DS60
WASP0052102	1185	30473	23620	5869	19.9324894514768	DS60
WASP0052104	3470	125175	95417	14498	27.4976945244957	DS60
WASP0052106	1236	23742	20545	6319	16.6221682847896	DS60
WASP0052108	776	21739	15119	2659	19.4832474226804	DS60
WASP0052109	1251	36317	26270	5441	20.9992006394884	DS60
WASP0052111	569	13157	7350	1652	12.9173989455185	DS60
WASP0052112	8090	260329	211074	34748	26.0907292954265	DS60
WASP0052114	1030	26630	20135	4255	19.5485436893204	DS60
WASP0052118	1607	59848	42518	6257	26.4579962663348	DS60
WASP0052121	466	10667	6760	1307	14.5064377682403	DS60
WASP0052126	451	9079	5744	1161	12.7361419068736	DS60
WASP0052128	81	1780	879	202	10.8518518518519	DS60
WASP0052130	624	14391	10270	2221	16.4583333333333	DS60
WASP0052132	6922	178844	158416	43038	22.88587113551	DS60
WASP0052134	1218	24700	21813	6836	17.9088669950739	DS60
WASP0052140	987	27358	18769	4404	19.016210739615	DS60
WASP0052146	4862	122417	105687	28411	21.7373508844097	DS60
WASP0052148	4193	120427	99953	20538	23.8380634390651	DS60
WASP0052149	2283	42311	41660	13786	18.2479194042926	DS60
WASP0052150	1182	27795	21670	5108	18.3333333333333	DS60
WASP0052151	4447	120952	101960	23593	22.9278165055093	DS60
WASP0052165	979	18114	15194	5250	15.5199182839632	DS60
WASP0052166	2177	58099	47525	10791	21.8305006890216	DS60
WASP0052167	513	9974	5461	1187	10.64522417154	DS60
WASP0052171	6619	160573	141464	35377	21.3724127511709	DS60
WASP0052175	385	7224	2928	787	7.60519480519481	DS60
WASP0052176	394	7104	2618	867	6.64467005076142	DS60
WASP0052177	611	11886	7680	2515	12.569558101473	DS60
WASP0052180	757	20416	13918	3038	18.3857331571995	DS60
WASP0052185	300	5659	2106	539	7.02	DS60
WASP0052189	381	5867	2625	814	6.88976377952756	DS60
WASP0052198	4914	150428	123309	27204	25.0934065934066	DS60
WASP0052199	1972	59049	47100	9169	23.8843813387424	DS60
WASP0052202	1648	46022	37646	8108	22.8434466019418	DS60
WASP0052206	467	9256	6397	1521	13.6980728051392	DS60
WASP0052209	2411	72140	59119	11606	24.5205309000415	DS60
WASP0052210	575	14584	10729	1973	18.6591304347826	DS60
WASP0052211	3136	80553	68480	17340	21.8367346938776	DS60
WASP0052213	729	18183	13904	2940	19.0727023319616	DS60
WASP0052214	1142	24962	19270	6062	16.8739054290718	DS60
WASP0052215	4156	104848	94390	23435	22.7117420596728	DS60
WASP0052219	176	4036	2490	448	14.1477272727273	DS60
WASP0052220	280	4565	2014	373	7.19285714285714	DS60
WASP0052223	539	10265	7548	2114	14.0037105751391	DS60
WASP0052225	491	10660	6788	1592	13.8248472505092	DS60
WASP0052226	1372	32158	27467	6067	20.0196793002915	DS60
WASP0052227	647	14502	9048	2385	13.984544049459	DS60
WASP0052229	1495	37679	30315	7963	20.2775919732441	DS60
WASP0052231	740	17752	13528	2968	18.2810810810811	DS60
WASP0052233	1417	31419	24854	6937	17.5398729710656	DS60
WASP0052236	1536	38673	33207	7111	21.619140625	DS60
WASP0052239	2003	48623	43330	10058	21.6325511732401	DS60
WASP0052243	3849	101032	86013	22210	22.3468433359314	DS60
WASP0052248	4044	115842	96008	22593	23.7408506429278	DS60
WASP0052249	4911	180309	139361	28608	28.377316228874	DS60
WASP0052262	808	17742	13835	4108	17.1225247524752	DS60
WASP0052264	2020	59980	46703	8443	23.120297029703	DS60
WASP0052266	1499	33627	28927	6159	19.2975316877919	DS60
WASP0052267	2999	72769	63117	16761	21.0460153384462	DS60
WASP0052273	3955	142718	113109	18480	28.5989886219975	DS60
WASP0052274	398	8850	5382	1371	13.5226130653266	DS60
WASP0052276	4150	116670	98063	23032	23.6296385542169	DS60
WASP0052284	692	14450	10663	3563	15.4089595375723	DS60
WASP0052285	296	6935	3120	589	10.5405405405405	DS60
WASP0052286	347	6880	2480	674	7.14697406340058	DS60
WASP0052288	606	13063	8487	1864	14.0049504950495	DS60
WASP0052289	196	3660	371	125	1.89285714285714	DS60
WASP0052290	4656	161102	128950	25430	27.6954467353952	DS60
WASP0052292	1499	35834	29178	7744	19.4649766511007	DS60
WASP0052293	4010	151967	108596	17707	27.0812967581047	DS60
WASP0052299	3371	76545	72480	19300	21.5010382675764	DS60
WASP0052301	1040	26334	19344	5089	18.6	DS60
WASP0052303	1812	48645	38628	7883	21.317880794702	DS60
WASP0052304	1687	40617	33535	8608	19.8784825133373	DS60
WASP0052308	3183	75207	65105	16745	20.4539742381401	DS60
WASP0052309	227	4483	3166	944	13.9471365638767	DS60
WASP0052310	542	12097	6540	1599	12.0664206642066	DS60
WASP0052315	2866	58809	56634	19129	19.7606420097697	DS60
WASP0052317	1636	44410	34907	7851	21.3367970660147	DS60
WASP0052321	633	14561	9923	2581	15.6761453396524	DS60
WASP0052323	518	9327	5050	1299	9.74903474903475	DS60
WASP0052324	901	23159	14800	3443	16.4261931187569	DS60
WASP0052325	7647	203907	176131	42098	23.0326925591735	DS60
WASP0052328	552	11496	6348	1354	11.5	DS60
WASP0052333	4984	159349	128340	23808	25.7504012841092	DS60
WASP0052334	1238	29996	23724	5748	19.1631663974152	DS60
WASP0052335	494	7700	3586	1117	7.25910931174089	DS60
WASP0052341	4315	163026	121743	19885	28.2139049826188	DS60
WASP0052343	994	22630	16814	3695	16.9154929577465	DS60
WASP0052351	973	23937	15998	3681	16.4419321685509	DS60
WASP0052352	612	14262	8726	1478	14.2581699346405	DS60
WASP0052360	325	6465	2820	560	8.67692307692308	DS60
WASP0052361	646	12299	7096	1471	10.984520123839	DS60
WASP0052362	6909	166602	156537	42799	22.656969170647	DS60
WASP0052368	598	15237	9038	2090	15.1137123745819	DS60
WASP0052369	1161	29268	19550	4307	16.838931955211	DS60
WASP0052372	1582	34780	29537	7865	18.6706700379267	DS60
WASP0052379	937	23572	16663	4085	17.7833511205977	DS60
WASP0052382	580	12266	6438	1582	11.1	DS60
WASP0052383	4021	106609	91493	25339	22.7537925889082	DS60
WASP0053009	2518	38715	38913	9329	15.4539316918189	DS60
WASP0053014	493	7563	5034	1003	10.210953346856	DS60
WASP0053016	2395	39377	31089	8081	12.9807933194155	DS60
WASP0053017	1573	24850	21436	5121	13.6274634456453	DS60
WASP0053018	2100	44165	36896	8083	17.5695238095238	DS60
WASP0053019	474	6571	4097	1007	8.64345991561181	DS60
WASP0053022	356	4541	2822	541	7.92696629213483	DS60
WASP0053024	1288	25499	19246	3928	14.9425465838509	DS60
WASP0053025	527	7600	5889	1607	11.1745730550285	DS60
WASP0053027	980	13280	11424	3085	11.6571428571429	DS60
WASP0053029	1567	18073	16219	4944	10.3503509891512	DS60
WASP0053036	2089	32802	27988	7294	13.3977979894686	DS60
WASP0053045	290	3845	2375	361	8.18965517241379	DS60
WASP0053046	3246	59664	51340	11994	15.8163894023413	DS60
WASP0053048	4054	68940	59305	14324	14.6287617168229	DS60
WASP0053051	359	4431	2726	545	7.5933147632312	DS60
WASP0053053	1082	16798	14327	3070	13.2412199630314	DS60
WASP0053055	4736	106391	87608	14879	18.4983108108108	DS60
WASP0053057	2300	48672	39155	7681	17.0239130434783	DS60
WASP0053058	3081	43950	41014	11693	13.311911716975	DS60
WASP0053065	1280	21433	17773	3712	13.88515625	DS60
WASP0053069	5095	94193	84597	18053	16.6039254170756	DS60
WASP0053072	1432	25261	22252	5037	15.5391061452514	DS60
WASP0053073	517	7511	5441	1117	10.5241779497099	DS60
WASP0053075	1883	37133	30595	6844	16.2480084970791	DS60
WASP0053076	1443	21598	19000	4889	13.1670131670132	DS60
WASP0053080	5230	121765	107429	13718	20.5409177820268	DS60
WASP0053081	2010	35999	32745	7115	16.2910447761194	DS60
WASP0053083	1315	21453	17488	3928	13.2988593155894	DS60
WASP0053086	434	5648	4144	788	9.54838709677419	DS60
WASP0053087	431	5488	3452	906	8.0092807424594	DS60
WASP0053092	325	3500	1657	363	5.09846153846154	DS60
WASP0053094	2544	51028	42409	8346	16.6702044025157	DS60
WASP0053096	975	23828	16931	2667	17.3651282051282	DS60
WASP0053108	1776	53888	41024	5192	23.0990990990991	DS60
WASP0053109	758	13175	10037	2077	13.2414248021108	DS60
WASP0053111	1962	33607	27823	6987	14.1809378185525	DS60
WASP0053114	327	4698	2564	508	7.84097859327217	DS60
WASP0053115	985	14801	12463	2965	12.6527918781726	DS60
WASP0053116	1560	25299	21087	5451	13.5173076923077	DS60
WASP0053117	4622	85164	69659	16559	15.0711813067936	DS60
WASP0053124	2456	48576	37702	8716	15.3509771986971	DS60
WASP0053125	1123	19418	16085	3856	14.3232413178985	DS60
WASP0053126	747	14247	10791	2047	14.4457831325301	DS60
WASP0053128	4819	99023	79049	16600	16.4036107076157	DS60
WASP0053142	466	6958	4609	937	9.89055793991416	DS60
WASP0053144	645	10670	7164	1453	11.106976744186	DS60
WASP0053148	1777	23206	21609	6738	12.160382667417	DS60
WASP0053153	2460	37697	32484	8619	13.2048780487805	DS60
WASP0053154	638	12390	9088	1433	14.2445141065831	DS60
WASP0053159	3480	82280	63982	11244	18.385632183908	DS60
WASP0053162	3283	60194	51491	11089	15.6841303685653	DS60
WASP0053163	417	5416	3791	791	9.09112709832134	DS60
WASP0053171	351	5207	3756	671	10.7008547008547	DS60
WASP0053175	2689	51277	42749	8827	15.8977314986984	DS60
WASP0053177	800	10760	7426	2251	9.2825	DS60
WASP0053183	833	15071	12426	2117	14.9171668667467	DS60
WASP0053187	380	6548	4739	920	12.4710526315789	DS60
WASP0053190	3569	63956	55134	12306	15.4480246567666	DS60
WASP0053192	1903	38421	29426	5723	15.4629532317394	DS60
WASP0053194	423	7461	5184	883	12.2553191489362	DS60
WASP0053198	672	10080	7910	2141	11.7708333333333	DS60
WASP0053199	4204	109061	78645	13631	18.7071836346337	DS60
WASP0053201	321	4757	2993	467	9.32398753894081	DS60
WASP0053202	278	4298	2610	468	9.38848920863309	DS60
WASP0053204	2016	39590	33385	6484	16.5600198412698	DS60
WASP0053206	523	7376	5792	1545	11.074569789675	DS60
WASP0053207	2943	54861	46571	10820	15.824328916072	DS60
WASP0053209	2338	40236	34964	8440	14.9546621043627	DS60
WASP0053212	4954	131965	98497	16947	19.8823173193379	DS60
WASP0053213	1021	19315	15368	3307	15.0519098922625	DS60
WASP0053216	1848	28692	25909	6929	14.0200216450216	DS60
WASP0053217	1738	22703	21409	7061	12.3181818181818	DS60
WASP0053221	3573	56372	54943	15225	15.3772739994402	DS60
WASP0053223	1715	32967	25476	5538	14.8548104956268	DS60
WASP0053224	454	6043	4324	981	9.52422907488987	DS60
WASP0053225	433	6187	4593	1102	10.6073903002309	DS60
WASP0053227	281	3399	2197	396	7.81850533807829	DS60
WASP0053229	1294	24690	19507	4064	15.0749613601236	DS60
WASP0053232	2741	57756	45237	9162	16.5038307187158	DS60
WASP0053237	3780	59776	57780	13275	15.2857142857143	DS60
WASP0053240	445	6884	5319	1238	11.952808988764	DS60
WASP0053242	971	14850	12534	2835	12.908341915551	DS60
WASP0053244	357	5435	3778	696	10.5826330532213	DS60
WASP0053246	311	4705	2986	490	9.60128617363344	DS60
WASP0053247	563	9450	7247	1506	12.8721136767318	DS60
WASP0053250	371	5362	3332	780	8.9811320754717	DS60
WASP0053253	888	14919	11649	2607	13.1182432432432	DS60
WASP0053255	1168	20172	18209	3277	15.589897260274	DS60
WASP0053256	1563	33457	26166	4848	16.7408829174664	DS60
WASP0053261	381	5997	4643	937	12.1863517060367	DS60
WASP0053265	708	11215	8455	2093	11.9420903954802	DS60
WASP0053268	2879	71766	59120	7936	20.5349079541507	DS60
WASP0053269	690	9457	7973	2135	11.5550724637681	DS60
WASP0053275	519	8259	6356	1182	12.2466281310212	DS60
WASP0053277	3713	66666	56428	13427	15.197414489631	DS60
WASP0053278	4282	80325	68363	15015	15.9652031760859	DS60
WASP0053279	362	5943	3833	634	10.5883977900552	DS60
WASP0053280	420	8017	5773	889	13.7452380952381	DS60
WASP0053282	2702	50759	43689	9475	16.1691339748335	DS60
WASP0053285	672	13766	10047	1874	14.9508928571429	DS60
WASP0053287	1668	36468	30111	5304	18.0521582733813	DS60
WASP0053290	1286	31354	24021	4460	18.6788491446345	DS60
WASP0053291	568	10273	8124	1221	14.3028169014085	DS60
WASP0053293	1728	30872	24063	5735	13.9253472222222	DS60
WASP0053294	1998	39097	33133	7090	16.5830830830831	DS60
WASP0053301	411	5852	3813	728	9.27737226277372	DS60
WASP0053303	2086	40168	32257	6910	15.4635666347076	DS60
WASP0053307	3070	53921	45237	10227	14.7351791530945	DS60
WASP0053311	681	10866	8853	2108	13	DS60
WASP0053313	765	11922	8806	1983	11.5111111111111	DS60
WASP0053314	591	8264	5821	1657	9.84940778341794	DS60
WASP0053315	661	5653	6205	2622	9.38729198184569	DS60
WASP0053316	1372	20311	16984	4053	12.3790087463557	DS60
WASP0053324	4388	88941	73968	14520	16.8568824065634	DS60
WASP0053326	434	6788	4369	823	10.0668202764977	DS60
WASP0053327	453	5584	3569	691	7.87858719646799	DS60
WASP0053328	837	12689	10064	2650	12.0238948626045	DS60
WASP0053330	1894	45600	33434	5361	17.6525871172123	DS60
WASP0053334	1935	47220	34938	6134	18.0558139534884	DS60
WASP0053335	594	8400	6219	1354	10.469696969697	DS60
WASP0053337	1077	26750	18096	2592	16.8022284122563	DS60
WASP0053338	1778	31968	27139	6024	15.2637795275591	DS60
WASP0053339	556	7703	5583	1243	10.0413669064748	DS60
WASP0053341	1976	37383	31127	6267	15.7525303643725	DS60
WASP0053344	374	6123	3646	624	9.74866310160428	DS60
WASP0053345	608	9637	7047	1223	11.5904605263158	DS60
WASP0053350	1520	29253	24913	4703	16.3901315789474	DS60
WASP0053351	580	8832	6127	1199	10.5637931034483	DS60
WASP0053354	1034	17599	15236	2758	14.7350096711799	DS60
WASP0053361	1796	36960	30073	4760	16.7444320712695	DS60
WASP0053362	1898	33266	27871	6029	14.6844046364594	DS60
WASP0053365	3419	54896	49791	13710	14.5630301257678	DS60
WASP0053367	1918	35864	30763	6364	16.0391032325339	DS60
WASP0053369	435	6275	4383	963	10.0758620689655	DS60
WASP0053371	4335	71770	62687	16435	14.4606689734717	DS60
WASP0053373	1243	19980	16807	3842	13.521319388576	DS60
WASP0053374	2598	74062	54735	7948	21.068129330254	DS60
WASP0053375	661	9811	7236	1767	10.947049924357	DS60
WASP0053376	479	7019	4654	923	9.7160751565762	DS60
WASP0053382	535	9209	6781	1348	12.6747663551402	DS60
WASP0054006	1202	27095	21497	4307	17.8843594009983	DS60
WASP0054008	907	21051	15456	3618	17.0407938257993	DS60
WASP0054010	277	3186	508	130	1.83393501805054	DS60
WASP0054015	458	8322	4758	982	10.3886462882096	DS60
WASP0054017	879	17533	14636	3093	16.650739476678	DS60
WASP0054020	538	9864	6323	1237	11.7527881040892	DS60
WASP0054021	1129	24021	18856	3998	16.7015057573074	DS60
WASP0054023	477	8423	4378	1126	9.17819706498952	DS60
WASP0054024	1902	49499	36304	6288	19.0872765509989	DS60
WASP0054025	3606	83812	68500	15406	18.9961175818081	DS60
WASP0054029	546	9943	6119	1105	11.2069597069597	DS60
WASP0054030	2361	47061	41957	10578	17.7708598051673	DS60
WASP0054034	373	6986	3726	928	9.98927613941019	DS60
WASP0054037	1235	21421	17428	5339	14.1117408906883	DS60
WASP0054039	831	15644	11795	2933	14.193742478941	DS60
WASP0054042	1536	36284	28919	4499	18.8274739583333	DS60
WASP0054045	477	6585	4562	1502	9.56394129979036	DS60
WASP0054046	888	18920	13391	3062	15.079954954955	DS60
WASP0054047	416	7241	3981	856	9.56971153846154	DS60
WASP0054048	2198	52776	40445	8618	18.4008189262966	DS60
WASP0054051	800	20923	15690	2612	19.6125	DS60
WASP0054053	1066	19613	15269	3556	14.3236397748593	DS60
WASP0054054	1756	38621	32155	7847	18.3115034168565	DS60
WASP0054055	691	12906	9155	2318	13.2489146164978	DS60
WASP0054057	3703	82390	70386	16965	19.0078314879827	DS60
WASP0054060	348	5453	2322	526	6.67241379310345	DS60
WASP0054061	2369	55163	42777	9259	18.0569860700718	DS60
WASP0054062	2008	57531	43887	6691	21.8560756972112	DS60
WASP0054065	451	6996	4506	1004	9.99113082039911	DS60
WASP0054068	1564	29565	25229	5986	16.131074168798	DS60
WASP0054072	5448	120287	105961	25964	19.4495227606461	DS60
WASP0054083	951	22019	16986	2481	17.8611987381704	DS60
WASP0054084	864	13938	10957	3114	12.681712962963	DS60
WASP0054090	556	10566	7224	1422	12.9928057553957	DS60
WASP0054092	1149	23974	18569	3593	16.1610095735422	DS60
WASP0054096	987	23495	18206	3287	18.4457953394124	DS60
WASP0054098	823	16046	12444	2655	15.1202916160389	DS60
WASP0054099	913	21285	15574	3194	17.0580503833516	DS60
WASP0054101	1498	22616	17747	3585	11.847129506008	DS60
WASP0054103	7000	185837	141439	31335	20.2055714285714	DS60
WASP0054108	1937	43885	35488	7354	18.3211151264843	DS60
WASP0054109	917	17035	11701	2968	12.7600872410033	DS60
WASP0054111	2002	48649	37565	7788	18.7637362637363	DS60
WASP0054112	1215	21162	17137	4648	14.1045267489712	DS60
WASP0054115	357	5163	2925	780	8.19327731092437	DS60
WASP0054119	546	9950	6301	1291	11.540293040293	DS60
WASP0054122	4940	88063	82220	24545	16.6437246963563	DS60
WASP0054125	1313	27146	22641	4658	17.2437166793602	DS60
WASP0054126	1666	40055	29119	5664	17.4783913565426	DS60
WASP0054135	6058	137339	113328	26370	18.7071640805546	DS60
WASP0054136	589	12759	8205	1636	13.9303904923599	DS60
WASP0054138	2253	73960	53066	7207	23.5534842432313	DS60
WASP0054143	427	7297	4556	1206	10.6697892271663	DS60
WASP0054148	898	20491	14383	2827	16.0167037861915	DS60
WASP0054150	403	7287	4129	824	10.2456575682382	DS60
WASP0054151	603	9950	6971	1601	11.5605306799337	DS60
WASP0054153	885	17113	13184	2635	14.8971751412429	DS60
WASP0054155	3233	66574	59171	15262	18.302196102691	DS60
WASP0054156	2269	43049	37033	9831	16.3212869105333	DS60
WASP0054160	3265	75055	61733	15222	18.9075038284839	DS60
WASP0054162	924	18829	14333	3135	15.5119047619048	DS60
WASP0054163	535	9386	6605	1351	12.3457943925234	DS60
WASP0054165	1517	27427	22552	6287	14.8661832564272	DS60
WASP0054167	7682	216347	168698	30812	21.9601666232752	DS60
WASP0054169	4254	90899	78556	19788	18.4663845792196	DS60
WASP0054170	1343	31818	24529	4476	18.2643335815339	DS60
WASP0054171	592	12420	9358	1423	15.8074324324324	DS60
WASP0054172	2690	67161	54451	11527	20.2420074349442	DS60
WASP0054175	2686	48441	45835	12370	17.0644080416977	DS60
WASP0054177	1467	35225	26277	5666	17.9120654396728	DS60
WASP0054180	1574	34999	29559	7434	18.779542566709	DS60
WASP0054185	1182	26143	20325	4113	17.1954314720812	DS60
WASP0054188	1205	26801	22625	4475	18.7759336099585	DS60
WASP0054190	965	16863	12456	2806	12.9077720207254	DS60
WASP0054191	880	14526	10579	2560	12.0215909090909	DS60
WASP0054194	2184	42077	36676	10390	16.7930402930403	DS60
WASP0054199	971	27307	18202	3254	18.745623069001	DS60
WASP0054203	2549	50069	41261	10776	16.1871322087093	DS60
WASP0054205	345	4766	2537	551	7.3536231884058	DS60
WASP0054206	1154	33955	24181	3589	20.9540727902946	DS60
WASP0054209	1411	32310	27241	5048	19.3061658398299	DS60
WASP0054211	324	5435	3018	638	9.31481481481481	DS60
WASP0054214	485	8067	5634	1258	11.6164948453608	DS60
WASP0054217	393	7692	4780	935	12.1628498727735	DS60
WASP0054221	303	4678	2385	519	7.87128712871287	DS60
WASP0054223	1292	22102	19880	5966	15.3869969040248	DS60
WASP0054225	384	6694	3754	648	9.77604166666667	DS60
WASP0054229	426	9171	6112	1051	14.3474178403756	DS60
WASP0054232	497	8250	5456	1278	10.9778672032193	DS60
WASP0054233	2876	83095	67219	9868	23.3723922114047	DS60
WASP0054234	4176	91624	80879	17683	19.3675766283525	DS60
WASP0054235	1029	13831	13275	4837	12.9008746355685	DS60
WASP0054242	2963	66340	56064	12980	18.9213634829565	DS60
WASP0054243	5212	110254	89829	21284	17.2350345356869	DS60
WASP0054247	1221	28844	22904	5107	18.7583947583948	DS60
WASP0054248	1728	35665	28406	7170	16.4386574074074	DS60
WASP0054250	671	12631	9899	2457	14.75260804769	DS60
WASP0054253	1283	30593	25465	4201	19.8480124707716	DS60
WASP0054255	1205	29376	22830	3804	18.9460580912863	DS60
WASP0054257	3411	86869	71632	14891	21.0002931691586	DS60
WASP0054260	513	9141	6959	1424	13.5653021442495	DS60
WASP0054261	1390	27987	24466	5878	17.6014388489209	DS60
WASP0054262	347	6496	3728	802	10.7435158501441	DS60
WASP0054265	4642	126440	99925	18043	21.5262817750969	DS60
WASP0054267	2413	47484	42135	10026	17.4616659759635	DS60
WASP0054269	1196	22887	19780	5324	16.5384615384615	DS60
WASP0054270	382	6945	4354	673	11.3979057591623	DS60
WASP0054272	383	6338	4136	696	10.798955613577	DS60
WASP0054278	4382	115374	95590	16865	21.814240073026	DS60
WASP0054282	1480	33333	27879	6066	18.8371621621622	DS60
WASP0054283	565	11526	7543	1518	13.3504424778761	DS60
WASP0054284	2636	57272	46197	11609	17.5254172989378	DS60
WASP0054285	3076	89519	68264	11235	22.1924577373212	DS60
WASP0054297	689	12818	9003	2011	13.066763425254	DS60
WASP0054299	576	9569	6549	1534	11.3697916666667	DS60
WASP0054306	951	24299	17650	3476	18.5594111461619	DS60
WASP0054307	534	9564	6354	1681	11.8988764044944	DS60
WASP0054308	2150	47898	38154	8842	17.7460465116279	DS60
WASP0054311	455	7779	4242	868	9.32307692307692	DS60
WASP0054314	351	5406	2560	474	7.29344729344729	DS60
WASP0054315	2958	54538	49461	14158	16.7210953346856	DS60
WASP0054316	2127	39777	33720	8752	15.8533145275035	DS60
WASP0054317	1570	41135	30199	5644	19.2350318471338	DS60
WASP0054319	426	6424	3389	595	7.95539906103286	DS60
WASP0054320	1543	33742	25227	6042	16.349319507453	DS60
WASP0054321	2826	56914	47527	12497	16.8177636234961	DS60
WASP0054322	642	10525	7622	2158	11.8722741433022	DS60
WASP0054325	381	6262	3536	768	9.28083989501312	DS60
WASP0054328	4992	112634	91087	22718	18.2465945512821	DS60
WASP0054329	1187	25208	19320	3704	16.2763268744735	DS60
WASP0054330	2346	48007	39415	9856	16.8009377664109	DS60
WASP0054340	443	6716	3228	640	7.28668171557562	DS60
WASP0054348	2072	37795	32534	9374	15.7017374517375	DS60
WASP0054351	6919	149971	130086	32115	18.8012718600954	DS60
WASP0054361	6680	152425	129682	22409	19.4134730538922	DS60
WASP0054362	2006	58731	45770	6795	22.8165503489531	DS60
WASP0054364	3063	58425	51183	12952	16.7100881488737	DS60
WASP0054366	1563	35890	28340	6237	18.1317978246961	DS60
WASP0054368	1245	24139	20011	5104	16.0730923694779	DS60
WASP0054369	933	19195	13154	2378	14.0986066452304	DS60
WASP0054370	1914	39163	33743	6634	17.6295715778474	DS60
WASP0054371	1178	22690	18282	4049	15.5195246179966	DS60
WASP0054372	7901	175384	155794	36004	19.718263510948	DS60
WASP0054376	962	20587	15700	3291	16.3201663201663	DS60
WASP0054377	1402	34984	25985	4942	18.5342368045649	DS60
WASP0054378	8228	197129	167212	39708	20.3223140495868	DS60
WASP0054380	5992	154744	123521	25685	20.6143190921228	DS60
WASP0054383	1579	31465	27542	6529	17.4426852438252	DS60
WASP0055002	2742	61249	56593	13065	20.6393143690737	DS60
WASP0055003	3580	78916	65815	14231	18.3840782122905	DS60
WASP0055005	667	15151	10331	2194	15.4887556221889	DS60
WASP0055008	7152	233864	177307	32706	24.7912472035794	DS60
WASP0055012	2649	68343	54848	11259	20.7051717629294	DS60
WASP0055014	1404	37035	30118	6543	21.451566951567	DS60
WASP0055025	944	16479	13994	3940	14.8241525423729	DS60
WASP0055029	725	14420	10815	2561	14.9172413793103	DS60
WASP0055031	2478	54777	46040	11054	18.5794995964488	DS60
WASP0055037	2301	54154	46139	10965	20.051716644937	DS60
WASP0055040	816	15912	13213	3297	16.1924019607843	DS60
WASP0055044	2330	78412	59782	7990	25.6575107296137	DS60
WASP0055046	806	16494	14289	3485	17.7282878411911	DS60
WASP0055047	600	12932	9205	1401	15.3416666666667	DS60
WASP0055048	2778	84561	62931	10950	22.6533477321814	DS60
WASP0055049	868	17757	13111	2662	15.1048387096774	DS60
WASP0055053	5717	135043	115212	26394	20.152527549414	DS60
WASP0055057	1378	34981	26990	5456	19.5863570391872	DS60
WASP0055058	1549	36752	29221	5632	18.864428663654	DS60
WASP0055060	572	12108	8790	1685	15.3671328671329	DS60
WASP0055065	318	5540	2476	380	7.78616352201258	DS60
WASP0055066	4165	86297	76835	21502	18.4477791116447	DS60
WASP0055067	693	13758	8909	2043	12.8556998556999	DS60
WASP0055070	2603	52601	49216	11503	18.9074145217057	DS60
WASP0055073	1370	31284	24439	5403	17.8386861313869	DS60
WASP0055074	6526	154322	138896	30149	21.2834814587803	DS60
WASP0055075	3995	75706	75573	22170	18.9168961201502	DS60
WASP0055077	2606	90903	64990	10184	24.9386032233308	DS60
WASP0055080	2739	75092	63456	10822	23.1675794085433	DS60
WASP0055081	1622	32894	27929	6375	17.2188655980271	DS60
WASP0055083	545	8959	5913	1426	10.8495412844037	DS60
WASP0055087	2040	58411	47351	7369	23.2112745098039	DS60
WASP0055090	735	12224	9387	2814	12.7714285714286	DS60
WASP0055091	1025	22759	16720	4003	16.3121951219512	DS60
WASP0055094	3181	110978	86239	11386	27.1106570260924	DS60
WASP0055097	1481	28266	26375	8048	17.8089128966914	DS60
WASP0055098	4372	143587	106200	17659	24.2909423604758	DS60
WASP0055100	5001	117432	98488	24490	19.6936612677465	DS60
WASP0055104	446	10175	7282	1026	16.3273542600897	DS60
WASP0055105	675	18019	13799	1829	20.442962962963	DS60
WASP0055106	2444	55195	47516	10972	19.4418985270049	DS60
WASP0055107	2412	40597	40506	13191	16.7935323383085	DS60
WASP0055108	5699	159419	128793	25543	22.5992279347254	DS60
WASP0055113	1238	26839	22270	5388	17.9886914378029	DS60
WASP0055115	426	7068	4793	1269	11.2511737089202	DS60
WASP0055120	4686	119803	106964	20121	22.8262910798122	DS60
WASP0055124	630	11096	8684	2181	13.784126984127	DS60
WASP0055128	906	24511	18295	3342	20.1931567328918	DS60
WASP0055129	602	12907	10111	1863	16.7956810631229	DS60
WASP0055131	229	2448	240	82	1.04803493449782	DS60
WASP0055132	5294	116632	102246	24606	19.3135625236116	DS60
WASP0055133	577	10660	7760	1440	13.4488734835355	DS60
WASP0055139	1831	43796	36454	7448	19.9093391589296	DS60
WASP0055146	1363	26633	22961	5717	16.8459280997799	DS60
WASP0055147	1727	38810	31365	7679	18.1615518239722	DS60
WASP0055148	3082	107065	81059	11655	26.3007787151201	DS60
WASP0055152	538	11092	7972	1695	14.817843866171	DS60
WASP0055153	728	15745	12448	2097	17.0989010989011	DS60
WASP0055155	1487	31100	26470	5871	17.8009414929388	DS60
WASP0055158	446	8199	5435	934	12.1860986547085	DS60
WASP0055160	2611	70323	58003	10459	22.2148602068173	DS60
WASP0055161	3512	88302	72370	14562	20.6064920273349	DS60
WASP0055163	1818	36139	33440	8981	18.3938393839384	DS60
WASP0055167	1023	21158	17276	3917	16.8875855327468	DS60
WASP0055168	610	11843	8431	1725	13.8213114754098	DS60
WASP0055171	5503	133146	117412	22637	21.3359985462475	DS60
WASP0055173	2823	62731	53482	12306	18.9450938717676	DS60
WASP0055174	552	11285	7858	1446	14.2355072463768	DS60
WASP0055175	518	11902	7728	1160	14.9189189189189	DS60
WASP0055177	418	7067	3796	845	9.08133971291866	DS60
WASP0055178	4703	118406	100445	23132	21.3576440569849	DS60
WASP0055179	4305	81728	76317	22139	17.7275261324042	DS60
WASP0055183	701	14994	12265	2278	17.4964336661912	DS60
WASP0055189	1577	36712	30381	6204	19.2650602409639	DS60
WASP0055191	622	10573	6827	1545	10.975884244373	DS60
WASP0055195	411	7829	5823	1220	14.1678832116788	DS60
WASP0055200	816	14896	12744	2996	15.6176470588235	DS60
WASP0055204	401	7418	4864	939	12.1296758104738	DS60
WASP0055205	572	12435	8783	1464	15.3548951048951	DS60
WASP0055208	401	7982	5358	1182	13.3615960099751	DS60
WASP0055211	428	7537	4645	799	10.8528037383178	DS60
WASP0055212	2834	90331	70513	11718	24.8810868031052	DS60
WASP0055213	2426	57587	48655	11382	20.055647155812	DS60
WASP0055223	1309	32199	24659	4695	18.8380443086325	DS60
WASP0055224	400	6932	4409	834	11.0225	DS60
WASP0055225	395	7422	4414	911	11.1746835443038	DS60
WASP0055229	748	15785	12577	3018	16.8141711229947	DS60
WASP0055230	2286	53726	46681	9887	20.420384951881	DS60
WASP0055231	444	8628	6223	1124	14.0157657657658	DS60
WASP0055232	472	9176	6440	1155	13.6440677966102	DS60
WASP0055233	1421	32163	27353	5100	19.2491203377903	DS60
WASP0055234	1402	22675	21868	6764	15.5977175463623	DS60
WASP0055237	2652	59653	55282	11243	20.8453996983409	DS60
WASP0055241	492	11845	8220	1544	16.7073170731707	DS60
WASP0055242	3661	63511	64887	20095	17.7238459437312	DS60
WASP0055244	16741	469772	394276	82912	23.5515202198196	DS60
WASP0055246	1354	30052	26023	5143	19.2193500738552	DS60
WASP0055247	2261	44102	41834	12207	18.5024325519682	DS60
WASP0055248	1361	28364	23573	5779	17.3203526818516	DS60
WASP0055253	2682	64474	55470	11561	20.6823266219239	DS60
WASP0055255	3871	86946	79267	18649	20.4771376905192	DS60
WASP0055257	1343	36045	30260	5316	22.5316455696203	DS60
WASP0055260	2706	55804	48551	12615	17.9419807834442	DS60
WASP0055262	1902	50945	45714	8138	24.0347003154574	DS60
WASP0055264	870	18532	14421	3434	16.5758620689655	DS60
WASP0055268	509	12314	8476	1442	16.6522593320236	DS60
WASP0055271	447	10291	6880	932	15.3914988814318	DS60
WASP0055272	1817	49147	38792	6517	21.3494771601541	DS60
WASP0055274	807	14768	13834	3689	17.1425030978934	DS60
WASP0055275	791	17487	13528	2325	17.102402022756	DS60
WASP0055277	1612	38106	31014	7233	19.2394540942928	DS60
WASP0055280	2007	46073	39611	10113	19.7364225211759	DS60
WASP0055281	1201	31432	22652	4840	18.8609492089925	DS60
WASP0055282	2821	66820	58403	13511	20.7029422190713	DS60
WASP0055283	1625	48643	35915	6276	22.1015384615385	DS60
WASP0055288	476	8586	5236	919	11	DS60
WASP0055289	258	3092	360	96	1.3953488372093	DS60
WASP0055290	1696	37320	32702	7715	19.2818396226415	DS60
WASP0055293	402	8063	3446	575	8.57213930348259	DS60
WASP0055302	582	11987	8954	1740	15.3848797250859	DS60
WASP0055303	1255	20388	17440	5600	13.8964143426295	DS60
WASP0055304	1010	26259	19265	3220	19.0742574257426	DS60
WASP0055305	3020	132182	99452	10388	32.9311258278146	DS60
WASP0055306	1946	45124	39323	8683	20.2070914696814	DS60
WASP0055310	1775	48741	39034	6500	21.990985915493	DS60
WASP0055312	6642	205609	160167	28020	24.1142728093948	DS60
WASP0055314	579	10943	7770	1686	13.419689119171	DS60
WASP0055318	572	11944	8811	1861	15.4038461538462	DS60
WASP0055319	686	13210	8804	1685	12.8338192419825	DS60
WASP0055320	4059	102822	84954	17200	20.929785661493	DS60
WASP0055323	8765	259430	204556	35445	23.337820878494	DS60
WASP0055325	567	11124	7736	1197	13.6437389770723	DS60
WASP0055326	5817	153635	127546	24954	21.9264225545814	DS60
WASP0055329	4237	161643	121516	15774	28.6797262213831	DS60
WASP0055331	3792	110764	92601	16987	24.4200949367089	DS60
WASP0055332	995	27801	21472	3312	21.5798994974874	DS60
WASP0055333	2442	61040	50397	12136	20.6375921375921	DS60
WASP0055334	935	21334	17128	3656	18.3187165775401	DS60
WASP0055337	813	18197	13562	3133	16.6814268142681	DS60
WASP0055339	3587	74332	64112	16818	17.8734318371899	DS60
WASP0055343	2233	48155	40379	9328	18.0828481862965	DS60
WASP0055345	616	13036	9333	1401	15.150974025974	DS60
WASP0055346	7057	155972	139508	34895	19.7687402579	DS60
WASP0055348	733	15685	10961	2409	14.9536152796726	DS60
WASP0055349	1036	26525	19219	3455	18.5511583011583	DS60
WASP0055353	3446	136293	97726	13463	28.3592571096924	DS60
WASP0055355	753	14691	8943	1373	11.8764940239044	DS60
WASP0055360	636	14152	10236	1689	16.0943396226415	DS60
WASP0055362	484	9144	5125	885	10.5888429752066	DS60
WASP0055363	563	12483	8812	1370	15.651865008881	DS60
WASP0055364	4209	117736	96426	16275	22.9094796863863	DS60
WASP0055365	2886	78752	62958	12284	21.8149688149688	DS60
WASP0055367	7891	237563	184869	33447	23.427829172475	DS60
WASP0055370	1521	38214	32711	5619	21.5062458908613	DS60
WASP0055374	517	10823	7023	1121	13.5841392649903	DS60
WASP0055378	3744	107575	88727	18188	23.6984508547009	DS60
WASP0055379	797	19264	13968	2055	17.525721455458	DS60
WASP0056006	672	7408	5899	1664	8.77827380952381	DS60
WASP0056007	539	8450	5621	1384	10.4285714285714	DS60
WASP0056008	486	7462	4686	1157	9.64197530864197	DS60
WASP0056009	2628	53637	49805	8558	18.9516742770167	DS60
WASP0056013	345	5791	3274	573	9.48985507246377	DS60
WASP0056014	701	10777	7232	1929	10.3166904422254	DS60
WASP0056015	296	3427	1377	279	4.65202702702703	DS60
WASP0056017	542	8834	6951	1555	12.8247232472325	DS60
WASP0056018	1019	11986	10390	2968	10.1962708537782	DS60
WASP0056019	1094	23076	18180	3053	16.617915904936	DS60
WASP0056020	929	10372	8610	2315	9.26803013993541	DS60
WASP0056028	694	8560	6347	1751	9.14553314121038	DS60
WASP0056031	2061	30211	30895	9890	14.9902959728287	DS60
WASP0056032	1977	24398	25725	8772	13.0121396054628	DS60
WASP0056033	448	7636	4607	760	10.2834821428571	DS60
WASP0056034	942	19061	13586	2635	14.4225053078556	DS60
WASP0056038	1138	12245	12827	5275	11.2715289982425	DS60
WASP0056039	401	4281	1443	394	3.59850374064838	DS60
WASP0056040	1409	24348	21151	5554	15.0113555713272	DS60
WASP0056041	3138	58657	53632	12270	17.0911408540472	DS60
WASP0056043	742	12110	9030	2081	12.1698113207547	DS60
WASP0056044	710	8084	5302	1502	7.46760563380282	DS60
WASP0056045	921	16584	13575	3047	14.7394136807818	DS60
WASP0056046	224	2651	684	142	3.05357142857143	DS60
WASP0056052	1164	20467	16923	3560	14.5386597938144	DS60
WASP0056053	3783	71963	62049	13513	16.4020618556701	DS60
WASP0056054	794	9929	7311	1983	9.20780856423174	DS60
WASP0056055	701	8685	6568	1890	9.36947218259629	DS60
WASP0056056	532	7267	5232	1193	9.83458646616541	DS60
WASP0056058	903	10613	8620	2438	9.54595791805094	DS60
WASP0056059	1707	20505	20497	7978	12.0076157000586	DS60
WASP0056062	680	9155	6567	1882	9.65735294117647	DS60
WASP0056064	821	13536	10326	2732	12.5773447015834	DS60
WASP0056070	538	7785	5593	1433	10.3959107806691	DS60
WASP0056071	421	6756	3811	693	9.05225653206651	DS60
WASP0056073	618	11804	8806	1928	14.2491909385113	DS60
WASP0056074	6612	88216	93141	28350	14.0866606170599	DS60
WASP0056075	648	9350	6329	1306	9.76697530864197	DS60
WASP0056076	680	7779	5650	1608	8.30882352941176	DS60
WASP0056077	2764	61807	51979	9117	18.8057163531114	DS60
WASP0056078	1556	22018	19911	5987	12.7962724935733	DS60
WASP0056079	1500	28958	20706	3956	13.804	DS60
WASP0056082	407	6447	3727	603	9.15724815724816	DS60
WASP0056083	718	9319	6043	1582	8.41643454038997	DS60
WASP0056084	326	4688	2158	417	6.61963190184049	DS60
WASP0056087	1450	17990	17642	6123	12.1668965517241	DS60
WASP0056088	1170	14059	12282	3197	10.4974358974359	DS60
WASP0056089	1249	21855	18528	3593	14.8342674139311	DS60
WASP0056093	1572	26555	21625	5689	13.7563613231552	DS60
WASP0056095	578	8403	3919	745	6.780276816609	DS60
WASP0056097	304	4128	2757	614	9.06907894736842	DS60
WASP0056098	2322	34747	32544	9012	14.015503875969	DS60
WASP0056099	967	18211	14773	3382	15.277145811789	DS60
WASP0056101	177	1596	832	189	4.70056497175141	DS60
WASP0056102	808	12771	10287	3085	12.7314356435644	DS60
WASP0056103	322	3913	1943	385	6.03416149068323	DS60
WASP0056104	317	4304	2285	548	7.20820189274448	DS60
WASP0056109	656	11790	9361	2519	14.2698170731707	DS60
WASP0056110	1237	24671	21025	4638	16.9967663702506	DS60
WASP0056112	4571	95717	83358	20088	18.2362721505141	DS60
WASP0056115	300	3619	1309	237	4.36333333333333	DS60
WASP0056118	722	8910	7155	1841	9.90997229916898	DS60
WASP0056120	1085	13600	12995	3276	11.9769585253456	DS60
WASP0056121	476	8218	5896	1115	12.3865546218487	DS60
WASP0056124	1017	13136	11490	3026	11.2979351032448	DS60
WASP0056127	446	6023	4023	1137	9.02017937219731	DS60
WASP0056128	1242	21758	18555	5325	14.93961352657	DS60
WASP0056134	1506	25781	22515	5962	14.9501992031873	DS60
WASP0056138	591	10870	7847	1696	13.2774957698816	DS60
WASP0056140	920	12863	11168	3057	12.1391304347826	DS60
WASP0056141	684	8295	6638	1738	9.7046783625731	DS60
WASP0056142	261	3660	1610	326	6.16858237547893	DS60
WASP0056144	641	8323	6693	1848	10.4414976599064	DS60
WASP0056146	1652	25238	22960	4831	13.8983050847458	DS60
WASP0056147	312	3690	1788	518	5.73076923076923	DS60
WASP0056148	290	3362	1832	460	6.31724137931035	DS60
WASP0056151	329	4003	1504	303	4.57142857142857	DS60
WASP0056152	508	7389	5687	1497	11.1948818897638	DS60
WASP0056153	820	10036	8518	2329	10.3878048780488	DS60
WASP0056154	1239	20639	17820	4982	14.3825665859564	DS60
WASP0056155	1203	14639	14099	4811	11.7198669991687	DS60
WASP0056159	2174	33227	29561	8632	13.597516099356	DS60
WASP0056160	3589	65163	65131	12289	18.1473948174979	DS60
WASP0056161	1022	11631	10557	2848	10.3297455968689	DS60
WASP0056163	2097	33112	32165	8308	15.3385789222699	DS60
WASP0056166	4672	73675	72961	18765	15.6166523972603	DS60
WASP0056168	1360	19166	18449	4129	13.5654411764706	DS60
WASP0056171	2119	35519	35016	8359	16.5247758376593	DS60
WASP0056172	636	13112	8458	1782	13.2987421383648	DS60
WASP0056173	421	6126	3955	829	9.39429928741093	DS60
WASP0056175	891	17651	14865	2935	16.6835016835017	DS60
WASP0056179	1304	17710	15694	3983	12.0352760736196	DS60
WASP0056180	511	8769	6322	1436	12.3718199608611	DS60
WASP0056182	1811	25364	23860	7770	13.1750414135837	DS60
WASP0056183	2519	36640	34944	9994	13.8721714966256	DS60
WASP0056185	483	7516	4197	1091	8.68944099378882	DS60
WASP0056187	3186	69994	61884	11378	19.4237288135593	DS60
WASP0056189	358	4873	2539	558	7.09217877094972	DS60
WASP0056194	739	9888	8874	2340	12.0081190798376	DS60
WASP0056196	1096	18454	15751	4548	14.3713503649635	DS60
WASP0056198	598	10204	7694	1936	12.866220735786	DS60
WASP0056201	958	19081	17123	3306	17.8736951983299	DS60
WASP0056204	774	17768	13631	2516	17.6111111111111	DS60
WASP0056206	207	3505	1482	236	7.15942028985507	DS60
WASP0056207	783	12719	10142	2621	12.9527458492976	DS60
WASP0056209	901	17731	15417	3405	17.110987791343	DS60
WASP0056212	1406	24727	21232	5314	15.1009957325747	DS60
WASP0056213	756	10939	9755	3341	12.9034391534392	DS60
WASP0056217	405	6636	4735	895	11.6913580246914	DS60
WASP0056218	678	7890	6177	1539	9.11061946902655	DS60
WASP0056222	2433	35136	34932	10976	14.3575832305795	DS60
WASP0056225	232	3092	1291	261	5.56465517241379	DS60
WASP0056226	211	2744	1559	266	7.38862559241706	DS60
WASP0056227	562	9167	6670	1688	11.8683274021352	DS60
WASP0056229	482	6230	4148	1108	8.60580912863071	DS60
WASP0056230	1548	17469	17671	6607	11.4153746770026	DS60
WASP0056234	769	11321	10400	3013	13.5240572171651	DS60
WASP0056238	375	6413	4244	1017	11.3173333333333	DS60
WASP0056242	858	10742	9700	2667	11.3053613053613	DS60
WASP0056245	232	3487	2174	448	9.37068965517241	DS60
WASP0056249	561	9538	7557	1554	13.4705882352941	DS60
WASP0056250	245	3542	1593	281	6.50204081632653	DS60
WASP0056251	753	9095	8038	2070	10.6746347941567	DS60
WASP0056255	734	10701	8983	2266	12.2384196185286	DS60
WASP0056256	233	3152	1767	360	7.58369098712446	DS60
WASP0056259	1243	25888	22365	4777	17.9927594529364	DS60
WASP0056261	1273	20431	17797	5459	13.980361351139	DS60
WASP0056262	1582	24384	22893	6874	14.4709228824273	DS60
WASP0056263	314	5557	3793	617	12.0796178343949	DS60
WASP0056264	6814	140668	116036	24407	17.0290578221309	DS60
WASP0056266	640	8338	6880	1543	10.75	DS60
WASP0056271	2688	31639	37520	14998	13.9583333333333	DS60
WASP0056274	499	7184	4458	1003	8.93386773547094	DS60
WASP0056278	1557	22731	21520	6221	13.8214515093128	DS60
WASP0056282	497	7555	5029	1172	10.1187122736419	DS60
WASP0056283	1158	15305	14679	3598	12.6761658031088	DS60
WASP0056285	1227	15217	14518	3937	11.8321108394458	DS60
WASP0056287	1364	17044	16925	4680	12.408357771261	DS60
WASP0056291	282	4540	2122	265	7.52482269503546	DS60
WASP0056295	3999	64937	57696	16646	14.4276069017254	DS60
WASP0056296	269	3774	1827	405	6.79182156133829	DS60
WASP0056298	464	7003	3967	868	8.54956896551724	DS60
WASP0056301	941	15426	11319	3261	12.028692879915	DS60
WASP0056304	2353	43800	35781	8369	15.2065448363791	DS60
WASP0056305	1245	16181	14867	3991	11.9413654618474	DS60
WASP0056308	760	13007	9781	2118	12.8697368421053	DS60
WASP0056311	1460	23100	20438	6633	13.9986301369863	DS60
WASP0056313	2797	49608	43032	11003	15.3850554165177	DS60
WASP0056315	299	3639	1625	410	5.43478260869565	DS60
WASP0056316	1135	14827	13322	3760	11.7374449339207	DS60
WASP0056318	667	14125	10211	1414	15.3088455772114	DS60
WASP0056319	1274	21871	17904	3696	14.0533751962323	DS60
WASP0056326	451	7032	4831	1192	10.7117516629712	DS60
WASP0056329	3132	38709	42171	15203	13.4645593869732	DS60
WASP0056336	4560	71019	62934	17334	13.8013157894737	DS60
WASP0056338	1347	23724	19802	4758	14.7008166295471	DS60
WASP0056342	749	10082	8195	2537	10.9412550066756	DS60
WASP0056345	578	8951	6447	1355	11.1539792387543	DS60
WASP0056346	1409	17874	17880	6365	12.6898509581263	DS60
WASP0056348	372	5454	2807	583	7.54569892473118	DS60
WASP0056349	1780	23874	23432	7684	13.1640449438202	DS60
WASP0056353	453	6992	3838	739	8.47240618101545	DS60
WASP0056356	2341	38767	34611	10044	14.7847073900043	DS60
WASP0056357	658	8454	6510	1628	9.8936170212766	DS60
WASP0056359	900	15658	12485	2465	13.8722222222222	DS60
WASP0056363	2370	33167	32610	8171	13.7594936708861	DS60
WASP0056364	289	3397	1410	231	4.87889273356401	DS60
WASP0056366	831	10573	8791	2129	10.5788206979543	DS60
WASP0056367	3701	46361	48721	12697	13.1642799243448	DS60
WASP0056369	2677	35493	35579	12128	13.2906238326485	DS60
WASP0056370	3563	65475	59990	14752	16.8369351669941	DS60
WASP0056371	1382	19479	19139	4843	13.8487698986975	DS60
WASP0056372	1225	25374	20686	3872	16.8865306122449	DS60
WASP0056373	475	5837	3143	713	6.61684210526316	DS60
WASP0056374	1911	35910	30879	8011	16.1585557299843	DS60
WASP0056375	416	6399	4519	829	10.8629807692308	DS60
WASP0056377	517	6856	3548	901	6.86266924564797	DS60
WASP0056378	2636	51884	44798	10091	16.99468892261	DS60
WASP0057003	290	2821	1301	320	4.48620689655172	DS60
WASP0057004	5372	85651	75671	20642	14.0861876396128	DS60
WASP0057006	600	7683	5726	1583	9.54333333333333	DS60
WASP0057009	1110	13308	10104	2441	9.1027027027027	DS60
WASP0057012	655	8103	5866	1524	8.9557251908397	DS60
WASP0057014	379	4955	2255	512	5.94986807387863	DS60
WASP0057016	501	7281	4391	929	8.76447105788423	DS60
WASP0057017	1976	23244	22052	7378	11.1599190283401	DS60
WASP0057019	923	10770	8370	2336	9.068255687974	DS60
WASP0057020	629	6882	4764	1327	7.57392686804452	DS60
WASP0057022	515	6382	3193	786	6.2	DS60
WASP0057023	765	8270	6380	1919	8.33986928104575	DS60
WASP0057026	262	2400	419	131	1.59923664122137	DS60
WASP0057027	2495	33755	31866	9322	12.7719438877756	DS60
WASP0057029	1454	21322	17839	4643	12.2689133425034	DS60
WASP0057030	823	9461	7299	2057	8.86877278250304	DS60
WASP0057031	315	4170	1696	364	5.38412698412699	DS60
WASP0057033	777	10009	7230	1911	9.30501930501931	DS60
WASP0057034	3478	36789	43002	16474	12.3640023001725	DS60
WASP0057035	434	6334	3227	569	7.43548387096774	DS60
WASP0057037	859	10148	7776	2078	9.05238649592549	DS60
WASP0057042	3204	41956	39907	11915	12.455368289638	DS60
WASP0057046	1347	15657	14676	4822	10.8953229398664	DS60
WASP0057050	2914	44687	37913	11153	13.0106382978723	DS60
WASP0057051	928	10925	8961	2420	9.65625	DS60
WASP0057052	426	5888	3422	814	8.03286384976526	DS60
WASP0057054	388	4723	1474	270	3.79896907216495	DS60
WASP0057055	3131	48102	44327	11365	14.157457681252	DS60
WASP0057060	965	11499	10030	3276	10.3937823834197	DS60
WASP0057061	448	6076	2908	676	6.49107142857143	DS60
WASP0057062	1720	29357	24232	5582	14.0883720930233	DS60
WASP0057063	1231	13733	11394	3195	9.25588952071487	DS60
WASP0057064	1524	23809	19243	4378	12.6266404199475	DS60
WASP0057065	326	3565	1211	315	3.71472392638037	DS60
WASP0057066	723	7918	5316	1516	7.35269709543568	DS60
WASP0057067	411	5368	2958	614	7.1970802919708	DS60
WASP0057068	414	4813	2115	497	5.10869565217391	DS60
WASP0057071	1424	20109	16246	4424	11.4087078651685	DS60
WASP0057072	916	10876	7788	2042	8.50218340611354	DS60
WASP0057073	3949	44386	46852	16501	11.8642694353001	DS60
WASP0057074	205	1978	402	120	1.9609756097561	DS60
WASP0057075	544	7593	4445	992	8.17095588235294	DS60
WASP0057076	3240	45110	41193	11866	12.7138888888889	DS60
WASP0057077	2742	36832	33147	9500	12.0886214442013	DS60
WASP0057078	1425	20520	17480	5259	12.2666666666667	DS60
WASP0057080	1793	23235	20783	6359	11.5911879531511	DS60
WASP0057088	730	10379	6782	1868	9.29041095890411	DS60
WASP0057089	1709	18574	16126	4274	9.43592744294909	DS60
WASP0057097	4339	65473	60590	18165	13.9640470154413	DS60
WASP0057101	496	3422	2524	728	5.08870967741936	DS60
WASP0057105	266	3352	1654	360	6.21804511278195	DS60
WASP0057108	812	11358	8510	1918	10.4802955665025	DS60
WASP0057109	342	5937	3440	697	10.0584795321637	DS60
WASP0057110	470	6726	3550	656	7.5531914893617	DS60
WASP0057112	2487	38563	33285	8074	13.3835946924005	DS60
WASP0057113	3460	42835	43221	14548	12.4916184971098	DS60
WASP0057114	2607	42564	36052	9132	13.8289221327196	DS60
WASP0057115	1396	15770	15382	4257	11.0186246418338	DS60
WASP0057116	463	5258	1721	502	3.7170626349892	DS60
WASP0057119	460	7365	4600	999	10	DS60
WASP0057121	769	8763	6414	1575	8.3407022106632	DS60
WASP0057123	346	4713	2083	500	6.02023121387283	DS60
WASP0057127	578	8069	6165	1678	10.6660899653979	DS60
WASP0057128	402	5460	3123	645	7.76865671641791	DS60
WASP0057129	1444	15904	15711	4223	10.8801939058172	DS60
WASP0057130	415	5380	3131	780	7.54457831325301	DS60
WASP0057134	588	6583	5474	1436	9.30952380952381	DS60
WASP0057136	1083	18370	14360	3407	13.2594644506002	DS60
WASP0057141	1296	13735	12819	3673	9.8912037037037	DS60
WASP0057143	4033	57293	52313	14290	12.9712372923382	DS60
WASP0057145	576	6521	4453	1058	7.73090277777778	DS60
WASP0057147	370	5120	2752	466	7.43783783783784	DS60
WASP0057148	532	6940	4007	1030	7.53195488721805	DS60
WASP0057150	779	8765	6617	1818	8.49422336328627	DS60
WASP0057154	280	3052	948	235	3.38571428571429	DS60
WASP0057155	2819	30433	32995	10999	11.704505143668	DS60
WASP0057159	1559	18020	15694	4138	10.0667094291212	DS60
WASP0057167	399	6354	2429	536	6.08771929824561	DS60
WASP0057169	381	3797	1317	425	3.45669291338583	DS60
WASP0057170	761	9120	7186	2656	9.44283837056505	DS60
WASP0057172	304	4438	1708	311	5.61842105263158	DS60
WASP0057173	1772	21739	21837	7011	12.3233634311512	DS60
WASP0057174	456	6481	3638	907	7.9780701754386	DS60
WASP0057175	511	6779	4272	1011	8.3600782778865	DS60
WASP0057179	342	4113	1589	356	4.64619883040936	DS60
WASP0057180	854	9483	6796	1853	7.95784543325527	DS60
WASP0057181	2294	35252	29766	8427	12.9755884917175	DS60
WASP0057182	1289	15307	12462	4042	9.66795965865012	DS60
WASP0057183	1743	27394	23740	5482	13.6201950659782	DS60
WASP0057185	643	8589	5917	1404	9.20217729393468	DS60
WASP0057188	286	3580	1519	385	5.31118881118881	DS60
WASP0057190	1915	27251	22253	5802	11.620365535248	DS60
WASP0057192	1787	17719	17125	4762	9.58310016787913	DS60
WASP0057193	704	8578	6411	1603	9.10653409090909	DS60
WASP0057196	2411	36393	33459	9380	13.8776441310659	DS60
WASP0057199	875	10816	8963	2400	10.2434285714286	DS60
WASP0057200	1389	17818	16021	3569	11.5341972642189	DS60
WASP0057201	271	2998	1556	359	5.74169741697417	DS60
WASP0057203	671	8337	6269	1669	9.34277198211625	DS60
WASP0057204	2335	31032	30802	9462	13.1914346895075	DS60
WASP0057207	2285	35402	30911	7460	13.5277899343545	DS60
WASP0057208	2843	49696	39729	9821	13.9743228983468	DS60
WASP0057209	1044	13004	11524	2873	11.0383141762452	DS60
WASP0057211	582	7516	5976	1764	10.2680412371134	DS60
WASP0057216	412	5991	3192	750	7.74757281553398	DS60
WASP0057217	1724	17121	18145	6860	10.5249419953596	DS60
WASP0057218	2055	35147	29376	7314	14.2948905109489	DS60
WASP0057219	665	7544	7444	2075	11.193984962406	DS60
WASP0057220	1641	13815	15657	5926	9.54113345521024	DS60
WASP0057222	1248	14786	15178	4162	12.161858974359	DS60
WASP0057223	2945	36890	35256	10618	11.9714770797963	DS60
WASP0057224	796	10930	8989	2593	11.2927135678392	DS60
WASP0057225	239	2983	1089	211	4.55648535564854	DS60
WASP0057231	308	3563	2083	490	6.76298701298701	DS60
WASP0057234	1238	14408	11927	3008	9.63408723747981	DS60
WASP0057236	246	3088	1125	252	4.57317073170732	DS60
WASP0057237	728	12417	10799	1647	14.8337912087912	DS60
WASP0057238	525	8188	5698	1361	10.8533333333333	DS60
WASP0057240	411	6042	3816	834	9.28467153284672	DS60
WASP0057243	326	3885	1726	371	5.29447852760736	DS60
WASP0057250	915	12144	9348	2274	10.216393442623	DS60
WASP0057253	422	5550	3320	944	7.86729857819905	DS60
WASP0057256	401	6182	3670	863	9.15211970074813	DS60
WASP0057258	419	5973	3643	857	8.6945107398568	DS60
WASP0057262	2249	30809	27580	7866	12.2632281013784	DS60
WASP0057265	579	12353	8773	1372	15.1519861830743	DS60
WASP0057267	231	2286	662	167	2.86580086580087	DS60
WASP0057268	315	4164	1882	463	5.97460317460318	DS60
WASP0057273	211	2403	390	96	1.84834123222749	DS60
WASP0057280	310	3846	1964	477	6.33548387096774	DS60
WASP0057281	964	10749	9069	2557	9.40767634854772	DS60
WASP0057282	2402	29455	29197	7853	12.1552872606162	DS60
WASP0057290	1086	18080	13196	2644	12.1510128913444	DS60
WASP0057291	312	4125	1992	318	6.38461538461539	DS60
WASP0057294	810	8775	6884	1899	8.49876543209877	DS60
WASP0057295	532	6692	4286	1023	8.05639097744361	DS60
WASP0057297	803	10163	6542	1676	8.14694894146949	DS60
WASP0057298	1178	20575	15092	2873	12.811544991511	DS60
WASP0057299	1256	17096	14858	4191	11.8296178343949	DS60
WASP0057300	1406	22392	16782	4192	11.9359886201991	DS60
WASP0057305	505	7500	4206	844	8.32871287128713	DS60
WASP0057308	532	7374	4696	1304	8.82706766917293	DS60
WASP0057310	520	6818	4285	1128	8.24038461538462	DS60
WASP0057314	506	6073	3356	840	6.63241106719368	DS60
WASP0057315	1318	14461	13290	4880	10.0834597875569	DS60
WASP0057316	240	2501	427	122	1.77916666666667	DS60
WASP0057318	415	5756	3104	712	7.47951807228916	DS60
WASP0057319	2453	39053	31673	7082	12.9119445576845	DS60
WASP0057322	843	11034	8899	2353	10.5563463819692	DS60
WASP0057325	902	13367	9279	1944	10.2871396895787	DS60
WASP0057326	671	8013	5456	1561	8.13114754098361	DS60
WASP0057328	1201	13833	12403	3344	10.3272273105745	DS60
WASP0057329	1833	22395	19690	5274	10.7419530823786	DS60
WASP0057330	399	5804	2626	565	6.58145363408521	DS60
WASP0057331	1052	22173	16609	2261	15.7880228136882	DS60
WASP0057333	855	10704	8061	1952	9.4280701754386	DS60
WASP0057336	5925	83963	72864	18910	12.2977215189873	DS60
WASP0057337	1371	18462	14476	3995	10.5587162654996	DS60
WASP0057338	477	6637	3796	777	7.958071278826	DS60
WASP0057339	1041	14546	10609	2756	10.1911623439001	DS60
WASP0057341	1799	24707	21795	6335	12.1150639244024	DS60
WASP0057342	392	4746	2065	433	5.26785714285714	DS60
WASP0057344	1421	18562	14978	3776	10.5404644616467	DS60
WASP0057345	1760	21419	18633	5002	10.5869318181818	DS60
WASP0057346	1179	15125	12268	2932	10.4054283290925	DS60
WASP0057347	366	4552	1453	330	3.96994535519126	DS60
WASP0057349	1293	16367	13241	3390	10.2405259087394	DS60
WASP0057350	377	4575	1690	346	4.48275862068966	DS60
WASP0057351	2407	40509	37664	6387	15.6476942251766	DS60
WASP0057352	421	5257	2146	432	5.09738717339667	DS60
WASP0057359	361	4929	1856	387	5.14127423822715	DS60
WASP0057360	3119	36429	37526	9675	12.0314203270279	DS60
WASP0057365	343	3535	493	126	1.43731778425656	DS60
WASP0057366	385	5800	3062	674	7.95324675324675	DS60
WASP0057370	1236	15290	12365	3187	10.0040453074434	DS60
WASP0057373	319	3779	1237	287	3.87774294670846	DS60
WASP0057374	384	5854	3094	623	8.05729166666667	DS60
WASP0057382	4327	63559	59288	15707	13.7018719667206	DS60
WASP0057383	2334	35352	29567	7397	12.6679520137104	DS60
WASP0057384	4987	64387	56946	13769	11.4188891116904	DS60
WASP0058001	590	8451	6502	1876	11.0203389830508	DS60
WASP0058003	1293	17007	16210	4958	12.5367362722351	DS60
WASP0058008	5369	118753	107441	26215	20.0113615198361	DS60
WASP0058009	1399	22828	20982	5759	14.9978556111508	DS60
WASP0058012	1793	34244	31037	6213	17.3100948131623	DS60
WASP0058013	2710	41581	43187	14312	15.9361623616236	DS60
WASP0058014	2067	42052	36536	9084	17.6758587324625	DS60
WASP0058016	518	9663	6283	1560	12.1293436293436	DS60
WASP0058018	2565	42790	43067	13118	16.790253411306	DS60
WASP0058020	1970	26973	26829	8181	13.6187817258883	DS60
WASP0058021	437	6213	4019	1258	9.19679633867277	DS60
WASP0058022	1299	20576	19392	5398	14.9284064665127	DS60
WASP0058024	969	14760	12187	3721	12.5768833849329	DS60
WASP0058026	1857	29206	29176	8946	15.7113624124933	DS60
WASP0058027	2638	45390	43532	11260	16.5018953752843	DS60
WASP0058028	423	6598	4206	791	9.94326241134752	DS60
WASP0058029	2289	46746	41672	7676	18.2053298383574	DS60
WASP0058030	4028	71695	70712	17914	17.5551142005958	DS60
WASP0058031	2541	37723	40029	13880	15.7532467532468	DS60
WASP0058032	478	8809	7146	1418	14.9497907949791	DS60
WASP0058036	4479	60179	69061	26046	15.4188434918509	DS60
WASP0058037	1769	36272	29865	6162	16.8824194460147	DS60
WASP0058040	304	4572	2971	746	9.77302631578947	DS60
WASP0058041	1074	16047	14753	5140	13.7364990689013	DS60
WASP0058042	1064	17804	17165	3473	16.1325187969925	DS60
WASP0058044	3169	47856	50486	16142	15.9312085831493	DS60
WASP0058045	413	5033	3086	1022	7.47215496368039	DS60
WASP0058046	3200	53291	54297	16919	16.9678125	DS60
WASP0058048	1746	37475	29822	6476	17.0801832760596	DS60
WASP0058049	668	11821	8896	2396	13.3173652694611	DS60
WASP0058050	711	12480	9545	2416	13.4247538677918	DS60
WASP0058052	488	6733	4812	1418	9.86065573770492	DS60
WASP0058053	935	11835	10512	3873	11.2427807486631	DS60
WASP0058058	1188	18842	16138	4972	13.5841750841751	DS60
WASP0058061	2365	44246	42040	11734	17.7758985200846	DS60
WASP0058065	419	6219	4063	1073	9.69689737470167	DS60
WASP0058068	506	7427	6288	1910	12.4268774703557	DS60
WASP0058069	3448	57750	57481	14485	16.6708236658933	DS60
WASP0058076	1963	32247	32047	8711	16.3255221599592	DS60
WASP0058078	1003	18144	15741	4138	15.6939182452642	DS60
WASP0058079	1330	24324	20069	4633	15.0894736842105	DS60
WASP0058082	1492	26481	22918	6020	15.3605898123324	DS60
WASP0058083	421	5223	2833	961	6.729216152019	DS60
WASP0058084	742	13347	10183	1926	13.7237196765499	DS60
WASP0058085	407	6225	4019	1178	9.87469287469287	DS60
WASP0058086	2609	50955	46869	12379	17.9643541586815	DS60
WASP0058087	475	5866	3977	1229	8.37263157894737	DS60
WASP0058088	2751	70057	56114	11557	20.3976735732461	DS60
WASP0058089	1443	22258	22256	6740	15.4234234234234	DS60
WASP0058092	2738	31173	38558	15897	14.0825420014609	DS60
WASP0058093	1754	29005	27720	8226	15.8038768529076	DS60
WASP0058095	1104	21683	18248	4151	16.5289855072464	DS60
WASP0058096	2412	53834	44933	9968	18.6289386401327	DS60
WASP0058098	4406	100571	87456	19801	19.8492964139809	DS60
WASP0058099	1041	19158	14719	2975	14.1392891450528	DS60
WASP0058100	311	4746	2900	550	9.32475884244373	DS60
WASP0058102	2951	58332	51806	13249	17.5554049474754	DS60
WASP0058103	3863	82337	74022	18512	19.1617913538701	DS60
WASP0058104	1021	16290	15340	4938	15.024485798237	DS60
WASP0058105	370	6495	3727	887	10.072972972973	DS60
WASP0058106	556	7975	5125	1543	9.21762589928058	DS60
WASP0058107	173	2398	849	200	4.90751445086705	DS60
WASP0058108	3769	73779	66974	16173	17.7697001857257	DS60
WASP0058109	6078	141075	125053	26449	20.5746956235604	DS60
WASP0058110	923	14185	13185	3747	14.284940411701	DS60
WASP0058114	1026	15996	14457	4319	14.0906432748538	DS60
WASP0058115	801	17015	13219	2411	16.5031210986267	DS60
WASP0058116	896	15445	13568	3811	15.1428571428571	DS60
WASP0058119	2657	51951	50365	11804	18.9555890101618	DS60
WASP0058120	3590	65864	68433	15338	19.0621169916435	DS60
WASP0058121	708	14632	10900	2061	15.3954802259887	DS60
WASP0058124	2168	48318	40096	7048	18.4944649446495	DS60
WASP0058125	1423	21692	22637	6812	15.9079409697822	DS60
WASP0058126	1304	23674	22848	7599	17.521472392638	DS60
WASP0058128	3347	78128	65436	12594	19.5506423662982	DS60
WASP0058130	1143	21402	18410	4553	16.1067366579178	DS60
WASP0058132	1790	39064	30315	6289	16.9357541899441	DS60
WASP0058138	1383	23917	20761	5455	15.0115690527838	DS60
WASP0058139	2499	53766	46421	9120	18.5758303321329	DS60
WASP0058140	962	16790	13897	3734	14.4459459459459	DS60
WASP0058143	1850	40605	34294	6699	18.5372972972973	DS60
WASP0058144	2023	37615	33786	10281	16.7009391992091	DS60
WASP0058145	765	13503	10544	2760	13.7830065359477	DS60
WASP0058148	1388	23786	21131	5307	15.2240634005764	DS60
WASP0058149	1599	24788	24711	7550	15.4540337711069	DS60
WASP0058152	1802	30766	29309	9071	16.2647058823529	DS60
WASP0058153	1476	21418	21694	7939	14.6978319783198	DS60
WASP0058154	1928	33116	31350	8618	16.2603734439834	DS60
WASP0058155	442	5721	3898	1261	8.81900452488688	DS60
WASP0058160	3711	74318	65639	16829	17.6876852600377	DS60
WASP0058161	3277	57151	55360	15441	16.8935001525786	DS60
WASP0058163	2789	36790	43558	15808	15.6177841520258	DS60
WASP0058164	2179	37651	34930	9170	16.0302891234511	DS60
WASP0058165	2736	50260	45639	11677	16.6809210526316	DS60
WASP0058166	3134	65658	56713	9864	18.0960433950223	DS60
WASP0058167	2544	52733	46740	11108	18.372641509434	DS60
WASP0058168	1075	19124	16686	4932	15.5218604651163	DS60
WASP0058169	899	15275	11697	3867	13.0111234705228	DS60
WASP0058171	3029	51925	51381	12281	16.9630241003632	DS60
WASP0058173	494	7997	5749	1304	11.6376518218624	DS60
WASP0058174	4397	95622	83868	18669	19.0739140322947	DS60
WASP0058175	1096	14810	15172	5143	13.8430656934307	DS60
WASP0058176	4735	117818	98420	16024	20.7856388595565	DS60
WASP0058177	1521	28725	24923	6454	16.3859303090072	DS60
WASP0058178	1983	37813	33821	9533	17.0554715078164	DS60
WASP0058179	414	5862	3076	658	7.42995169082126	DS60
WASP0058180	1695	41324	34017	6552	20.0690265486726	DS60
WASP0058183	1218	21550	18535	4805	15.2175697865353	DS60
WASP0058184	406	6355	3835	1050	9.44581280788177	DS60
WASP0058185	2566	39255	39968	13723	15.5759937646142	DS60
WASP0058186	2777	47453	46923	13227	16.8970111631257	DS60
WASP0058190	3473	56274	52344	14228	15.0716959401094	DS60
WASP0058191	1441	25907	20931	4785	14.5253296321999	DS60
WASP0058192	3637	73910	64763	15574	17.8067088259555	DS60
WASP0058193	803	13751	12926	3400	16.0971357409714	DS60
WASP0058194	1787	35513	34040	7851	19.0486849468383	DS60
WASP0058195	946	18538	15672	3942	16.5665961945032	DS60
WASP0058196	1901	45666	36929	6794	19.4260915307733	DS60
WASP0058197	547	9387	7511	1240	13.7312614259598	DS60
WASP0058199	787	13795	11322	3022	14.3862770012706	DS60
WASP0058200	1600	30754	28830	7797	18.01875	DS60
WASP0058201	770	14713	11732	2404	15.2363636363636	DS60
WASP0058202	269	3574	1791	509	6.65799256505576	DS60
WASP0058204	961	17561	15289	3455	15.9094693028096	DS60
WASP0058205	390	5509	3745	1132	9.6025641025641	DS60
WASP0058207	3062	56955	54177	12934	17.6933376877858	DS60
WASP0058209	910	17104	15730	3655	17.2857142857143	DS60
WASP0058210	3940	79340	74111	17804	18.8098984771574	DS60
WASP0058213	1270	17799	18713	6648	14.7346456692913	DS60
WASP0058215	1425	26955	22585	4941	15.8491228070175	DS60
WASP0058217	629	10399	8498	2068	13.510333863275	DS60
WASP0058218	482	6422	4830	1756	10.0207468879668	DS60
WASP0058221	3566	76893	68434	15568	19.1906898485698	DS60
WASP0058222	1252	25255	20545	4348	16.4097444089457	DS60
WASP0058223	1836	39096	32752	8314	17.838779956427	DS60
WASP0058224	1681	29817	27545	7196	16.3860797144557	DS60
WASP0058225	666	11902	8404	2184	12.6186186186186	DS60
WASP0058226	789	13486	11173	2138	14.1609632446134	DS60
WASP0058227	2321	36349	36482	10578	15.718224903059	DS60
WASP0058229	1537	28272	25850	6200	16.818477553676	DS60
WASP0058231	1446	21864	20875	6597	14.4363762102351	DS60
WASP0058234	2680	46940	49137	14493	18.3347014925373	DS60
WASP0058235	1103	20598	17385	4173	15.7615593834995	DS60
WASP0058236	1091	15698	15588	4976	14.2878093492209	DS60
WASP0058237	1193	19755	17682	4420	14.8214585079631	DS60
WASP0058238	731	9378	8870	3143	12.1340629274966	DS60
WASP0058239	1296	22762	20138	5902	15.5385802469136	DS60
WASP0058240	933	19875	16363	3299	17.5380493033226	DS60
WASP0058241	1897	34448	32743	8693	17.2604111755403	DS60
WASP0058244	695	13483	11411	2330	16.4187050359712	DS60
WASP0058245	1335	21387	20012	5978	14.9902621722846	DS60
WASP0058247	2508	49192	44961	12206	17.927033492823	DS60
WASP0058248	388	4833	3642	1041	9.38659793814433	DS60
WASP0058250	1312	18448	20126	6851	15.3399390243902	DS60
WASP0058251	1676	32385	28770	7506	17.1658711217184	DS60
WASP0058253	1218	19258	18801	5301	15.435960591133	DS60
WASP0058255	2373	36068	40069	12698	16.8853771597134	DS60
WASP0058256	649	11380	9087	1597	14.0015408320493	DS60
WASP0058257	911	17313	14059	3621	15.4324917672887	DS60
WASP0058260	1864	22889	25611	10072	13.7398068669528	DS60
WASP0058262	2902	55614	52501	13013	18.0913163335631	DS60
WASP0058263	210	2424	1070	257	5.0952380952381	DS60
WASP0058264	1141	22113	19261	4768	16.8808063102542	DS60
WASP0058265	638	10567	8407	2287	13.1771159874608	DS60
WASP0058266	1612	26311	24600	6036	15.2605459057072	DS60
WASP0058271	1247	21890	20299	5277	16.2782678428228	DS60
WASP0058272	1524	27457	23576	5551	15.4698162729659	DS60
WASP0058274	3060	52356	51195	14291	16.7303921568627	DS60
WASP0058275	1321	21647	19738	5437	14.9417108251325	DS60
WASP0058276	459	8490	6045	1390	13.1699346405229	DS60
WASP0058277	1884	36239	31223	7828	16.5727176220807	DS60
WASP0058278	876	18886	14202	2438	16.2123287671233	DS60
WASP0058279	2059	38479	33549	6917	16.2938319572608	DS60
WASP0058282	3888	71325	67664	18826	17.40329218107	DS60
WASP0058283	1039	15518	14519	5237	13.9740134744947	DS60
WASP0058284	1040	20439	15704	3280	15.1	DS60
WASP0058285	544	8989	6913	2096	12.7077205882353	DS60
WASP0058286	785	15971	12771	2950	16.2687898089172	DS60
WASP0058290	2229	47593	41507	10736	18.6213548676537	DS60
WASP0058296	939	16817	13947	3912	14.85303514377	DS60
WASP0058297	1146	18927	16487	4683	14.3865619546248	DS60
WASP0058298	1498	18090	20490	8202	13.6782376502003	DS60
WASP0058299	1057	17781	15737	3886	14.8883632923368	DS60
WASP0058301	1489	23320	22743	6982	15.2740094022834	DS60
WASP0058302	603	9035	6778	2052	11.240464344942	DS60
WASP0058305	3576	81088	71422	14440	19.9725950782998	DS60
WASP0058306	2589	45070	42550	11054	16.4349169563538	DS60
WASP0058307	1311	25359	23178	4887	17.6796338672769	DS60
WASP0058308	2027	37310	33605	8311	16.5786877158362	DS60
WASP0058309	520	8227	6502	2088	12.5038461538462	DS60
WASP0058312	744	16658	12485	1988	16.7809139784946	DS60
WASP0058313	936	19041	14145	3044	15.1121794871795	DS60
WASP0058315	1334	22176	19843	5044	14.8748125937031	DS60
WASP0058317	3589	69929	68079	18309	18.9687935358038	DS60
WASP0058320	1180	21724	18270	4840	15.4830508474576	DS60
WASP0058323	1102	16698	13758	4400	12.4845735027223	DS60
WASP0058324	1486	25168	22587	7288	15.199865410498	DS60
WASP0058326	1088	21198	17416	3294	16.0073529411765	DS60
WASP0058328	2124	32023	33963	11642	15.9901129943503	DS60
WASP0058329	3091	61474	54650	13600	17.6803623422841	DS60
WASP0058330	2846	48986	47958	14719	16.8510189739986	DS60
WASP0058332	520	7814	5423	1595	10.4288461538462	DS60
WASP0058333	975	16392	14255	4252	14.6205128205128	DS60
WASP0058335	1457	21876	20757	6499	14.2463967055594	DS60
WASP0058336	7148	128863	115456	30012	16.1522104085059	DS60
WASP0058339	3183	67817	56767	12580	17.8344329249136	DS60
WASP0058340	3086	60755	54412	13771	17.6318859364874	DS60
WASP0058341	1471	26078	23014	6095	15.6451393609789	DS60
WASP0058342	506	8610	5762	1062	11.3873517786561	DS60
WASP0058344	538	7327	6116	2052	11.368029739777	DS60
WASP0058347	1568	27135	24137	7686	15.3934948979592	DS60
WASP0058348	745	11357	8837	2416	11.861744966443	DS60
WASP0058352	2553	55423	47067	11891	18.4359576968273	DS60
WASP0058353	1085	20105	16923	4615	15.5972350230415	DS60
WASP0058355	795	13913	10137	1494	12.7509433962264	DS60
WASP0058359	1748	32421	27714	7330	15.8546910755149	DS60
WASP0058362	599	8098	6111	2190	10.2020033388982	DS60
WASP0058363	1328	26630	21151	4532	15.9269578313253	DS60
WASP0058365	2674	51308	46950	11254	17.5579655946148	DS60
WASP0058369	2973	49185	47839	14203	16.0911537167844	DS60
WASP0058370	1535	18779	19370	7512	12.6188925081433	DS60
WASP0058372	3723	84193	72566	14096	19.4912704807951	DS60
WASP0058373	2828	44614	45512	15777	16.0933521923621	DS60
WASP0058377	2526	47340	42790	11509	16.9398258115598	DS60
WASP0058378	1629	37959	30376	6352	18.6470227133211	DS60
WASP0058379	1968	51174	39384	6531	20.0121951219512	DS60
WASP0058380	4197	92171	81335	19954	19.3793185608768	DS60
WASP0058381	544	9658	5617	1343	10.3253676470588	DS60
WASP0058382	4257	81291	78163	21546	18.3610523843082	DS60
WASP0058384	585	8781	6450	1662	11.025641025641	DS60
WASP0059001	999	12115	10574	2341	10.5845845845846	DS60
WASP0059002	452	7448	4638	677	10.2610619469027	DS60
WASP0059003	422	4106	3023	588	7.16350710900474	DS60
WASP0059005	799	10989	9011	1864	11.2778473091364	DS60
WASP0059006	1951	43306	38037	6736	19.4961558175295	DS60
WASP0059008	1873	23701	21073	4207	11.2509343299519	DS60
WASP0059009	880	9331	6969	1497	7.91931818181818	DS60
WASP0059010	226	1531	177	41	0.783185840707965	DS60
WASP0059013	723	6485	4744	1012	6.56154910096819	DS60
WASP0059015	899	11230	9789	2328	10.888765294772	DS60
WASP0059016	1289	19286	16142	3210	12.5228859581071	DS60
WASP0059018	674	8006	6076	959	9.01483679525223	DS60
WASP0059020	1041	11167	10169	2575	9.76849183477426	DS60
WASP0059021	293	5018	3417	448	11.6621160409556	DS60
WASP0059022	4705	88535	76448	20925	16.2482465462274	DS60
WASP0059024	381	2154	693	210	1.81889763779528	DS60
WASP0059026	1422	35893	31721	3792	22.3073136427567	DS60
WASP0059030	993	14460	11577	1590	11.6586102719033	DS60
WASP0059031	951	11075	9173	1860	9.64563617245005	DS60
WASP0059034	425	5717	3943	914	9.27764705882353	DS60
WASP0059035	1060	17096	14621	2528	13.7933962264151	DS60
WASP0059036	1314	13185	11831	2307	9.00380517503805	DS60
WASP0059037	513	5825	3780	678	7.36842105263158	DS60
WASP0059040	493	7714	5144	847	10.4340770791075	DS60
WASP0059041	453	5191	3392	613	7.4878587196468	DS60
WASP0059043	1572	31717	27592	5137	17.5521628498728	DS60
WASP0059044	862	10189	7800	1322	9.04872389791183	DS60
WASP0059046	820	9894	7480	1373	9.12195121951219	DS60
WASP0059047	5530	97210	90044	24428	16.2828209764919	DS60
WASP0059048	477	5618	3341	503	7.0041928721174	DS60
WASP0059049	658	9498	7422	1558	11.2796352583587	DS60
WASP0059051	2056	37225	32742	7719	15.9250972762646	DS60
WASP0059053	493	5232	3391	687	6.87829614604463	DS60
WASP0059057	251	1989	318	85	1.26693227091633	DS60
WASP0059058	1121	22677	18063	2656	16.1132917038359	DS60
WASP0059061	637	6028	3978	762	6.24489795918367	DS60
WASP0059062	335	5092	3213	510	9.5910447761194	DS60
WASP0059064	394	5151	2845	471	7.22081218274112	DS60
WASP0059065	794	11002	8467	2278	10.6637279596977	DS60
WASP0059067	893	18333	14122	2157	15.8141097424412	DS60
WASP0059069	598	6405	5128	731	8.5752508361204	DS60
WASP0059073	261	3712	2540	391	9.73180076628353	DS60
WASP0059075	965	23146	16292	2792	16.8829015544041	DS60
WASP0059076	542	4931	3487	724	6.43357933579336	DS60
WASP0059078	821	10438	8696	1667	10.5919610231425	DS60
WASP0059079	483	5547	2963	536	6.13457556935818	DS60
WASP0059080	1517	20350	17326	3941	11.4212261041529	DS60
WASP0059081	1314	21963	20634	3503	15.703196347032	DS60
WASP0059082	573	7018	4730	877	8.25479930191972	DS60
WASP0059085	1197	17487	14799	4149	12.3634085213033	DS60
WASP0059087	404	4804	2616	333	6.47524752475248	DS60
WASP0059088	1745	21844	18695	4257	10.7134670487106	DS60
WASP0059089	389	4047	2720	429	6.99228791773779	DS60
WASP0059092	801	5823	4302	1083	5.37078651685393	DS60
WASP0059093	664	6672	4155	884	6.25753012048193	DS60
WASP0059094	576	7170	4971	1043	8.63020833333333	DS60
WASP0059096	569	6397	3834	718	6.73813708260105	DS60
WASP0059097	459	6811	5107	801	11.1263616557734	DS60
WASP0059098	773	8257	6660	1235	8.61578266494179	DS60
WASP0059101	461	3684	2688	615	5.83080260303688	DS60
WASP0059102	801	10636	8749	1438	10.9225967540574	DS60
WASP0059103	2698	53618	43530	7169	16.1341734618236	DS60
WASP0059104	526	8622	6531	1019	12.4163498098859	DS60
WASP0059106	3279	56769	52312	13419	15.9536444037816	DS60
WASP0059108	757	8904	6764	1155	8.93527080581242	DS60
WASP0059109	1059	10868	8707	1691	8.2219074598678	DS60
WASP0059114	946	11138	9148	1929	9.67019027484144	DS60
WASP0059115	644	9871	7504	1355	11.6521739130435	DS60
WASP0059116	491	6706	4889	814	9.95723014256619	DS60
WASP0059119	662	9093	7640	1338	11.5407854984894	DS60
WASP0059120	957	12600	11246	2322	11.7513061650993	DS60
WASP0059121	317	4594	3182	420	10.0378548895899	DS60
WASP0059126	969	15064	12483	2782	12.8823529411765	DS60
WASP0059128	781	10316	8057	1474	10.3162612035851	DS60
WASP0059130	440	5899	4288	762	9.74545454545455	DS60
WASP0059132	915	14885	10931	2309	11.9464480874317	DS60
WASP0059137	683	17916	14248	1693	20.8609077598829	DS60
WASP0059138	491	6269	4386	677	8.93279022403259	DS60
WASP0059140	2024	32941	28283	7878	13.973814229249	DS60
WASP0059141	568	11639	8507	1415	14.9771126760563	DS60
WASP0059143	1245	22149	18910	3733	15.1887550200803	DS60
WASP0059144	847	13218	10952	2132	12.9303423848878	DS60
WASP0059148	1075	12854	9924	2371	9.23162790697674	DS60
WASP0059149	501	5484	3147	579	6.2814371257485	DS60
WASP0059150	874	18147	14034	2255	16.0572082379863	DS60
WASP0059151	3584	58867	52815	14070	14.736328125	DS60
WASP0059152	678	9546	7576	1477	11.1740412979351	DS60
WASP0059153	525	5321	4185	849	7.97142857142857	DS60
WASP0059154	924	11293	9924	1808	10.7402597402597	DS60
WASP0059155	815	8897	7300	1700	8.95705521472393	DS60
WASP0059156	938	10574	8757	2056	9.33582089552239	DS60
WASP0059157	211	1489	161	43	0.76303317535545	DS60
WASP0059160	1879	26103	23186	4495	12.3395423097392	DS60
WASP0059161	646	5950	4826	887	7.47058823529412	DS60
WASP0059163	877	7676	6063	1448	6.9133409350057	DS60
WASP0059164	594	5762	3678	839	6.19191919191919	DS60
WASP0059165	692	7323	4901	936	7.08236994219653	DS60
WASP0059166	1157	15493	11957	2066	10.3344857389801	DS60
WASP0059167	3054	54701	45496	11520	14.8971840209561	DS60
WASP0059168	495	6052	4597	886	9.28686868686869	DS60
WASP0059170	605	7669	5980	1376	9.88429752066116	DS60
WASP0059171	623	6369	4434	777	7.11717495987159	DS60
WASP0059173	355	4266	2262	438	6.37183098591549	DS60
WASP0059174	1616	18111	15693	3493	9.71101485148515	DS60
WASP0059175	508	5887	4291	827	8.44685039370079	DS60
WASP0059178	1112	11550	9603	2196	8.63579136690647	DS60
WASP0059179	522	8010	5471	1050	10.4808429118774	DS60
WASP0059180	845	10505	7949	1616	9.40710059171598	DS60
WASP0059182	1893	30904	26188	6518	13.8341257263603	DS60
WASP0059183	571	7772	5487	779	9.60945709281961	DS60
WASP0059184	1573	21750	19495	4133	12.3935155753338	DS60
WASP0059185	938	10553	8997	1932	9.59168443496802	DS60
WASP0059186	661	5662	4018	824	6.07866868381241	DS60
WASP0059187	401	5741	3536	555	8.81795511221945	DS60
WASP0059188	429	5436	3917	617	9.13053613053613	DS60
WASP0059189	2022	31466	27775	7314	13.7363996043521	DS60
WASP0059190	2491	35508	32135	6002	12.900441589723	DS60
WASP0059192	869	9067	7208	1372	8.2945914844649	DS60
WASP0059194	519	7193	5372	928	10.3506743737958	DS60
WASP0059195	645	12036	9695	1327	15.031007751938	DS60
WASP0059196	1805	29101	26533	4392	14.6997229916898	DS60
WASP0059199	336	5196	3355	464	9.98511904761905	DS60
WASP0059200	691	9943	8158	1424	11.8060781476122	DS60
WASP0059201	385	4958	3619	622	9.4	DS60
WASP0059203	670	12732	9294	1601	13.8716417910448	DS60
WASP0059207	1109	12562	10191	1940	9.18935978358882	DS60
WASP0059209	572	12520	11482	1171	20.0734265734266	DS60
WASP0059210	998	15424	12790	1966	12.8156312625251	DS60
WASP0059213	548	7203	5298	922	9.66788321167883	DS60
WASP0059214	1038	13842	11877	2373	11.4421965317919	DS60
WASP0059218	1856	28925	27447	8018	14.7882543103448	DS60
WASP0059219	1383	34995	28316	4017	20.4743311641359	DS60
WASP0059221	695	8269	5930	970	8.53237410071943	DS60
WASP0059224	450	5147	3325	585	7.38888888888889	DS60
WASP0059225	716	15629	11938	1706	16.6731843575419	DS60
WASP0059226	715	16248	13577	1529	18.9888111888112	DS60
WASP0059227	638	6933	4977	936	7.80094043887147	DS60
WASP0059230	630	9103	6062	1069	9.62222222222222	DS60
WASP0059231	495	5244	3966	691	8.01212121212121	DS60
WASP0059232	1116	26614	22947	3725	20.5618279569892	DS60
WASP0059234	862	10070	8887	1777	10.3097447795824	DS60
WASP0059237	368	4259	2450	376	6.65760869565217	DS60
WASP0059238	751	9190	7626	1584	10.1544607190413	DS60
WASP0059239	486	6384	4748	778	9.76954732510288	DS60
WASP0059240	923	13050	11207	2084	12.1419284940412	DS60
WASP0059241	3253	81926	66028	11172	20.2975714724869	DS60
WASP0059243	2413	32834	31162	9228	12.9142146705346	DS60
WASP0059244	1116	16680	14823	2661	13.2822580645161	DS60
WASP0059245	778	12899	9958	1623	12.7994858611825	DS60
WASP0059246	338	3862	2318	296	6.85798816568047	DS60
WASP0059247	878	16339	13029	2216	14.8394077448747	DS60
WASP0059250	1259	14200	13036	3090	10.3542494042891	DS60
WASP0059251	486	5318	3791	705	7.80041152263375	DS60
WASP0059252	1090	13807	11747	2559	10.7770642201835	DS60
WASP0059253	365	3972	2419	414	6.62739726027397	DS60
WASP0059255	356	1651	1821	529	5.11516853932584	DS60
WASP0059260	685	7866	5316	1184	7.76058394160584	DS60
WASP0059261	765	9140	7662	1648	10.0156862745098	DS60
WASP0059262	589	7641	6068	1039	10.3022071307301	DS60
WASP0059263	2446	41334	34034	8424	13.9141455437449	DS60
WASP0059264	1410	19577	15700	3379	11.1347517730496	DS60
WASP0059268	826	18455	13654	1845	16.5302663438257	DS60
WASP0059269	944	12516	10758	2357	11.396186440678	DS60
WASP0059272	463	5522	3501	544	7.56155507559395	DS60
WASP0059274	1124	15643	13113	2479	11.6663701067616	DS60
WASP0059275	608	8422	6398	1084	10.5230263157895	DS60
WASP0059276	532	8294	5859	1045	11.0131578947368	DS60
WASP0059277	1597	26020	22024	5000	13.7908578584847	DS60
WASP0059280	955	12483	10700	2283	11.2041884816754	DS60
WASP0059282	931	10977	9655	1862	10.3705692803437	DS60
WASP0059283	384	4415	3300	555	8.59375	DS60
WASP0059285	4067	100022	87231	14921	21.4484878288665	DS60
WASP0059287	1880	56759	40406	5650	21.4925531914894	DS60
WASP0059290	609	7398	5611	914	9.21346469622332	DS60
WASP0059292	1823	24998	22837	4429	12.5271530444323	DS60
WASP0059294	954	20244	17148	2911	17.9748427672956	DS60
WASP0059295	1046	12170	10251	2106	9.80019120458891	DS60
WASP0059297	461	5819	3990	595	8.65509761388286	DS60
WASP0059298	1205	16673	14321	2596	11.8846473029046	DS60
WASP0059299	579	9115	7479	1231	12.9170984455959	DS60
WASP0059300	750	17821	14090	1557	18.7866666666667	DS60
WASP0059301	538	5900	4400	750	8.17843866171004	DS60
WASP0059305	1242	29858	25984	3005	20.9210950080515	DS60
WASP0059306	4160	78692	72642	17182	17.4620192307692	DS60
WASP0059307	588	9931	7619	1038	12.9574829931973	DS60
WASP0059309	438	8543	6353	832	14.5045662100457	DS60
WASP0059310	1267	19106	15692	2576	12.3851617995264	DS60
WASP0059312	539	16035	13540	1255	25.1205936920223	DS60
WASP0059314	2851	40198	38981	11591	13.6727464047703	DS60
WASP0059315	1188	14542	12329	2199	10.3779461279461	DS60
WASP0059317	784	7381	5240	1010	6.68367346938776	DS60
WASP0059319	1883	33356	29242	5290	15.5294742432289	DS60
WASP0059323	808	13737	9194	1498	11.3787128712871	DS60
WASP0059324	1149	13536	11771	2776	10.2445604873803	DS60
WASP0059327	489	5658	3835	671	7.84253578732106	DS60
WASP0059328	584	4761	3366	747	5.76369863013699	DS60
WASP0059329	2698	46742	41967	7948	15.5548554484804	DS60
WASP0059330	2399	40844	34027	6296	14.1838265944143	DS60
WASP0059331	916	16042	13120	2031	14.3231441048035	DS60
WASP0059333	530	7793	5752	1019	10.8528301886792	DS60
WASP0059334	1042	13328	10501	2124	10.0777351247601	DS60
WASP0059335	716	8266	4805	1082	6.7108938547486	DS60
WASP0059336	1220	11355	8968	1728	7.35081967213115	DS60
WASP0059344	1191	23626	19515	3622	16.3853904282116	DS60
WASP0059347	515	5419	3252	515	6.31456310679612	DS60
WASP0059348	1186	14087	11435	2639	9.64165261382799	DS60
WASP0059349	640	10141	6779	1093	10.5921875	DS60
WASP0059352	1013	18864	14931	2505	14.7393879565647	DS60
WASP0059353	474	7104	4934	793	10.4092827004219	DS60
WASP0059359	868	15478	10570	1663	12.1774193548387	DS60
WASP0059362	600	7864	5515	1051	9.19166666666667	DS60
WASP0059363	491	5040	2971	553	6.05091649694501	DS60
WASP0059365	726	7524	4669	947	6.43112947658402	DS60
WASP0059369	930	13744	10239	1666	11.0096774193548	DS60
WASP0059373	5247	82495	74088	19513	14.1200686106346	DS60
WASP0059375	3242	60054	51948	13489	16.0234423195558	DS60
WASP0059377	2956	54552	45412	10233	15.362652232747	DS60
WASP0059379	1616	32228	26878	4656	16.6324257425743	DS60
WASP0059380	960	9405	7741	1603	8.06354166666667	DS60
WASP0059381	626	12651	9402	1253	15.0191693290735	DS60
WASP0059382	1056	12260	9353	1637	8.85700757575758	DS60
WASP0059383	3658	73324	65911	11632	18.0183160196829	DS60
WASP0060001	287	7371	4292	800	14.9547038327526	DS60
WASP0060003	1725	32560	32846	11533	19.0411594202899	DS60
WASP0060006	967	18222	17214	5887	17.8014477766288	DS60
WASP0060011	1216	23408	21045	6539	17.3067434210526	DS60
WASP0060013	436	8657	6040	1545	13.8532110091743	DS60
WASP0060014	1851	51180	43980	10498	23.7601296596434	DS60
WASP0060016	524	8763	7515	2529	14.3416030534351	DS60
WASP0060017	376	6517	5234	1554	13.9202127659574	DS60
WASP0060019	354	6319	3896	1237	11.0056497175141	DS60
WASP0060022	864	15333	15066	5262	17.4375	DS60
WASP0060023	285	4305	2610	802	9.1578947368421	DS60
WASP0060026	1823	38040	35557	9028	19.5046626439934	DS60
WASP0060028	912	16297	14622	5077	16.0328947368421	DS60
WASP0060029	618	11593	8728	3142	14.1229773462783	DS60
WASP0060033	624	12026	9857	3175	15.7964743589744	DS60
WASP0060035	408	10735	6031	1264	14.781862745098	DS60
WASP0060036	651	12257	10316	3153	15.8463901689708	DS60
WASP0060037	2529	57018	51536	15349	20.3780150257019	DS60
WASP0060038	507	11099	9132	2353	18.0118343195266	DS60
WASP0060043	907	16193	15397	5026	16.9757442116869	DS60
WASP0060044	1291	25108	24233	7987	18.7707203718048	DS60
WASP0060047	1373	34705	29360	7017	21.3838310269483	DS60
WASP0060048	2195	47194	43644	13262	19.8833712984055	DS60
WASP0060049	675	11811	9793	3008	14.5081481481481	DS60
WASP0060052	1110	22505	21557	5996	19.4207207207207	DS60
WASP0060053	1050	17835	17770	6617	16.9238095238095	DS60
WASP0060054	1253	21597	23873	8562	19.0526735833998	DS60
WASP0060055	3172	71075	66396	19502	20.9319041614124	DS60
WASP0060056	1400	28409	25790	8292	18.4214285714286	DS60
WASP0060057	560	14063	11098	2970	19.8178571428571	DS60
WASP0060058	1410	29325	25433	7681	18.0375886524823	DS60
WASP0060059	1638	34798	31489	9868	19.2240537240537	DS60
WASP0060062	671	10917	11126	3930	16.5812220566319	DS60
WASP0060063	682	17280	12713	2855	18.6407624633431	DS60
WASP0060065	1378	23510	22314	8246	16.1930333817126	DS60
WASP0060068	347	6637	5218	1730	15.0374639769452	DS60
WASP0060070	704	9378	9815	4258	13.9417613636364	DS60
WASP0060071	874	17711	16284	5280	18.6315789473684	DS60
WASP0060072	683	11856	10267	2783	15.0322108345534	DS60
WASP0060073	1217	21343	22703	8454	18.6548890714873	DS60
WASP0060074	1906	43412	40686	10932	21.3462749213012	DS60
WASP0060075	1661	34324	33421	11507	20.1210114388922	DS60
WASP0060076	358	5466	4678	1793	13.0670391061453	DS60
WASP0060078	1603	35088	30198	7699	18.8384279475983	DS60
WASP0060080	2930	53054	56372	15154	19.239590443686	DS60
WASP0060081	2410	54491	49305	13560	20.4585062240664	DS60
WASP0060083	192	3008	977	266	5.08854166666667	DS60
WASP0060084	197	3781	1528	219	7.75634517766498	DS60
WASP0060086	790	15823	14253	4242	18.0417721518987	DS60
WASP0060089	646	12373	10258	2732	15.8792569659443	DS60
WASP0060091	701	14309	11805	3547	16.8402282453638	DS60
WASP0060092	662	12800	10656	2959	16.0966767371601	DS60
WASP0060096	2241	56677	48340	13314	21.5707273538599	DS60
WASP0060097	1368	28053	25193	7503	18.4159356725146	DS60
WASP0060098	2200	40814	42074	15020	19.1245454545455	DS60
WASP0060099	763	14408	12009	3343	15.7391874180865	DS60
WASP0060100	624	13122	10459	2897	16.761217948718	DS60
WASP0060101	566	8577	7447	2277	13.1572438162544	DS60
WASP0060102	625	13841	12360	3071	19.776	DS60
WASP0060103	905	19860	18148	4839	20.0530386740332	DS60
WASP0060104	528	10055	8518	1927	16.1325757575758	DS60
WASP0060106	1211	25836	23305	7621	19.2444260941371	DS60
WASP0060107	437	6642	6761	2895	15.4713958810069	DS60
WASP0060108	894	18537	16288	4671	18.2192393736018	DS60
WASP0060109	537	11121	9485	2083	17.6629422718808	DS60
WASP0060110	2801	66652	61001	14819	21.7782934666191	DS60
WASP0060111	1072	22267	20270	6354	18.9085820895522	DS60
WASP0060113	1228	22461	21729	7122	17.6946254071661	DS60
WASP0060115	1492	47160	37789	7843	25.3277479892761	DS60
WASP0060116	1836	37540	35926	10968	19.5675381263617	DS60
WASP0060120	1951	38800	37111	8299	19.021527421835	DS60
WASP0060123	1907	41230	35676	9498	18.7079181961196	DS60
WASP0060124	374	8756	5800	1460	15.5080213903743	DS60
WASP0060125	2349	53114	51271	15455	21.8267347807578	DS60
WASP0060126	518	8862	8565	3334	16.534749034749	DS60
WASP0060129	1028	17848	17633	5805	17.1527237354086	DS60
WASP0060130	435	9176	7187	1946	16.5218390804598	DS60
WASP0060133	2229	44934	44127	15003	19.7967698519516	DS60
WASP0060137	1681	32673	32420	11011	19.2861392028554	DS60
WASP0060138	2420	57936	52943	13627	21.8772727272727	DS60
WASP0060140	291	6309	4310	944	14.8109965635739	DS60
WASP0060141	2208	41978	41875	14361	18.9651268115942	DS60
WASP0060142	966	16998	17183	6041	17.787784679089	DS60
WASP0060144	1168	33320	26578	3868	22.7551369863014	DS60
WASP0060147	1391	33903	30958	7807	22.2559309849029	DS60
WASP0060148	1569	32018	29549	9532	18.8330146590185	DS60
WASP0060149	1261	30759	26486	6435	21.0039651070579	DS60
WASP0060150	1416	34791	27576	6662	19.4745762711864	DS60
WASP0060151	1995	35396	36890	12679	18.4912280701754	DS60
WASP0060152	801	20866	15934	3959	19.892634207241	DS60
WASP0060153	543	11974	9931	2214	18.2891344383057	DS60
WASP0060154	573	13809	11277	2870	19.6806282722513	DS60
WASP0060155	1404	25556	26577	9609	18.9294871794872	DS60
WASP0060160	1245	37238	29090	5032	23.3654618473896	DS60
WASP0060162	318	6599	4939	1359	15.5314465408805	DS60
WASP0060163	374	6073	4028	1273	10.7700534759358	DS60
WASP0060164	1706	37267	32746	8583	19.1946072684642	DS60
WASP0060167	1868	35653	34157	10949	18.2853319057816	DS60
WASP0060175	202	2474	900	260	4.45544554455446	DS60
WASP0060176	3233	100420	82289	14751	25.4528301886793	DS60
WASP0060178	412	6740	5429	1903	13.1771844660194	DS60
WASP0060180	907	26857	19964	3816	22.0110253583242	DS60
WASP0060181	478	11263	7241	1297	15.1485355648536	DS60
WASP0060182	7357	185599	166754	46836	22.6660323501427	DS60
WASP0060185	1263	30777	27223	7425	21.5542359461599	DS60
WASP0060186	2184	54636	46764	11854	21.4120879120879	DS60
WASP0060189	1011	24157	20015	4613	19.7972304648863	DS60
WASP0060190	1009	18092	16475	4397	16.3280475718533	DS60
WASP0060192	2038	45601	40944	9520	20.090284592738	DS60
WASP0060193	583	15658	12019	2980	20.6157804459691	DS60
WASP0060194	1006	38907	29356	4533	29.1809145129225	DS60
WASP0060195	936	29084	22743	4392	24.2980769230769	DS60
WASP0060196	696	11567	11064	3863	15.8965517241379	DS60
WASP0060199	981	27738	22480	5371	22.9153924566769	DS60
WASP0060201	759	15373	14248	4523	18.7720685111989	DS60
WASP0060202	904	18195	17058	4917	18.8694690265487	DS60
WASP0060204	1267	23241	22594	7554	17.8326756116811	DS60
WASP0060205	748	14173	13228	4058	17.6844919786096	DS60
WASP0060206	963	21948	19088	4666	19.8213914849429	DS60
WASP0060208	448	9519	7620	2375	17.0089285714286	DS60
WASP0060209	876	19429	17948	4709	20.4885844748858	DS60
WASP0060210	2837	51784	54702	19525	19.28163553049	DS60
WASP0060212	1056	36440	26686	4473	25.2708333333333	DS60
WASP0060213	831	13093	13341	4278	16.0541516245487	DS60
WASP0060215	643	14721	12879	3901	20.0295489891135	DS60
WASP0060216	890	23799	19361	5009	21.7539325842697	DS60
WASP0060217	608	17271	11301	2795	18.5871710526316	DS60
WASP0060218	1969	44608	42493	12848	21.5810055865922	DS60
WASP0060220	827	16114	13308	3639	16.0918984280532	DS60
WASP0060221	624	11560	11069	3891	17.7387820512821	DS60
WASP0060222	979	19189	18259	5655	18.6506639427988	DS60
WASP0060223	3572	93124	80710	21758	22.5951847704367	DS60
WASP0060224	145	1586	616	175	4.24827586206897	DS60
WASP0060227	1737	27574	31729	12081	18.2665515256189	DS60
WASP0060231	1042	20468	19261	5922	18.4846449136276	DS60
WASP0060232	705	19999	16634	3989	23.5943262411348	DS60
WASP0060233	639	11055	10414	3655	16.2973395931142	DS60
WASP0060234	913	15605	15417	5300	16.8860898138007	DS60
WASP0060235	371	7746	5679	1633	15.3072776280323	DS60
WASP0060237	725	11930	10880	3380	15.0068965517241	DS60
WASP0060240	1562	31956	29047	8576	18.5960307298335	DS60
WASP0060243	1875	46320	40113	9446	21.3936	DS60
WASP0060244	129	1705	402	128	3.11627906976744	DS60
WASP0060246	5279	95101	106395	37878	20.1543853002463	DS60
WASP0060250	735	21774	16170	2969	22	DS60
WASP0060252	1829	28562	32617	12361	17.8332422088573	DS60
WASP0060253	563	12575	10862	3147	19.2930728241563	DS60
WASP0060255	598	11697	9836	2473	16.4481605351171	DS60
WASP0060257	577	12997	9904	2856	17.1646447140381	DS60
WASP0060259	454	8997	7804	2804	17.1894273127753	DS60
WASP0060261	681	13543	13011	3023	19.1057268722467	DS60
WASP0060262	866	21117	17236	3263	19.9030023094688	DS60
WASP0060264	1630	40128	34769	8181	21.3306748466258	DS60
WASP0060265	443	11494	8880	2311	20.0451467268623	DS60
WASP0060267	934	20709	19277	5070	20.6391862955032	DS60
WASP0060268	820	13525	13684	4963	16.6878048780488	DS60
WASP0060271	338	7975	5475	1195	16.198224852071	DS60
WASP0060273	648	16979	13597	2744	20.983024691358	DS60
WASP0060275	819	18653	14916	3811	18.2124542124542	DS60
WASP0060276	981	26630	20813	4561	21.2161060142712	DS60
WASP0060278	207	3900	2490	555	12.0289855072464	DS60
WASP0060279	855	18541	15683	4138	18.3426900584795	DS60
WASP0060280	286	6032	4029	958	14.0874125874126	DS60
WASP0060284	2162	49367	45569	13129	21.077243293247	DS60
WASP0060285	2470	62638	58919	14977	23.8538461538462	DS60
WASP0060288	1074	22496	20088	4949	18.7039106145251	DS60
WASP0060290	2893	53115	56282	20135	19.4545454545455	DS60
WASP0060292	636	11622	11690	4022	18.3805031446541	DS60
WASP0060294	798	19606	16669	4391	20.8884711779449	DS60
WASP0060296	1723	43919	36257	8154	21.0429483459083	DS60
WASP0060299	1730	32690	31230	8787	18.0520231213873	DS60
WASP0060300	2528	91991	68084	12157	26.9319620253165	DS60
WASP0060302	2574	74665	61805	13515	24.0112665112665	DS60
WASP0060303	1521	30631	28298	8940	18.6048652202498	DS60
WASP0060304	2378	57188	51267	13090	21.5588730025231	DS60
WASP0060305	853	16769	14168	5003	16.609613130129	DS60
WASP0060307	911	14279	14606	5729	16.032930845225	DS60
WASP0060309	483	10516	9057	2721	18.7515527950311	DS60
WASP0060311	708	18649	14066	2657	19.8672316384181	DS60
WASP0060312	1875	46035	42144	6344	22.4768	DS60
WASP0060313	696	17971	13070	3304	18.7787356321839	DS60
WASP0060315	1810	34877	35077	11794	19.3795580110497	DS60
WASP0060317	1126	35548	27517	4783	24.4378330373002	DS60
WASP0060318	1375	33267	28745	8677	20.9054545454545	DS60
WASP0060319	1718	26468	27357	9360	15.9237485448196	DS60
WASP0060320	1036	19826	18268	5566	17.6332046332046	DS60
WASP0060322	2157	56556	48405	12562	22.4408901251739	DS60
WASP0060323	1350	25441	24115	7454	17.862962962963	DS60
WASP0060324	1807	40346	37689	11280	20.8572219147759	DS60
WASP0060325	2990	62068	59835	18549	20.0117056856187	DS60
WASP0060326	780	13930	13493	4564	17.298717948718	DS60
WASP0060328	1226	28057	22239	5338	18.1394779771615	DS60
WASP0060329	2749	44286	49672	19859	18.0691160421972	DS60
WASP0060330	947	19099	16858	5310	17.8014783526927	DS60
WASP0060331	837	17888	15403	4032	18.4026284348865	DS60
WASP0060332	820	16002	13865	3673	16.9085365853659	DS60
WASP0060333	439	7870	6461	2454	14.7175398633257	DS60
WASP0060334	591	9799	8368	3058	14.1590524534687	DS60
WASP0060337	665	9299	9277	3743	13.9503759398496	DS60
WASP0060339	945	28336	20590	3929	21.7883597883598	DS60
WASP0060340	1894	44281	39143	11092	20.6668426610348	DS60
WASP0060341	1965	39485	38439	13096	19.5618320610687	DS60
WASP0060343	621	8850	8121	3172	13.0772946859903	DS60
WASP0060344	2073	46671	41826	12005	20.1765557163531	DS60
WASP0060345	826	14887	12973	4008	15.7058111380145	DS60
WASP0060346	1009	25101	21181	3907	20.99207135778	DS60
WASP0060347	323	6359	4037	875	12.4984520123839	DS60
WASP0060348	2246	50099	46628	13856	20.7604630454141	DS60
WASP0060349	1198	29418	25285	6192	21.1060100166945	DS60
WASP0060350	4862	135034	114399	26649	23.5292060880296	DS60
WASP0060351	398	9644	6160	1359	15.4773869346734	DS60
WASP0060352	2956	65328	60775	17970	20.5598782138024	DS60
WASP0060353	967	18621	15989	5241	16.5346432264736	DS60
WASP0060354	662	11509	9758	3843	14.7401812688822	DS60
WASP0060356	851	16593	15828	5148	18.599294947121	DS60
WASP0060359	1961	67121	48683	8708	24.8255991840898	DS60
WASP0060361	256	3637	2074	545	8.1015625	DS60
WASP0060363	622	13331	11431	3677	18.3778135048232	DS60
WASP0060364	1258	23404	21609	5438	17.1772655007949	DS60
WASP0060365	2273	67681	54453	12758	23.9564452265728	DS60
WASP0060369	1296	24751	22896	7448	17.6666666666667	DS60
WASP0060370	982	24712	18448	3244	18.786150712831	DS60
WASP0060371	2850	56871	54662	16268	19.179649122807	DS60
WASP0060374	230	4467	2093	470	9.1	DS60
WASP0060375	1486	36509	30187	8096	20.314266487214	DS60
WASP0060376	1521	32548	29140	8071	19.1584483892176	DS60
WASP0060377	1795	47432	39970	8793	22.2674094707521	DS60
WASP0060378	2187	65472	51989	11216	23.771833561957	DS60
WASP0060379	5980	205672	164819	34501	27.5617056856187	DS60
WASP0060380	422	7906	5885	1352	13.9454976303318	DS60
WASP0060381	857	26100	19364	4148	22.5950991831972	DS60
WASP0060382	2446	70592	56815	11778	23.2277187244481	DS60
WASP0060384	2936	59538	54587	13920	18.5923024523161	DS60
WASP0061001	1418	30416	26010	7508	18.342736248237	DS60
WASP0061002	1452	29151	26280	7709	18.099173553719	DS60
WASP0061003	410	10252	7022	905	17.1268292682927	DS60
WASP0061005	1712	30994	29840	9363	17.4299065420561	DS60
WASP0061007	701	14949	12220	2948	17.432239657632	DS60
WASP0061008	1434	39939	31509	6759	21.9728033472803	DS60
WASP0061009	689	10089	9290	2985	13.4833091436865	DS60
WASP0061011	541	11571	9155	1745	16.9223659889094	DS60
WASP0061012	1797	31683	29395	8811	16.3578185865331	DS60
WASP0061013	394	7645	4547	1222	11.5406091370558	DS60
WASP0061015	2514	58700	49193	12066	19.5676213206046	DS60
WASP0061016	1084	21127	18976	5405	17.5055350553506	DS60
WASP0061017	895	16946	15377	4424	17.1810055865922	DS60
WASP0061018	750	14453	12305	3265	16.4066666666667	DS60
WASP0061020	1438	28735	25262	6910	17.567454798331	DS60
WASP0061021	1528	34808	29586	7008	19.3625654450262	DS60
WASP0061022	362	5394	4254	1217	11.7513812154696	DS60
WASP0061025	687	15082	11930	2891	17.3653566229985	DS60
WASP0061026	1225	22835	21850	6202	17.8367346938776	DS60
WASP0061030	418	9223	6820	1459	16.3157894736842	DS60
WASP0061032	1903	41202	38093	9690	20.0173410404624	DS60
WASP0061033	349	4913	3222	933	9.23209169054441	DS60
WASP0061034	1032	18922	16454	5396	15.9437984496124	DS60
WASP0061036	200	2937	1499	363	7.495	DS60
WASP0061038	571	11290	8808	2149	15.4255691768827	DS60
WASP0061040	377	7071	5394	1204	14.3076923076923	DS60
WASP0061041	2135	47468	41361	10358	19.3728337236534	DS60
WASP0061044	569	12467	9863	2202	17.3339191564148	DS60
WASP0061046	1080	17815	17247	5877	15.9694444444444	DS60
WASP0061047	1266	24185	22618	6256	17.8657187993681	DS60
WASP0061051	382	10710	7918	1389	20.7277486910995	DS60
WASP0061054	768	14638	12121	3384	15.7825520833333	DS60
WASP0061057	1016	32527	24192	3861	23.8110236220472	DS60
WASP0061062	154	1909	898	267	5.83116883116883	DS60
WASP0061063	1111	28656	23130	4283	20.8190819081908	DS60
WASP0061065	734	15184	12664	3668	17.2534059945504	DS60
WASP0061066	492	14028	9014	1261	18.3211382113821	DS60
WASP0061067	707	14662	12566	3531	17.7736916548798	DS60
WASP0061068	458	10001	6878	1434	15.0174672489083	DS60
WASP0061071	705	11265	10423	3382	14.7843971631206	DS60
WASP0061076	389	7344	5704	1360	14.6632390745501	DS60
WASP0061077	933	21605	17112	3691	18.3408360128617	DS60
WASP0061079	253	4642	2757	546	10.897233201581	DS60
WASP0061082	3486	98567	78992	15643	22.6597819850832	DS60
WASP0061084	997	27841	21057	3995	21.1203610832498	DS60
WASP0061085	802	19540	14555	3213	18.1483790523691	DS60
WASP0061086	870	21298	17944	3822	20.6252873563218	DS60
WASP0061088	616	9802	8131	2172	13.1996753246753	DS60
WASP0061090	1402	26353	23875	6435	17.0292439372325	DS60
WASP0061092	265	4188	2650	706	10	DS60
WASP0061093	1457	30212	27032	7327	18.5531914893617	DS60
WASP0061095	879	19132	16086	2965	18.3003412969283	DS60
WASP0061097	1085	20626	18683	5611	17.2193548387097	DS60
WASP0061100	759	14072	12099	3521	15.9407114624506	DS60
WASP0061101	937	11149	9611	2644	10.2572038420491	DS60
WASP0061102	538	10873	9285	2350	17.2583643122677	DS60
WASP0061103	1625	42523	34770	7632	21.3969230769231	DS60
WASP0061105	1038	22962	19031	4459	18.3342967244701	DS60
WASP0061107	821	20317	15807	2874	19.2533495736906	DS60
WASP0061109	851	24804	18087	3423	21.2538190364277	DS60
WASP0061112	923	17554	16309	3784	17.6695557963164	DS60
WASP0061115	791	19356	16252	3631	20.5461441213654	DS60
WASP0061117	619	11230	9709	2577	15.6849757673667	DS60
WASP0061118	1150	16889	17985	6495	15.6391304347826	DS60
WASP0061119	1444	28773	26142	6996	18.1038781163435	DS60
WASP0061120	1341	34881	27986	5200	20.8695003728561	DS60
WASP0061121	529	13099	9787	1622	18.5009451795841	DS60
WASP0061122	749	15596	12834	2663	17.1348464619493	DS60
WASP0061124	1033	31593	23228	3568	22.48596321394	DS60
WASP0061125	394	6837	5928	1818	15.0456852791878	DS60
WASP0061126	903	24949	18863	3944	20.8892580287929	DS60
WASP0061127	442	8050	6651	1670	15.0475113122172	DS60
WASP0061128	1563	41704	33525	6077	21.4491362763916	DS60
WASP0061129	1692	31997	30804	8244	18.2056737588653	DS60
WASP0061130	303	5142	3288	759	10.8514851485149	DS60
WASP0061135	1341	31739	26187	6106	19.5279642058166	DS60
WASP0061136	1483	31079	25893	6227	17.45987862441	DS60
WASP0061138	793	16362	13753	3655	17.343001261034	DS60
WASP0061140	228	3977	2994	746	13.1315789473684	DS60
WASP0061147	1669	37087	32213	8121	19.3007789095267	DS60
WASP0061149	285	3865	3230	987	11.3333333333333	DS60
WASP0061151	707	16334	12313	2409	17.4158415841584	DS60
WASP0061152	186	3593	2511	491	13.5	DS60
WASP0061153	2056	33348	34165	11638	16.6172178988327	DS60
WASP0061154	1152	20620	19443	5618	16.8776041666667	DS60
WASP0061156	414	7720	6322	1781	15.2705314009662	DS60
WASP0061159	992	24894	18899	3857	19.0514112903226	DS60
WASP0061162	1091	21196	18297	5728	16.7708524289643	DS60
WASP0061164	944	16158	14651	4273	15.5201271186441	DS60
WASP0061165	494	8631	6818	2156	13.8016194331984	DS60
WASP0061166	626	14733	10944	2583	17.482428115016	DS60
WASP0061171	507	8057	7047	1765	13.8994082840237	DS60
WASP0061172	517	10254	8050	1986	15.5705996131528	DS60
WASP0061173	739	11897	11108	3817	15.0311231393775	DS60
WASP0061175	225	3418	2124	491	9.44	DS60
WASP0061181	707	16060	12174	2481	17.2192362093352	DS60
WASP0061182	486	11888	9179	1847	18.8868312757202	DS60
WASP0061186	2567	75801	59927	10975	23.345149980522	DS60
WASP0061187	848	24949	19265	3889	22.7181603773585	DS60
WASP0061188	1140	25642	21702	5263	19.0368421052632	DS60
WASP0061190	1784	40330	34421	6614	19.2942825112108	DS60
WASP0061192	679	11813	10201	2906	15.0235640648012	DS60
WASP0061193	2283	48772	43755	12611	19.1655716162944	DS60
WASP0061194	878	23677	18643	3639	21.2334851936219	DS60
WASP0061197	489	10374	8910	2156	18.2208588957055	DS60
WASP0061198	789	20727	16349	3030	20.7211660329531	DS60
WASP0061199	411	9285	7773	1845	18.9124087591241	DS60
WASP0061200	1654	35543	34291	7261	20.7321644498186	DS60
WASP0061201	1162	21456	20619	6084	17.7444061962134	DS60
WASP0061202	535	8351	7368	2335	13.7719626168224	DS60
WASP0061204	805	13820	13494	4111	16.7627329192547	DS60
WASP0061206	928	22856	18258	3669	19.6745689655172	DS60
WASP0061210	1079	20411	19446	5385	18.0222428174235	DS60
WASP0061211	601	12189	10249	2414	17.0532445923461	DS60
WASP0061212	856	26839	19678	3025	22.9883177570093	DS60
WASP0061215	273	5214	3773	956	13.8205128205128	DS60
WASP0061216	484	13130	9530	2089	19.6900826446281	DS60
WASP0061217	375	6659	5440	1614	14.5066666666667	DS60
WASP0061218	434	8302	6579	1672	15.1589861751152	DS60
WASP0061219	470	8314	7310	2077	15.5531914893617	DS60
WASP0061220	806	11207	10285	3425	12.7605459057072	DS60
WASP0061221	260	4513	3060	676	11.7692307692308	DS60
WASP0061222	241	3872	2745	656	11.3900414937759	DS60
WASP0061223	628	15082	11656	2669	18.5605095541401	DS60
WASP0061225	1197	23790	20299	5809	16.9582289055973	DS60
WASP0061227	616	11096	10493	3443	17.0340909090909	DS60
WASP0061230	1172	16135	17139	6561	14.6237201365188	DS60
WASP0061233	657	11409	10856	3312	16.5235920852359	DS60
WASP0061234	1444	31871	29310	7539	20.297783933518	DS60
WASP0061235	1643	37108	31409	7630	19.1168594035301	DS60
WASP0061236	1069	23984	21284	5065	19.910196445276	DS60
WASP0061241	621	12468	10774	3013	17.3494363929147	DS60
WASP0061243	921	26828	19518	3316	21.1921824104235	DS60
WASP0061246	752	15175	12600	3291	16.7553191489362	DS60
WASP0061248	736	13565	11700	2843	15.8967391304348	DS60
WASP0061252	735	17759	13949	3065	18.978231292517	DS60
WASP0061256	1373	39361	30529	5431	22.2352512745812	DS60
WASP0061258	1147	27090	22288	4779	19.4315605928509	DS60
WASP0061260	509	7186	6452	2235	12.6758349705305	DS60
WASP0061262	736	21320	16469	2339	22.3763586956522	DS60
WASP0061263	455	8573	7752	2188	17.0373626373626	DS60
WASP0061268	533	10545	8857	1912	16.6172607879925	DS60
WASP0061270	368	8174	6090	1396	16.5489130434783	DS60
WASP0061272	1290	25279	21818	5560	16.9131782945736	DS60
WASP0061274	828	13283	12957	3784	15.6485507246377	DS60
WASP0061276	1249	35073	27076	4776	21.6781425140112	DS60
WASP0061279	1312	33176	27726	5444	21.1326219512195	DS60
WASP0061281	980	29089	22027	3758	22.4765306122449	DS60
WASP0061282	1993	50081	44421	9256	22.2885097842449	DS60
WASP0061283	865	19716	15734	3971	18.1895953757225	DS60
WASP0061284	2332	57785	47825	11132	20.5081475128645	DS60
WASP0061286	1503	38211	31023	6787	20.6407185628743	DS60
WASP0061288	1743	46361	36009	7509	20.6592082616179	DS60
WASP0061293	304	4175	2889	855	9.50328947368421	DS60
WASP0061295	216	3377	1960	378	9.07407407407407	DS60
WASP0061296	898	22158	17719	3960	19.7316258351893	DS60
WASP0061297	244	3625	2689	758	11.0204918032787	DS60
WASP0061298	991	21311	18118	4546	18.2825428859738	DS60
WASP0061300	1547	39391	31808	6317	20.5610859728507	DS60
WASP0061301	1042	27385	20464	5011	19.6391554702495	DS60
WASP0061303	1523	34114	29477	6626	19.354563361786	DS60
WASP0061304	596	13191	10441	2298	17.5184563758389	DS60
WASP0061305	1658	45283	36405	7145	21.9571773220748	DS60
WASP0061306	2955	77453	62561	15273	21.1712351945855	DS60
WASP0061307	608	9436	7674	2346	12.6217105263158	DS60
WASP0061308	536	7730	7131	2506	13.3041044776119	DS60
WASP0061309	339	5191	4290	1304	12.6548672566372	DS60
WASP0061312	565	13127	10602	1994	18.7646017699115	DS60
WASP0061313	2344	60788	49898	11514	21.287542662116	DS60
WASP0061314	1187	24103	20881	5537	17.5914069081719	DS60
WASP0061315	1791	38185	32539	8538	18.1680625348967	DS60
WASP0061317	695	11009	10624	3710	15.2863309352518	DS60
WASP0061319	1071	25029	19800	3802	18.4873949579832	DS60
WASP0061322	421	9347	6394	1172	15.187648456057	DS60
WASP0061324	756	15636	12603	3407	16.6706349206349	DS60
WASP0061327	480	8890	6411	1547	13.35625	DS60
WASP0061329	1072	24788	20481	4722	19.1054104477612	DS60
WASP0061332	148	2373	973	156	6.57432432432433	DS60
WASP0061334	948	18694	16288	4839	17.1814345991561	DS60
WASP0061335	711	16843	12202	2640	17.1617440225035	DS60
WASP0061336	2072	48907	39010	7989	18.8272200772201	DS60
WASP0061339	1412	36329	27943	5966	19.7896600566572	DS60
WASP0061340	1038	29439	22802	4012	21.9672447013487	DS60
WASP0061341	880	17782	14913	3966	16.9465909090909	DS60
WASP0061346	2204	41218	38493	11357	17.4650635208711	DS60
WASP0061347	2535	53016	48635	13557	19.1854043392505	DS60
WASP0061348	1435	22176	22497	7849	15.6773519163763	DS60
WASP0061351	714	21287	14687	2763	20.5700280112045	DS60
WASP0061352	1654	57688	42401	6117	25.6354292623942	DS60
WASP0061353	1836	50569	41407	6902	22.5528322440087	DS60
WASP0061354	1915	30021	31852	10055	16.6328981723238	DS60
WASP0061355	1219	26583	20074	4221	16.467596390484	DS60
WASP0061356	1016	21363	18690	4691	18.3956692913386	DS60
WASP0061357	758	14054	11960	3650	15.778364116095	DS60
WASP0061358	708	18549	14882	2457	21.0197740112994	DS60
WASP0061359	693	14766	11316	2566	16.3290043290043	DS60
WASP0061360	642	14582	11765	2426	18.3255451713396	DS60
WASP0061361	931	15736	14829	4170	15.9280343716434	DS60
WASP0061362	577	12380	8957	1493	15.5233968804159	DS60
WASP0061364	310	4932	3280	853	10.5806451612903	DS60
WASP0061366	1326	28157	24633	6379	18.5769230769231	DS60
WASP0061368	1125	34304	24893	4807	22.1271111111111	DS60
WASP0061371	1873	41681	36503	9166	19.4890549919915	DS60
WASP0061374	530	13209	9328	1850	17.6	DS60
WASP0061375	568	13073	9466	2187	16.6654929577465	DS60
WASP0061376	2583	61162	53783	13893	20.8219125048393	DS60
WASP0061378	1898	51339	41348	8219	21.7850368809273	DS60
WASP0061379	8345	289723	218662	41133	26.202756141402	DS60
WASP0061380	1855	37357	34314	9377	18.4981132075472	DS60
WASP0061384	3385	63417	56087	13197	16.5692762186115	DS60
WASP0062001	477	9792	6770	1672	14.1928721174004	DS60
WASP0062002	1081	28382	19406	3363	17.9518963922294	DS60
WASP0062003	1340	22175	19368	4852	14.4537313432836	DS60
WASP0062004	641	9838	9053	2501	14.1232449297972	DS60
WASP0062006	1020	18404	15445	4356	15.1421568627451	DS60
WASP0062008	2609	51742	44523	11503	17.0651590647758	DS60
WASP0062011	321	4521	3317	807	10.3333333333333	DS60
WASP0062012	737	11717	9883	2710	13.4097693351425	DS60
WASP0062013	2816	42159	40149	12916	14.2574573863636	DS60
WASP0062015	1331	22948	20266	5630	15.2261457550714	DS60
WASP0062016	531	7714	6379	1818	12.0131826741996	DS60
WASP0062017	3091	62725	53900	10852	17.4377224199288	DS60
WASP0062019	315	3912	2686	824	8.52698412698413	DS60
WASP0062020	485	9100	6985	1131	14.4020618556701	DS60
WASP0062021	805	14318	11541	3019	14.3366459627329	DS60
WASP0062023	772	12133	10233	2683	13.2551813471503	DS60
WASP0062024	645	10051	8130	2092	12.6046511627907	DS60
WASP0062027	2435	39177	37328	10383	15.3297741273101	DS60
WASP0062028	1391	17510	18746	6861	13.4766355140187	DS60
WASP0062030	7265	151274	129407	25842	17.8123881624226	DS60
WASP0062033	1069	20434	15745	4591	14.7287184284378	DS60
WASP0062034	272	3767	2250	446	8.27205882352941	DS60
WASP0062035	1251	22598	18473	4950	14.7665867306155	DS60
WASP0062037	813	15848	12540	3042	15.4243542435424	DS60
WASP0062038	1021	16669	14425	3516	14.128305582762	DS60
WASP0062042	440	6430	4591	1115	10.4340909090909	DS60
WASP0062043	566	9698	7539	2065	13.3197879858657	DS60
WASP0062044	2892	49714	46008	13100	15.9087136929461	DS60
WASP0062045	672	9459	8535	2636	12.7008928571429	DS60
WASP0062046	1225	26204	20898	4587	17.0595918367347	DS60
WASP0062049	584	8310	6991	1999	11.9708904109589	DS60
WASP0062051	1026	19152	15626	4120	15.2300194931774	DS60
WASP0062053	2339	33874	32713	10398	13.985891406584	DS60
WASP0062054	1418	41766	30800	3696	21.7207334273625	DS60
WASP0062056	2385	45458	38291	10435	16.0549266247379	DS60
WASP0062058	703	9294	8154	2705	11.5988620199147	DS60
WASP0062060	211	2659	1425	458	6.75355450236967	DS60
WASP0062062	2125	38799	34929	9940	16.4371764705882	DS60
WASP0062065	1346	21618	18325	5908	13.6144130757801	DS60
WASP0062067	404	5730	3998	1089	9.8960396039604	DS60
WASP0062071	1464	26694	24608	6819	16.8087431693989	DS60
WASP0062075	874	14394	12029	3342	13.7631578947368	DS60
WASP0062076	963	11430	11695	4371	12.1443406022845	DS60
WASP0062078	3383	50427	49463	14223	14.6210464085132	DS60
WASP0062079	2251	51517	40822	7886	18.1350510884052	DS60
WASP0062081	299	4724	3636	1017	12.1605351170569	DS60
WASP0062082	3344	67802	56553	13959	16.9117822966507	DS60
WASP0062083	1158	16906	15597	4560	13.4689119170984	DS60
WASP0062084	1611	41022	30509	5414	18.9379267535692	DS60
WASP0062085	1352	28276	23104	5424	17.0887573964497	DS60
WASP0062091	2047	33715	30809	8848	15.0508060576453	DS60
WASP0062092	639	7375	7784	3111	12.1815336463224	DS60
WASP0062094	1384	22534	20189	5650	14.5874277456647	DS60
WASP0062099	921	20825	15622	2369	16.9619978284473	DS60
WASP0062100	872	18011	13774	3272	15.795871559633	DS60
WASP0062102	2304	44230	38375	9268	16.6558159722222	DS60
WASP0062103	4121	104538	80357	15390	19.4993933511284	DS60
WASP0062104	5930	121268	106214	24950	17.9112984822934	DS60
WASP0062106	558	9044	7827	2059	14.0268817204301	DS60
WASP0062107	443	6816	5927	1523	13.3792325056433	DS60
WASP0062108	1680	31173	26242	6674	15.6202380952381	DS60
WASP0062109	2400	48720	40262	10006	16.7758333333333	DS60
WASP0062110	329	5461	3451	678	10.4893617021277	DS60
WASP0062113	1521	31497	25140	6232	16.5285996055227	DS60
WASP0062115	2383	42065	40333	9981	16.925304238355	DS60
WASP0062116	2321	32426	32915	11991	14.1813873330461	DS60
WASP0062117	3067	66192	53844	11460	17.5559178350179	DS60
WASP0062118	754	12849	11061	2836	14.6697612732096	DS60
WASP0062119	2104	43463	36196	8393	17.2034220532319	DS60
WASP0062120	1670	31869	27077	5945	16.2137724550898	DS60
WASP0062121	1999	34428	32226	9028	16.1210605302651	DS60
WASP0062122	1832	37533	29872	7369	16.3056768558952	DS60
WASP0062124	226	4019	2334	527	10.3274336283186	DS60
WASP0062125	3311	70905	58138	11568	17.5590456055572	DS60
WASP0062127	336	4916	3630	1075	10.8035714285714	DS60
WASP0062128	4056	89393	74633	15496	18.400641025641	DS60
WASP0062129	1942	25460	26497	8894	13.6441812564367	DS60
WASP0062130	434	7566	5765	1453	13.2834101382488	DS60
WASP0062132	1241	28865	22062	4348	17.7775987107172	DS60
WASP0062134	497	9115	7180	1507	14.4466800804829	DS60
WASP0062135	2748	45326	41790	11841	15.207423580786	DS60
WASP0062136	1293	24165	20877	5332	16.1461716937355	DS60
WASP0062138	1746	37599	30463	7094	17.4473081328751	DS60
WASP0062141	1251	18410	17462	5828	13.9584332533973	DS60
WASP0062142	590	10058	8024	1942	13.6	DS60
WASP0062143	1147	20459	17438	4205	15.2031386224935	DS60
WASP0062145	1208	23777	19175	4633	15.8733443708609	DS60
WASP0062147	716	10812	9378	2937	13.0977653631285	DS60
WASP0062149	1281	21929	19596	4640	15.2974238875878	DS60
WASP0062150	1948	32326	29841	8342	15.3187885010267	DS60
WASP0062151	2295	43710	37598	8714	16.3825708061002	DS60
WASP0062152	1457	30914	26413	4747	18.1283459162663	DS60
WASP0062153	1855	24898	26565	9237	14.3207547169811	DS60
WASP0062154	948	15248	13122	3621	13.8417721518987	DS60
WASP0062155	1027	18316	16201	3901	15.7750730282376	DS60
WASP0062156	3482	72942	61111	14559	17.5505456634118	DS60
WASP0062158	3200	48994	46415	12801	14.5046875	DS60
WASP0062159	2193	51346	40807	7705	18.6078431372549	DS60
WASP0062160	2185	54956	43682	6980	19.99176201373	DS60
WASP0062162	2573	44248	40948	12441	15.9144966964633	DS60
WASP0062164	2340	33073	34139	11661	14.5893162393162	DS60
WASP0062166	1023	17550	14860	4046	14.5259042033236	DS60
WASP0062167	1724	39665	32384	7054	18.784222737819	DS60
WASP0062169	1228	23792	19577	4680	15.9421824104235	DS60
WASP0062170	1472	28419	21901	5266	14.8783967391304	DS60
WASP0062171	6078	70126	82204	32126	13.5248436985851	DS60
WASP0062172	2500	64501	49745	8470	19.898	DS60
WASP0062173	911	16284	13410	3163	14.7200878155873	DS60
WASP0062174	915	13897	12053	3530	13.1726775956284	DS60
WASP0062176	2468	49183	42379	9327	17.1713938411669	DS60
WASP0062178	1060	20360	16285	4043	15.3632075471698	DS60
WASP0062179	1659	24513	23744	7552	14.3122362869198	DS60
WASP0062182	2849	68706	52573	10454	18.4531414531415	DS60
WASP0062184	887	15973	14185	3832	15.9921082299887	DS60
WASP0062185	1356	33237	24793	4790	18.2839233038348	DS60
WASP0062187	1317	32831	24843	5014	18.8633257403189	DS60
WASP0062188	1487	24502	22855	6501	15.3698722259583	DS60
WASP0062192	1570	32426	27613	5863	17.587898089172	DS60
WASP0062193	1141	30820	21853	3105	19.1524978089395	DS60
WASP0062195	1730	35648	29907	7359	17.2872832369942	DS60
WASP0062197	1143	21462	18311	4789	16.0201224846894	DS60
WASP0062198	2086	56357	42878	7634	20.5551294343241	DS60
WASP0062201	772	16115	13236	2540	17.1450777202073	DS60
WASP0062202	520	10398	7828	1740	15.0538461538462	DS60
WASP0062203	2209	49784	39491	8398	17.8773200543232	DS60
WASP0062204	271	3721	3087	905	11.3911439114391	DS60
WASP0062208	966	21074	16876	3364	17.4699792960663	DS60
WASP0062209	2091	33575	31521	8476	15.0746054519369	DS60
WASP0062210	2947	58475	51184	11937	17.3681710213777	DS60
WASP0062211	985	17176	14573	3813	14.794923857868	DS60
WASP0062215	2043	32780	31429	9455	15.3837493881547	DS60
WASP0062216	4120	89364	76727	18966	18.6230582524272	DS60
WASP0062217	516	6306	6198	2155	12.0116279069767	DS60
WASP0062218	1655	35851	30123	7229	18.2012084592145	DS60
WASP0062220	1386	24509	20747	5198	14.9689754689755	DS60
WASP0062222	1391	30981	24772	4727	17.8087706685838	DS60
WASP0062223	1732	30849	26200	7407	15.1270207852194	DS60
WASP0062224	764	13475	11078	2764	14.5	DS60
WASP0062225	1685	31114	27305	7196	16.2047477744807	DS60
WASP0062226	880	12370	11891	3517	13.5125	DS60
WASP0062227	777	14023	11892	2756	15.3050193050193	DS60
WASP0062229	1183	31877	23683	4131	20.0194420963652	DS60
WASP0062230	226	3462	2262	462	10.0088495575221	DS60
WASP0062231	652	10093	8790	2141	13.4815950920245	DS60
WASP0062232	1528	32872	26954	6373	17.6400523560209	DS60
WASP0062234	1460	29747	25460	6032	17.4383561643836	DS60
WASP0062236	2242	41761	37292	8699	16.6333630686887	DS60
WASP0062237	657	12158	10000	1740	15.220700152207	DS60
WASP0062238	1471	28580	24236	6139	16.475866757308	DS60
WASP0062240	4311	78096	69866	17804	16.2064486198098	DS60
WASP0062241	1045	18344	16150	4175	15.4545454545455	DS60
WASP0062242	774	12246	10767	3141	13.9108527131783	DS60
WASP0062243	776	8829	9052	3399	11.6649484536082	DS60
WASP0062245	802	13297	11657	3019	14.5349127182045	DS60
WASP0062246	1427	32417	26264	4826	18.4050455501051	DS60
WASP0062247	1001	26301	19875	3363	19.8551448551449	DS60
WASP0062248	738	11410	9900	2705	13.4146341463415	DS60
WASP0062249	795	15635	12620	3120	15.874213836478	DS60
WASP0062251	2250	41440	38311	10064	17.0271111111111	DS60
WASP0062253	1201	21330	18906	4784	15.7418817651957	DS60
WASP0062255	378	5936	5091	1522	13.468253968254	DS60
WASP0062256	2626	66075	50375	9523	19.1831683168317	DS60
WASP0062257	1986	46691	37165	8098	18.7134944612286	DS60
WASP0062260	3247	53859	49454	14394	15.2306744687404	DS60
WASP0062261	562	6525	6882	2479	12.2455516014235	DS60
WASP0062262	2867	57705	50152	11708	17.4928496686432	DS60
WASP0062263	1713	39769	30619	5852	17.8744892002335	DS60
WASP0062265	4107	72431	68459	19679	16.6688580472364	DS60
WASP0062272	496	6968	5727	1620	11.5463709677419	DS60
WASP0062274	867	11498	10907	3443	12.5801614763552	DS60
WASP0062276	973	20623	16844	3513	17.311408016444	DS60
WASP0062279	1275	25622	21871	4616	17.1537254901961	DS60
WASP0062280	636	10671	8618	2325	13.5503144654088	DS60
WASP0062281	1337	22775	20498	6184	15.3313388182498	DS60
WASP0062285	274	3825	3210	924	11.7153284671533	DS60
WASP0062286	1315	21967	18578	5751	14.1277566539924	DS60
WASP0062287	1630	35119	29157	7164	17.8877300613497	DS60
WASP0062288	2181	39828	34132	9351	15.6497019715727	DS60
WASP0062290	969	16068	14144	4715	14.5964912280702	DS60
WASP0062292	3890	92565	76022	15707	19.5429305912596	DS60
WASP0062294	1427	21671	20735	6682	14.5304835318851	DS60
WASP0062295	589	8671	6497	1757	11.0305602716469	DS60
WASP0062296	2126	42753	36785	9099	17.3024459078081	DS60
WASP0062297	1134	27072	19917	3868	17.5634920634921	DS60
WASP0062299	697	13516	10057	2414	14.428981348637	DS60
WASP0062300	1041	18210	15958	4404	15.3294908741595	DS60
WASP0062301	696	15395	10711	2377	15.389367816092	DS60
WASP0062303	1761	27123	25983	7531	14.7546848381601	DS60
WASP0062305	1476	30247	24426	5352	16.5487804878049	DS60
WASP0062307	1837	30717	26205	6819	14.2651061513337	DS60
WASP0062308	716	13791	10684	2636	14.9217877094972	DS60
WASP0062311	2015	40277	34649	7520	17.1955334987593	DS60
WASP0062313	970	24619	17868	3602	18.420618556701	DS60
WASP0062316	1713	36065	28780	6751	16.8009340338587	DS60
WASP0062320	1131	18705	16938	4148	14.9761273209549	DS60
WASP0062321	839	13533	11292	3208	13.4588796185936	DS60
WASP0062323	1584	25779	22494	6332	14.2007575757576	DS60
WASP0062325	4096	93184	76148	15737	18.5908203125	DS60
WASP0062326	3859	67427	61984	17909	16.0621922777922	DS60
WASP0062329	1977	36238	30884	8450	15.6216489630754	DS60
WASP0062330	2836	62301	50371	11272	17.7612834978843	DS60
WASP0062331	1169	19831	16785	4779	14.3584260051326	DS60
WASP0062334	591	9374	8034	2409	13.5939086294416	DS60
WASP0062336	1848	31675	27145	6954	14.6888528138528	DS60
WASP0062337	1298	23952	20269	5975	15.615562403698	DS60
WASP0062338	1076	30251	21732	3131	20.1970260223048	DS60
WASP0062342	5026	93750	82981	21619	16.5103461997612	DS60
WASP0062343	1406	27611	21985	4030	15.6365576102418	DS60
WASP0062344	1491	32321	25594	5150	17.1656606304494	DS60
WASP0062345	1982	40480	33938	6332	17.1231079717457	DS60
WASP0062346	416	4777	3539	1321	8.50721153846154	DS60
WASP0062347	528	9635	8029	1745	15.2064393939394	DS60
WASP0062348	329	4951	3286	786	9.98784194528875	DS60
WASP0062352	6687	142701	122183	28223	18.2717212501869	DS60
WASP0062354	3691	64354	60725	15402	16.452180980764	DS60
WASP0062356	3877	73493	64901	17306	16.7400051586278	DS60
WASP0062357	5014	88443	79299	23455	15.8155165536498	DS60
WASP0062359	1794	40389	31235	7436	17.4108138238573	DS60
WASP0062361	2304	37747	34660	9264	15.0434027777778	DS60
WASP0062363	2821	93684	67989	10931	24.1010280042538	DS60
WASP0062364	1819	32428	27087	6187	14.8911489829577	DS60
WASP0062365	2297	46564	39516	9527	17.2033086634741	DS60
WASP0062366	3187	66822	56546	12745	17.7427047379981	DS60
WASP0062368	2725	60812	49651	11339	18.2205504587156	DS60
WASP0062369	3948	96944	75490	15023	19.1210739614995	DS60
WASP0062371	4254	60204	62098	21249	14.5975552421251	DS60
WASP0062373	2897	48711	45889	13118	15.8401794960304	DS60
WASP0062374	1953	44665	36675	7692	18.778801843318	DS60
WASP0062375	2175	43560	37708	9430	17.3370114942529	DS60
WASP0062376	1709	34911	28843	6569	16.877121123464	DS60
WASP0062378	1302	23981	20150	4795	15.4761904761905	DS60
WASP0062379	2101	44630	37006	8432	17.6135173726797	DS60
WASP0062382	1212	19699	17311	5119	14.28300330033	DS60
WASP0063002	772	13229	10851	2100	14.0556994818653	DS60
WASP0063003	669	11938	9820	1823	14.678624813154	DS60
WASP0063008	4160	88984	72210	14497	17.3581730769231	DS60
WASP0063009	805	15975	14074	2186	17.4832298136646	DS60
WASP0063011	2757	47851	40198	9244	14.5803409503083	DS60
WASP0063012	955	15127	12998	3029	13.6104712041885	DS60
WASP0063013	4022	73295	61902	14425	15.3908503232223	DS60
WASP0063014	2237	42977	36051	7658	16.1157800625838	DS60
WASP0063016	7933	190357	147897	24749	18.6432623219463	DS60
WASP0063017	548	12184	10293	1372	18.7828467153285	DS60
WASP0063018	1594	45276	33986	4156	21.3212045169385	DS60
WASP0063019	662	11004	8959	2029	13.5332326283988	DS60
WASP0063022	3409	59557	52442	12110	15.3833968905838	DS60
WASP0063024	1917	40622	32215	6186	16.8049034950443	DS60
WASP0063025	3919	74673	64751	14345	16.5223271242664	DS60
WASP0063027	284	6834	4402	502	15.5	DS60
WASP0063028	3755	89376	70477	10865	18.7688415446072	DS60
WASP0063029	1264	22537	19139	3702	15.1416139240506	DS60
WASP0063030	812	15906	12724	2212	15.6699507389163	DS60
WASP0063032	1446	19132	18138	5359	12.5435684647303	DS60
WASP0063033	5748	112362	93507	22111	16.267745302714	DS60
WASP0063034	822	15904	12242	2441	14.8929440389294	DS60
WASP0063035	1398	30049	25452	4355	18.206008583691	DS60
WASP0063036	4190	86282	71433	15238	17.0484486873508	DS60
WASP0063037	704	13203	10589	1693	15.0411931818182	DS60
WASP0063038	827	22197	15907	2062	19.2345828295042	DS60
WASP0063040	3471	63555	54617	12527	15.7352348026505	DS60
WASP0063041	784	10557	9297	2597	11.8584183673469	DS60
WASP0063043	1598	32140	26761	5248	16.7465581977472	DS60
WASP0063045	600	8789	7255	1600	12.0916666666667	DS60
WASP0063047	342	4782	3530	826	10.3216374269006	DS60
WASP0063048	2535	43771	39003	9307	15.385798816568	DS60
WASP0063051	572	12249	9822	1346	17.1713286713287	DS60
WASP0063052	2860	51649	45536	10102	15.9216783216783	DS60
WASP0063054	1905	44182	35022	5479	18.3842519685039	DS60
WASP0063058	998	17986	14400	3106	14.4288577154309	DS60
WASP0063059	1240	24372	19288	3890	15.5548387096774	DS60
WASP0063063	2328	41099	35250	8121	15.1417525773196	DS60
WASP0063064	5027	98615	82674	19100	16.4459916451164	DS60
WASP0063065	1200	15658	15015	4452	12.5125	DS60
WASP0063067	861	17948	13478	2433	15.6538908246225	DS60
WASP0063068	717	11226	9181	2322	12.8047419804742	DS60
WASP0063069	918	18403	16916	2829	18.4270152505447	DS60
WASP0063071	2781	59369	49594	9337	17.8331535418914	DS60
WASP0063072	1003	19602	16855	2889	16.8045862412762	DS60
WASP0063073	1951	38659	31737	6914	16.267042542286	DS60
WASP0063075	1201	31230	23165	3498	19.2880932556203	DS60
WASP0063076	773	16766	13113	2501	16.9637774902975	DS60
WASP0063077	1504	19230	18604	6067	12.3696808510638	DS60
WASP0063078	959	14972	14371	2793	14.985401459854	DS60
WASP0063079	1746	37681	29984	5760	17.1729667812142	DS60
WASP0063080	2025	39681	34460	5562	17.0172839506173	DS60
WASP0063081	1239	17429	16851	4563	13.6004842615012	DS60
WASP0063082	269	4602	3154	504	11.724907063197	DS60
WASP0063083	1857	34907	29054	6268	15.6456650511578	DS60
WASP0063085	4642	88956	74660	16410	16.0835846617837	DS60
WASP0063086	967	16873	14069	2792	14.5491209927611	DS60
WASP0063088	4777	92014	75219	17880	15.7460749424325	DS60
WASP0063091	279	4878	3342	684	11.9784946236559	DS60
WASP0063092	2204	39170	32984	7580	14.9655172413793	DS60
WASP0063093	1235	19802	18073	4362	14.634008097166	DS60
WASP0063094	1191	25374	22055	3628	18.5180520570949	DS60
WASP0063095	1554	22580	21287	5219	13.6981981981982	DS60
WASP0063096	1454	23323	20513	5121	14.1079779917469	DS60
WASP0063098	1214	20565	17946	4239	14.7825370675453	DS60
WASP0063100	214	3031	2305	518	10.7710280373832	DS60
WASP0063101	985	10111	8683	1910	8.81522842639594	DS60
WASP0063102	1697	30115	24725	5859	14.5698291101945	DS60
WASP0063103	1382	27925	23087	4740	16.705499276411	DS60
WASP0063104	453	6523	5743	1483	12.6777041942605	DS60
WASP0063105	2172	40036	35012	6782	16.1197053406998	DS60
WASP0063106	2362	44310	37700	7728	15.961049957663	DS60
WASP0063107	2489	37993	35317	9364	14.1892326235436	DS60
WASP0063109	842	17978	14230	2461	16.9002375296912	DS60
WASP0063110	4399	51666	54972	17513	12.4964764719254	DS60
WASP0063112	596	12074	9463	1638	15.8775167785235	DS60
WASP0063113	1325	23246	19808	4540	14.9494339622642	DS60
WASP0063114	516	6158	5991	1609	11.6104651162791	DS60
WASP0063115	873	14910	13179	2344	15.0962199312715	DS60
WASP0063116	1264	24865	20680	3921	16.3607594936709	DS60
WASP0063119	1130	23700	20640	3306	18.2654867256637	DS60
WASP0063124	660	16769	13040	1658	19.7575757575758	DS60
WASP0063125	1039	22101	18150	2911	17.4687199230029	DS60
WASP0063126	705	12398	10094	2379	14.3177304964539	DS60
WASP0063127	1038	20187	17223	3208	16.592485549133	DS60
WASP0063132	696	10873	8838	2055	12.698275862069	DS60
WASP0063135	3010	64613	52353	9376	17.393023255814	DS60
WASP0063137	2305	47586	39109	8360	16.9670281995662	DS60
WASP0063138	2061	36869	32681	7709	15.8568655992237	DS60
WASP0063139	1611	31573	26249	5333	16.2936064556176	DS60
WASP0063140	1622	36369	29381	5151	18.1140567200986	DS60
WASP0063141	1032	18173	15052	3238	14.5852713178295	DS60
WASP0063142	767	17142	13775	2270	17.9595827900913	DS60
WASP0063143	1044	25134	20073	3260	19.2270114942529	DS60
WASP0063144	1590	26580	22719	5532	14.288679245283	DS60
WASP0063146	802	12735	11253	2585	14.0311720698254	DS60
WASP0063147	634	11764	9065	1813	14.2981072555205	DS60
WASP0063149	5043	92503	75734	17446	15.0176482252627	DS60
WASP0063150	4956	77323	69110	17426	13.9447134786118	DS60
WASP0063151	1876	26681	24516	7049	13.0682302771855	DS60
WASP0063152	1211	26439	21062	3494	17.3922378199835	DS60
WASP0063154	1906	32808	28942	6601	15.1846799580273	DS60
WASP0063155	634	10389	8961	1867	14.1340694006309	DS60
WASP0063156	748	17372	13458	2047	17.9919786096257	DS60
WASP0063157	83	831	223	57	2.68674698795181	DS60
WASP0063160	2646	40935	38196	9740	14.4353741496599	DS60
WASP0063161	3885	70727	60085	13253	15.4658944658945	DS60
WASP0063162	577	8634	7450	1596	12.9116117850953	DS60
WASP0063163	821	14981	12966	2198	15.7929354445798	DS60
WASP0063164	1537	25839	25060	5251	16.3044892648016	DS60
WASP0063165	500	7554	6324	1455	12.648	DS60
WASP0063167	3098	70149	55788	9800	18.0077469335055	DS60
WASP0063168	2059	45573	35638	5885	17.3084021369597	DS60
WASP0063170	866	19608	15211	2207	17.5646651270208	DS60
WASP0063171	1709	23508	22996	5991	13.4558221181978	DS60
WASP0063173	2069	49651	45233	4501	21.8622522957951	DS60
WASP0063174	6899	149179	118162	23322	17.1274097695318	DS60
WASP0063175	4521	70808	64109	17220	14.1802698518027	DS60
WASP0063176	6908	134150	114231	24315	16.5360451650261	DS60
WASP0063179	529	9850	7912	1373	14.9565217391304	DS60
WASP0063180	795	16046	12542	2500	15.7761006289308	DS60
WASP0063182	1599	34530	28776	4966	17.9962476547842	DS60
WASP0063184	407	8515	6056	975	14.8796068796069	DS60
WASP0063185	5379	100472	89797	19361	16.6939951663878	DS60
WASP0063186	1002	22105	18553	2912	18.5159680638723	DS60
WASP0063187	779	15725	13102	2237	16.818998716303	DS60
WASP0063190	4976	90771	78722	15176	15.8203376205788	DS60
WASP0063192	1562	34740	28216	3989	18.0640204865557	DS60
WASP0063193	937	15293	12966	3236	13.837780149413	DS60
WASP0063195	1399	30994	26726	4192	19.1036454610436	DS60
WASP0063196	1887	40221	33074	6369	17.5272919978802	DS60
WASP0063197	949	20356	16664	2859	17.5595363540569	DS60
WASP0063198	3993	86278	70100	15236	17.5557225144002	DS60
WASP0063200	2112	40773	34374	6657	16.2755681818182	DS60
WASP0063202	3570	54391	50956	13702	14.2733893557423	DS60
WASP0063203	737	16229	12420	1891	16.8521031207598	DS60
WASP0063204	670	12256	9819	2151	14.655223880597	DS60
WASP0063205	833	20815	15782	2702	18.9459783913565	DS60
WASP0063206	2599	55846	44526	8416	17.1319738360908	DS60
WASP0063211	3276	68688	54324	11621	16.5824175824176	DS60
WASP0063212	2306	48676	40407	7708	17.5225498699046	DS60
WASP0063213	2337	42089	37355	7334	15.9841677364142	DS60
WASP0063214	1027	19932	16131	3562	15.7069133398247	DS60
WASP0063219	819	19312	14692	2116	17.9389499389499	DS60
WASP0063220	1122	17684	16491	3246	14.6978609625668	DS60
WASP0063221	1146	24646	19239	3789	16.7879581151832	DS60
WASP0063222	559	11411	9259	1468	16.5635062611807	DS60
WASP0063223	1932	41300	32032	6414	16.5797101449275	DS60
WASP0063224	2120	43992	34907	6802	16.4655660377359	DS60
WASP0063225	1801	35472	30443	6045	16.9033870072182	DS60
WASP0063226	907	18077	15513	2241	17.103638368247	DS60
WASP0063229	771	19469	15017	2255	19.4773022049287	DS60
WASP0063231	901	16131	13288	2780	14.7480577136515	DS60
WASP0063232	1692	37029	31570	4496	18.6583924349882	DS60
WASP0063233	572	11584	9019	1672	15.7674825174825	DS60
WASP0063234	788	15376	13622	2381	17.2868020304569	DS60
WASP0063237	2031	51111	43091	5541	21.2166420482521	DS60
WASP0063239	783	10779	9430	2491	12.0434227330779	DS60
WASP0063240	972	15724	13265	2975	13.6471193415638	DS60
WASP0063241	2438	46286	39965	8918	16.3925348646432	DS60
WASP0063242	1586	29038	24597	5113	15.5088272383354	DS60
WASP0063243	4630	88239	72641	15542	15.6892008639309	DS60
WASP0063244	3517	64946	56643	13053	16.1054876315041	DS60
WASP0063245	1993	41100	33979	6446	17.0491721023583	DS60
WASP0063246	555	11607	8931	1557	16.0918918918919	DS60
WASP0063247	1290	24632	20292	4637	15.7302325581395	DS60
WASP0063248	1159	21966	17701	3327	15.2726488352028	DS60
WASP0063249	2708	68775	52637	9246	19.4375923190547	DS60
WASP0063250	1032	19469	15801	3363	15.3110465116279	DS60
WASP0063252	791	19991	14193	2076	17.9431099873578	DS60
WASP0063255	2271	44456	36452	7887	16.0510788199031	DS60
WASP0063256	4787	83113	75679	18338	15.809275120117	DS60
WASP0063257	1669	27164	23701	6353	14.2007189934092	DS60
WASP0063258	2240	42366	36431	6759	16.2638392857143	DS60
WASP0063260	1095	22995	17969	3148	16.4100456621005	DS60
WASP0063261	1728	39365	33140	5156	19.1782407407407	DS60
WASP0063262	3635	80429	67146	12218	18.4720770288858	DS60
WASP0063264	2639	51127	43690	9909	16.5555134520652	DS60
WASP0063265	1441	29445	24240	4563	16.8216516308119	DS60
WASP0063266	1137	20957	17602	2942	15.48109058927	DS60
WASP0063267	734	13693	10721	2159	14.6062670299728	DS60
WASP0063268	734	12884	11155	2568	15.1975476839237	DS60
WASP0063269	2042	37174	31223	7049	15.2904015670911	DS60
WASP0063270	1893	35652	29648	5630	15.661912308505	DS60
WASP0063271	450	7534	5620	1189	12.4888888888889	DS60
WASP0063272	6913	121545	103888	21963	15.0279184145812	DS60
WASP0063273	57	529	368	74	6.45614035087719	DS60
WASP0063276	919	15511	13005	2937	14.1512513601741	DS60
WASP0063277	1268	25366	21364	4308	16.8485804416404	DS60
WASP0063278	1082	20719	17455	3127	16.1321626617375	DS60
WASP0063282	580	10405	8673	1279	14.9534482758621	DS60
WASP0063283	2135	39226	32928	7314	15.4229508196721	DS60
WASP0063285	1167	21078	18183	3981	15.5809768637532	DS60
WASP0063287	3471	77144	62159	12059	17.9080956496687	DS60
WASP0063288	1693	27657	23373	5810	13.8056704075605	DS60
WASP0063290	978	14404	13194	3504	13.4907975460123	DS60
WASP0063291	2959	50705	46776	10251	15.8080432578574	DS60
WASP0063292	3402	57435	52313	13878	15.3771310993533	DS60
WASP0063293	6655	139710	116933	24036	17.5706987227648	DS60
WASP0063294	1230	25292	21436	3511	17.4276422764228	DS60
WASP0063295	3549	47833	42349	12982	11.9326570865032	DS60
WASP0063296	1701	38969	31470	5212	18.5008818342152	DS60
WASP0063299	1783	29483	28312	6318	15.8788558609086	DS60
WASP0063300	2238	45124	35831	6925	16.0102770330652	DS60
WASP0063301	1333	25244	20509	4128	15.3855963990998	DS60
WASP0063303	1108	17621	15267	3803	13.778880866426	DS60
WASP0063306	1682	26327	23807	6460	14.153983353151	DS60
WASP0063308	1079	21897	17726	3107	16.4281742354032	DS60
WASP0063309	442	8352	6610	1469	14.9547511312217	DS60
WASP0063311	6765	101415	99862	28525	14.7615668883962	DS60
WASP0063312	1630	26029	24275	5751	14.8926380368098	DS60
WASP0063313	1146	25088	19358	3480	16.891797556719	DS60
WASP0063314	2759	54304	44670	8590	16.190648785792	DS60
WASP0063316	1067	19490	17527	3323	16.4264292408622	DS60
WASP0063317	2988	65951	53812	12138	18.0093708165997	DS60
WASP0063318	1252	24623	19933	3809	15.9209265175719	DS60
WASP0063320	1174	21951	18864	3824	16.0681431005111	DS60
WASP0063321	922	14777	12538	2323	13.5986984815618	DS60
WASP0063322	2934	54018	47762	9815	16.2788002726653	DS60
WASP0063324	1199	29612	24504	3599	20.4370308590492	DS60
WASP0063325	887	19634	15348	2644	17.3032694475761	DS60
WASP0063326	495	10821	8533	1195	17.2383838383838	DS60
WASP0063327	849	14407	12064	2403	14.2096584216726	DS60
WASP0063331	2187	58939	44925	6058	20.5418381344307	DS60
WASP0063334	4353	72951	64798	16452	14.885825867218	DS60
WASP0063335	2378	51569	39381	8199	16.5605550883095	DS60
WASP0063336	1621	18712	18078	6061	11.1523750771129	DS60
WASP0063337	884	15031	12053	2557	13.6346153846154	DS60
WASP0063339	983	14490	11806	2844	12.0101729399797	DS60
WASP0063340	3002	52624	47484	11667	15.81745502998	DS60
WASP0063341	2510	61873	49219	7866	19.6091633466135	DS60
WASP0063342	4522	103213	84114	15070	18.6010614772225	DS60
WASP0063344	1245	25733	20270	3478	16.281124497992	DS60
WASP0063348	3314	71696	56041	11211	16.9103802051901	DS60
WASP0063349	2223	70446	51911	5832	23.3517768780927	DS60
WASP0063351	2586	57174	46090	7874	17.8228924980665	DS60
WASP0063352	4470	61017	59746	18200	13.3659955257271	DS60
WASP0063353	1094	19636	15649	2929	14.3043875685558	DS60
WASP0063354	1540	31628	25930	3731	16.8376623376623	DS60
WASP0063355	3282	57938	45792	10640	13.9524680073126	DS60
WASP0063356	1085	21941	18369	3143	16.9299539170507	DS60
WASP0063357	10928	210945	183029	40399	16.7486273792094	DS60
WASP0063358	1356	27140	22231	4128	16.3945427728614	DS60
WASP0063360	4510	83652	71932	16257	15.9494456762749	DS60
WASP0063361	669	12724	10948	1681	16.3647234678625	DS60
WASP0063363	1029	19587	15567	2905	15.1282798833819	DS60
WASP0063365	1015	14894	13060	3452	12.8669950738916	DS60
WASP0063366	6331	134333	111887	21415	17.6728794819144	DS60
WASP0063367	2192	37519	32529	7335	14.8398722627737	DS60
WASP0063369	891	17513	13830	2424	15.5218855218855	DS60
WASP0063370	5013	75158	71442	17911	14.2513464991023	DS60
WASP0063372	1401	26673	23339	4122	16.6588151320485	DS60
WASP0063373	1355	24204	21001	4269	15.4988929889299	DS60
WASP0063375	2981	62267	52132	10940	17.4880912445488	DS60
WASP0063378	120	1270	346	78	2.88333333333333	DS60
WASP0063379	4260	106428	85192	14501	19.9981220657277	DS60
WASP0063380	4903	96327	83328	17767	16.9953089944932	DS60
WASP0063381	508	8753	6800	1379	13.3858267716535	DS60
WASP0063382	5885	120608	101986	20590	17.3298215802889	DS60
WASP0064003	1273	27233	23356	5396	18.3472113118617	DS60
WASP0064004	3441	93921	85598	20123	24.8759081662308	DS60
WASP0064009	991	19205	17781	4911	17.9424823410696	DS60
WASP0064010	123	1549	205	47	1.66666666666667	DS60
WASP0064011	2237	82595	67048	7377	29.9722843093429	DS60
WASP0064013	3512	82172	76725	18142	21.8465261958998	DS60
WASP0064014	3265	92079	81057	16514	24.8260336906585	DS60
WASP0064015	2091	49218	42519	11286	20.3342898134864	DS60
WASP0064016	1970	60239	50003	9620	25.3822335025381	DS60
WASP0064017	937	21010	19856	3795	21.1910352187834	DS60
WASP0064018	1961	55212	48565	10240	24.7654258031617	DS60
WASP0064020	1535	36462	32429	7884	21.1263843648208	DS60
WASP0064021	2022	31650	35495	13211	17.5544015825915	DS60
WASP0064023	1164	26034	23680	5961	20.3436426116838	DS60
WASP0064026	1808	83592	61408	6499	33.9646017699115	DS60
WASP0064028	446	9646	8106	1904	18.1748878923767	DS60
WASP0064029	4220	112161	99746	21232	23.6364928909953	DS60
WASP0064030	908	29979	22942	2993	25.2665198237886	DS60
WASP0064032	1553	48891	39941	7465	25.7186091435931	DS60
WASP0064034	591	11730	10744	3213	18.1793570219966	DS60
WASP0064035	2296	57162	50047	13289	21.7974738675958	DS60
WASP0064038	2325	52867	48897	12202	21.0309677419355	DS60
WASP0064040	1764	61313	47043	7745	26.6683673469388	DS60
WASP0064044	186	3689	1950	252	10.4838709677419	DS60
WASP0064045	1252	36449	31725	4492	25.3394568690096	DS60
WASP0064046	1910	42582	39404	10781	20.6303664921466	DS60
WASP0064047	479	10768	8348	1844	17.4279749478079	DS60
WASP0064048	713	14065	11457	2912	16.0687237026648	DS60
WASP0064050	810	22637	18274	3022	22.5604938271605	DS60
WASP0064053	537	9905	7904	2106	14.7188081936685	DS60
WASP0064056	2410	53471	48660	12811	20.1908713692946	DS60
WASP0064060	395	7939	5918	1298	14.9822784810127	DS60
WASP0064061	977	25092	20178	4234	20.6530194472876	DS60
WASP0064062	679	22278	16740	2526	24.6539027982327	DS60
WASP0064067	922	21368	17339	4005	18.8058568329718	DS60
WASP0064068	687	17901	14095	2409	20.5167394468705	DS60
WASP0064069	1296	28734	28415	6361	21.9251543209877	DS60
WASP0064071	1105	31819	24541	4640	22.2090497737557	DS60
WASP0064072	774	22160	19437	2857	25.1124031007752	DS60
WASP0064073	2142	61652	51732	10509	24.1512605042017	DS60
WASP0064075	3834	107917	90965	21509	23.725873761085	DS60
WASP0064076	776	24665	19752	3036	25.4536082474227	DS60
WASP0064078	475	8883	7841	2226	16.5073684210526	DS60
WASP0064079	317	9357	6106	732	19.2618296529968	DS60
WASP0064080	434	10106	8104	1018	18.6728110599078	DS60
WASP0064083	1304	29924	25812	6754	19.7944785276074	DS60
WASP0064088	1638	50281	41793	7380	25.514652014652	DS60
WASP0064089	261	7264	5286	604	20.2528735632184	DS60
WASP0064090	1155	29008	25740	5721	22.2857142857143	DS60
WASP0064093	1778	43760	37840	8678	21.2823397075366	DS60
WASP0064094	3597	125166	103202	13833	28.691131498471	DS60
WASP0064095	1600	45022	39641	7955	24.775625	DS60
WASP0064096	945	27362	20835	4394	22.0476190476191	DS60
WASP0064098	1601	52617	41827	7568	26.1255465334166	DS60
WASP0064099	2317	66074	56862	12665	24.541217091066	DS60
WASP0064102	2703	75856	66578	14268	24.6311505734369	DS60
WASP0064104	1033	22661	21072	5416	20.3988383349468	DS60
WASP0064105	1449	48898	42208	7004	29.1290545203589	DS60
WASP0064107	1677	43149	38971	7886	23.2385211687537	DS60
WASP0064110	249	5172	4600	1014	18.4738955823293	DS60
WASP0064112	1862	50872	44509	9479	23.9038668098819	DS60
WASP0064113	1010	25935	21667	4483	21.4524752475248	DS60
WASP0064114	4448	126506	111737	23265	25.1207284172662	DS60
WASP0064118	772	18919	16662	3299	21.5829015544041	DS60
WASP0064121	818	27167	21332	2831	26.078239608802	DS60
WASP0064122	3611	100332	86209	19239	23.8739961229576	DS60
WASP0064123	1865	44812	40685	9751	21.8150134048257	DS60
WASP0064124	3092	96438	76800	16566	24.8382923673997	DS60
WASP0064128	464	17822	12006	1366	25.875	DS60
WASP0064132	4250	115891	96830	23895	22.7835294117647	DS60
WASP0064134	737	20573	17288	2702	23.4572591587517	DS60
WASP0064135	648	13366	11772	3128	18.1666666666667	DS60
WASP0064139	824	24668	18797	3436	22.8118932038835	DS60
WASP0064141	803	24207	19262	3503	23.9875466998755	DS60
WASP0064143	656	15898	12783	3183	19.4862804878049	DS60
WASP0064144	957	22110	19196	4618	20.0585161964472	DS60
WASP0064145	1815	55151	45600	10524	25.1239669421488	DS60
WASP0064147	805	26891	21085	3630	26.1925465838509	DS60
WASP0064148	585	9135	7558	2482	12.9196581196581	DS60
WASP0064151	5416	146345	126047	28974	23.2730797636632	DS60
WASP0064153	1261	29495	25812	5810	20.4694686756542	DS60
WASP0064154	707	19400	15631	3011	22.1089108910891	DS60
WASP0064160	886	27106	22941	3765	25.892776523702	DS60
WASP0064165	644	15710	12535	2232	19.4642857142857	DS60
WASP0064168	1272	40368	31672	5347	24.8993710691824	DS60
WASP0064169	710	15642	13003	3004	18.3140845070423	DS60
WASP0064170	2370	76742	61673	9770	26.0223628691983	DS60
WASP0064173	2288	47591	46234	12106	20.2071678321678	DS60
WASP0064174	1038	19833	18528	4703	17.849710982659	DS60
WASP0064176	1779	53737	47468	7764	26.6824058459809	DS60
WASP0064177	718	20392	16240	3259	22.6183844011142	DS60
WASP0064178	710	18159	14950	2218	21.056338028169	DS60
WASP0064183	3463	117988	100180	14472	28.9286745596304	DS60
WASP0064187	1436	30600	26920	6617	18.7465181058496	DS60
WASP0064188	1283	30104	26078	6018	20.3257989088075	DS60
WASP0064189	553	20667	15423	1461	27.8896925858951	DS60
WASP0064190	2660	56892	51030	12426	19.1842105263158	DS60
WASP0064191	1273	33518	27981	6321	21.980361351139	DS60
WASP0064195	5489	139055	124781	31788	22.732920386227	DS60
WASP0064196	2148	69575	58625	11105	27.2928305400372	DS60
WASP0064197	2620	58427	57226	15615	21.8419847328244	DS60
WASP0064198	3847	117175	98278	20569	25.5466597348583	DS60
WASP0064200	5334	140650	130781	27331	24.5183727034121	DS60
WASP0064202	1939	47379	43797	10659	22.5874161939144	DS60
WASP0064203	342	7187	5130	1099	15	DS60
WASP0064204	1358	31238	28331	7244	20.8622974963181	DS60
WASP0064205	1874	37339	37447	11950	19.9823906083244	DS60
WASP0064208	1292	45061	36693	5758	28.4001547987616	DS60
WASP0064209	2876	79888	72119	15008	25.0761474269819	DS60
WASP0064210	699	20098	16819	2784	24.0615164520744	DS60
WASP0064213	569	12967	11506	2477	20.2214411247803	DS60
WASP0064214	235	8555	5042	469	21.4553191489362	DS60
WASP0064215	1311	35177	31559	6185	24.0724637681159	DS60
WASP0064218	2733	75172	68248	16204	24.9718258324186	DS60
WASP0064219	1562	56408	45224	5947	28.9526248399488	DS60
WASP0064220	372	5023	4078	1274	10.9623655913978	DS60
WASP0064221	434	12867	10383	1650	23.9239631336406	DS60
WASP0064222	3483	84324	81426	19111	23.3781223083549	DS60
WASP0064224	1733	44933	38875	8024	22.4321984997115	DS60
WASP0064231	627	15136	12952	2653	20.6570972886762	DS60
WASP0064232	346	8101	6105	789	17.6445086705202	DS60
WASP0064234	1749	44655	40379	9923	23.0869068038879	DS60
WASP0064237	978	31708	27508	3799	28.1267893660532	DS60
WASP0064239	331	7817	6082	1322	18.3746223564955	DS60
WASP0064241	1070	32751	26243	5508	24.5261682242991	DS60
WASP0064243	826	18297	15130	3544	18.317191283293	DS60
WASP0064246	1543	43713	37743	8528	24.4607906675308	DS60
WASP0064249	362	9274	6889	1375	19.0303867403315	DS60
WASP0064250	313	7172	5008	887	16	DS60
WASP0064252	1698	47920	41292	7897	24.3180212014134	DS60
WASP0064254	137	2070	412	130	3.00729927007299	DS60
WASP0064255	1945	52674	49224	8534	25.307969151671	DS60
WASP0064256	1200	33311	28777	5674	23.9808333333333	DS60
WASP0064258	932	22475	19250	3781	20.6545064377682	DS60
WASP0064261	757	16162	14679	3705	19.3910171730515	DS60
WASP0064264	1730	45363	39226	7640	22.6739884393064	DS60
WASP0064269	1571	32605	30380	7816	19.3380012730745	DS60
WASP0064271	568	12744	10661	2394	18.7693661971831	DS60
WASP0064272	605	14602	11856	1934	19.596694214876	DS60
WASP0064273	2131	70016	57845	10164	27.1445330830596	DS60
WASP0064274	755	20674	17551	3204	23.246357615894	DS60
WASP0064275	1516	55683	42951	6026	28.3317941952507	DS60
WASP0064276	385	9402	6410	1070	16.6493506493507	DS60
WASP0064277	811	17456	15726	3913	19.3908754623921	DS60
WASP0064278	491	12264	10760	1145	21.9144602851324	DS60
WASP0064282	2533	54971	54089	14364	21.3537307540466	DS60
WASP0064284	392	8764	7035	1606	17.9464285714286	DS60
WASP0064287	2037	65770	55792	9533	27.3892979872361	DS60
WASP0064288	784	23185	19877	3020	25.3533163265306	DS60
WASP0064292	3555	103404	93921	17754	26.4194092827004	DS60
WASP0064293	1974	65506	53379	9461	27.0410334346505	DS60
WASP0064294	1388	37173	31232	6111	22.5014409221902	DS60
WASP0064295	5387	109611	100169	27976	18.5945795433451	DS60
WASP0064296	1155	26984	24058	6205	20.8294372294372	DS60
WASP0064297	845	22493	17893	3337	21.1751479289941	DS60
WASP0064298	6940	189617	167837	38653	24.1840057636888	DS60
WASP0064299	794	20631	17254	2823	21.7304785894207	DS60
WASP0064300	1960	57466	46318	9135	23.6316326530612	DS60
WASP0064301	901	25451	20777	3358	23.0599334073252	DS60
WASP0064302	3668	114915	97078	19542	26.4661941112323	DS60
WASP0064304	5369	175819	144261	24519	26.8692493946731	DS60
WASP0064305	987	23544	20383	5318	20.6514690982776	DS60
WASP0064306	1055	33742	27184	4355	25.7668246445498	DS60
WASP0064307	1840	52745	43858	8237	23.8358695652174	DS60
WASP0064309	3277	89492	80626	19473	24.60360085444	DS60
WASP0064311	700	16799	13883	3038	19.8328571428571	DS60
WASP0064312	2495	53849	55346	16156	22.1827655310621	DS60
WASP0064313	675	15480	12681	3272	18.7866666666667	DS60
WASP0064314	268	5069	3094	637	11.544776119403	DS60
WASP0064316	1469	42437	35323	6313	24.0456092579986	DS60
WASP0064318	926	20763	18317	4317	19.780777537797	DS60
WASP0064319	3475	81598	72719	16559	20.9263309352518	DS60
WASP0064320	1554	47177	41140	7052	26.4736164736165	DS60
WASP0064321	229	5016	3257	497	14.2227074235808	DS60
WASP0064322	3022	99458	78901	13971	26.1088682991396	DS60
WASP0064324	1878	49483	43046	9627	22.9211927582535	DS60
WASP0064325	1187	42487	33807	4686	28.4810446503791	DS60
WASP0064329	1383	49530	37861	6641	27.3759942154736	DS60
WASP0064332	367	9883	6691	1064	18.2316076294278	DS60
WASP0064336	1916	53933	45710	7853	23.856993736952	DS60
WASP0064339	2548	67298	53045	12565	20.8182888540031	DS60
WASP0064340	950	17684	16890	5212	17.7789473684211	DS60
WASP0064342	1663	44137	37167	7376	22.3493686109441	DS60
WASP0064348	4065	110915	94627	23966	23.2784747847479	DS60
WASP0064349	755	15713	13224	3071	17.5152317880795	DS60
WASP0064350	1874	46186	41955	10905	22.3879402347919	DS60
WASP0064357	778	25812	21402	2745	27.5089974293059	DS60
WASP0064359	2375	72728	58339	9715	24.5637894736842	DS60
WASP0064360	1793	53756	46794	7208	26.0981595092025	DS60
WASP0064361	1579	39736	34247	6119	21.6890436985434	DS60
WASP0064362	1093	26637	21673	4922	19.8289112534309	DS60
WASP0064364	902	21527	17127	4023	18.9878048780488	DS60
WASP0064367	2131	46100	44446	13054	20.8568747067105	DS60
WASP0064370	844	25247	20394	3056	24.1635071090047	DS60
WASP0064375	3430	80697	78299	17969	22.8276967930029	DS60
WASP0064376	1067	22448	20708	6446	19.4076850984067	DS60
WASP0064378	1059	33445	28351	4382	26.7714825306893	DS60
WASP0064380	609	16333	14195	2386	23.3087027914614	DS60
WASP0064382	987	23033	20212	4701	20.4782168186424	DS60
WASP0064383	4040	119066	101802	22653	25.1985148514852	DS60
WECC01002	2507	75647	65121	13641	25.9756681292381	DS60
WECC01003	760	15167	11763	3570	15.4776315789474	DS60
WECC01004	2386	60633	59732	20620	25.0343671416597	DS60
WECC01005	559	9427	6200	1976	11.0912343470483	DS60
WECC01006	1428	34934	30393	11017	21.2836134453782	DS60
WECC01007	2687	60558	58020	20374	21.5928544845553	DS60
WECC01008	1305	27958	24345	8653	18.6551724137931	DS60
WECC01009	1092	26714	22939	7473	21.0064102564103	DS60
WECC01013	2639	59071	54540	18143	20.6669192876089	DS60
WECC01014	3478	91648	87897	23648	25.2722829212191	DS60
WECC01015	1307	20236	21655	8530	16.5684774292272	DS60
WECC01018	4033	107606	117461	38283	29.124969005703	DS60
WECC01019	1886	50561	52105	17617	27.6272534464475	DS60
WECC01020	1390	35666	30463	9611	21.9158273381295	DS60
WECC01022	740	16536	13438	4790	18.1594594594595	DS60
WECC01023	1245	28003	26653	9647	21.4080321285141	DS60
WECC01024	2977	68769	71125	25650	23.8915015115889	DS60
WECC01026	2791	76729	68419	21891	24.5141526334647	DS60
WECC01028	725	15763	9459	2522	13.0468965517241	DS60
WECC01030	1689	37574	36611	12480	21.6761397276495	DS60
WECC01031	812	17748	14994	4833	18.4655172413793	DS60
WECC01035	4258	101828	103500	33432	24.3071864725223	DS60
WECC01036	1438	37874	32578	10230	22.6550764951321	DS60
WECC01037	792	21485	17752	5114	22.4141414141414	DS60
WECC01038	1078	25426	22234	7159	20.6252319109462	DS60
WECC01039	2064	53959	52217	15978	25.2989341085271	DS60
WECC01040	2029	46404	45226	16483	22.2897979300148	DS60
WECC01043	891	21926	17334	5613	19.4545454545455	DS60
WECC01044	471	10316	6413	2027	13.6157112526539	DS60
WECC01045	1813	44228	42056	12957	23.1969111969112	DS60
WECC01046	792	19256	16162	5286	20.4065656565657	DS60
WECC01047	653	12552	9420	2930	14.4257274119449	DS60
WECC01048	1317	35461	28539	8592	21.6697038724374	DS60
WECC01049	1830	38704	36782	13429	20.0994535519126	DS60
WECC01051	1950	41344	39770	13484	20.3948717948718	DS60
WECC01053	1980	34543	36800	14447	18.5858585858586	DS60
WECC01054	3348	90360	91618	28126	27.3649940262844	DS60
WECC01055	1817	43108	41184	16625	22.6659328563566	DS60
WECC01056	1445	28612	24879	9885	17.2173010380623	DS60
WECC01057	837	17213	13326	4569	15.921146953405	DS60
WECC01058	865	18106	13975	4675	16.1560693641619	DS60
WECC01060	633	13280	9230	3006	14.5813586097946	DS60
WECC01061	830	18695	16549	6690	19.9385542168675	DS60
WECC01065	1016	24271	20248	7586	19.9291338582677	DS60
WECC01066	1188	33986	28020	7497	23.5858585858586	DS60
WECC01068	2624	57230	64182	23093	24.4596036585366	DS60
WECC01070	1211	32189	27034	6999	22.3236994219653	DS60
WECC01071	1358	31114	31037	11396	22.8549337260677	DS60
WECC01075	2475	55639	56352	20868	22.7684848484849	DS60
WECC01076	741	20624	15827	4077	21.3589743589744	DS60
WECC01077	3906	117406	109054	27909	27.9196108550947	DS60
WECC01078	938	22236	19218	5300	20.4882729211087	DS60
WECC01079	839	21078	16096	4695	19.1847437425507	DS60
WECC01080	1430	37835	36498	11687	25.5230769230769	DS60
WECC01081	956	21146	17257	5215	18.0512552301255	DS60
WECC01082	3160	77711	81717	25881	25.8598101265823	DS60
WECC01083	1028	24707	18952	5234	18.4357976653696	DS60
WECC01085	1250	26034	25421	9807	20.3368	DS60
WECC01086	2500	66524	62305	17878	24.922	DS60
WECC01087	725	15978	12161	3888	16.7737931034483	DS60
WECC01089	2117	45387	47317	16458	22.3509683514407	DS60
WECC01090	1105	23583	19670	6170	17.8009049773756	DS60
WECC01091	776	16380	12893	3987	16.6146907216495	DS60
WECC01092	1032	20621	16518	4958	16.0058139534884	DS60
WECC01093	703	21023	15181	3824	21.5945945945946	DS60
WECC01095	2455	67966	61867	14328	25.2004073319756	DS60
WECC01098	2260	47921	47995	18578	21.2367256637168	DS60
WECC01099	600	15980	11261	2353	18.7683333333333	DS60
WECC01100	545	11955	8502	2358	15.6	DS60
WECC01102	1357	27734	27456	10173	20.2328666175387	DS60
WECC01105	1939	46312	44588	16627	22.9953584321815	DS60
WECC01107	428	10717	6887	1792	16.0911214953271	DS60
WECC01109	1464	28504	30342	11320	20.7254098360656	DS60
WECC01110	1890	48241	47178	13485	24.9619047619048	DS60
WECC01113	1133	22973	21054	7555	18.5825242718447	DS60
WECC01114	3453	73490	80668	32217	23.3617144512019	DS60
WECC01115	2215	47280	48933	17135	22.0916478555305	DS60
WECC01118	1998	48369	31786	9520	15.9089089089089	DS60
WECC01119	1184	26546	21535	7461	18.1883445945946	DS60
WECC01120	711	14735	11936	3771	16.7876230661041	DS60
WECC01121	2446	60230	65123	24677	26.6242845461979	DS60
WECC01122	2715	59183	58818	18804	21.6640883977901	DS60
WECC01123	621	16911	14218	4262	22.8953301127214	DS60
WECC01124	1730	34772	36833	13569	21.2907514450867	DS60
WECC01125	384	8836	5014	1670	13.0572916666667	DS60
WECC01127	1169	42299	32226	4809	27.5671514114628	DS60
WECC01129	657	15291	10856	3202	16.5235920852359	DS60
WECC01130	2322	56519	57261	18783	24.6602067183463	DS60
WECC01133	584	10000	6103	1945	10.4503424657534	DS60
WECC01134	387	6596	3440	1060	8.88888888888889	DS60
WECC01135	975	15306	14334	5603	14.7015384615385	DS60
WECC01137	1455	34670	33466	13464	23.0006872852234	DS60
WECC01138	625	13473	9087	2652	14.5392	DS60
WECC01142	608	12155	8670	2525	14.2598684210526	DS60
WECC01145	1621	73849	54675	8797	33.7291795188156	DS60
WECC01146	90	537	519	181	5.76666666666667	DS60
WECC01147	1243	29204	24190	9001	19.4609814963797	DS60
WECC01149	620	14482	11632	4359	18.7612903225806	DS60
WECC01150	586	11867	8770	2675	14.9658703071672	DS60
WECC01151	513	14063	9903	2045	19.3040935672515	DS60
WECC01152	491	8960	5205	1714	10.6008146639511	DS60
WECC01154	2568	49618	58248	23977	22.6822429906542	DS60
WECC01155	334	6844	3929	1255	11.7634730538922	DS60
WECC01158	1676	35773	39522	13212	23.5811455847255	DS60
WECC01159	1168	33381	21803	7138	18.6669520547945	DS60
WECC01160	1829	47135	46871	14942	25.6265718972116	DS60
WECC01161	800	16681	13472	5063	16.84	DS60
WECC01163	8393	168892	204847	79014	24.4068866912904	DS60
WECC01164	1476	33370	32010	10674	21.6869918699187	DS60
WECC01165	1596	30261	32851	12770	20.5833333333333	DS60
WECC01166	645	14172	9044	2773	14.0217054263566	DS60
WECC01167	1309	29998	26732	9065	20.4216959511077	DS60
WECC01168	1376	28013	24343	7463	17.6911337209302	DS60
WECC01169	625	14577	9390	2906	15.024	DS60
WECC01173	434	9035	6483	2161	14.9377880184332	DS60
WECC01174	868	19039	17842	6557	20.5552995391705	DS60
WECC01175	1398	34012	31111	10424	22.2539341917024	DS60
WECC01180	741	16048	14708	5654	19.8488529014845	DS60
WECC01182	1394	37893	32512	9389	23.3228120516499	DS60
WECC01184	4357	119927	108994	33622	25.0158365848061	DS60
WECC01186	2798	79433	74264	21034	26.541815582559	DS60
WECC01187	626	12445	10045	3000	16.0463258785943	DS60
WECC01190	4650	83579	90925	32615	19.5537634408602	DS60
WECC01191	1839	37410	38036	15549	20.6829798803698	DS60
WECC01192	1665	35366	34355	11952	20.6336336336336	DS60
WECC01193	1349	37211	34100	8894	25.2779836916234	DS60
WECC01197	1814	45086	42961	16474	23.6830209481808	DS60
WECC01203	522	10838	7550	2634	14.4636015325671	DS60
WECC01204	1417	39445	36405	9751	25.6916019760057	DS60
WECC01206	3572	92622	87320	26433	24.4456886898096	DS60
WECC01207	931	25403	21704	6943	23.312567132116	DS60
WECC01208	1114	25033	21326	7059	19.1436265709156	DS60
WECC01211	1579	34698	29674	10352	18.7929069031032	DS60
WECC01212	971	23913	19823	5975	20.4150360453141	DS60
WECC01215	1560	34693	34083	11537	21.8480769230769	DS60
WECC01217	2148	49654	48942	16260	22.7849162011173	DS60
WECC01218	583	16970	10516	2673	18.0377358490566	DS60
WECC01220	2189	50534	51519	16792	23.5354042941983	DS60
WECC01222	2336	60862	62211	21116	26.6314212328767	DS60
WECC01223	2842	78280	74001	23129	26.0383532723434	DS60
WECC01224	740	14461	10456	3398	14.1297297297297	DS60
WECC01225	1888	43133	41310	12944	21.8802966101695	DS60
WECC01227	554	15182	10493	3501	18.9404332129964	DS60
WECC01229	1025	21075	17813	6327	17.3785365853659	DS60
WECC01230	1211	34976	32430	10891	26.7795210569777	DS60
WECC01231	838	19506	14709	5270	17.5525059665871	DS60
WECC01232	2588	64229	69355	25008	26.798686244204	DS60
WECC01233	1395	26870	26241	10258	18.810752688172	DS60
WECC01234	757	18439	15888	4759	20.9881109643329	DS60
WECC01235	776	20117	14570	4368	18.7757731958763	DS60
WECC01236	744	17458	11999	3373	16.127688172043	DS60
WECC01237	409	8244	4401	1457	10.760391198044	DS60
WECC01238	682	14693	13786	5257	20.2140762463343	DS60
WECC01239	2465	55909	65491	24322	26.5683569979716	DS60
WECC01242	1375	38158	36434	10558	26.4974545454546	DS60
WECC01243	805	13710	13152	5076	16.3378881987578	DS60
WECC01244	3810	117834	115044	34005	30.1952755905512	DS60
WECC01250	716	14175	11450	4209	15.9916201117318	DS60
WECC01251	617	13036	9525	2988	15.4376012965964	DS60
WECC01253	774	16852	13671	4837	17.6627906976744	DS60
WECC01255	834	20688	19330	6282	23.1774580335731	DS60
WECC01256	974	27669	25264	7156	25.9383983572895	DS60
WECC01257	1462	24563	24201	9341	16.5533515731874	DS60
WECC01258	1072	18860	18534	6961	17.2891791044776	DS60
WECC01261	616	12164	11129	4129	18.0665584415584	DS60
WECC01263	3760	69161	90089	38143	23.9598404255319	DS60
WECC01264	444	8510	5770	1872	12.9954954954955	DS60
WECC01265	801	14780	11907	4349	14.8651685393258	DS60
WECC01266	1110	27842	24076	5419	21.6900900900901	DS60
WECC01267	1331	27960	27792	11451	20.8805409466566	DS60
WECC01269	2295	66237	62719	16808	27.3285403050109	DS60
WECC01270	1173	32900	28107	8018	23.9616368286445	DS60
WECC01271	636	14965	11917	3528	18.7374213836478	DS60
WECC01272	1661	35599	32578	11883	19.6134858518965	DS60
WECC01274	1741	38866	38079	12114	21.8719126938541	DS60
WECC01275	696	13714	10527	3347	15.125	DS60
WECC01276	810	21332	17898	5507	22.0962962962963	DS60
WECC01278	2289	60443	58647	15071	25.6212319790301	DS60
WECC01281	1300	30045	25557	8461	19.6592307692308	DS60
WECC01282	1250	27812	26061	10001	20.8488	DS60
WECC01283	1917	49537	45107	16780	23.5299947835159	DS60
WECC01286	1192	32177	26705	6798	22.4035234899329	DS60
WECC01290	2704	80345	82242	24477	30.4149408284024	DS60
WECC01292	1312	34804	30413	8134	23.1806402439024	DS60
WECC01293	1008	23768	18252	5112	18.1071428571429	DS60
WECC01294	2035	45824	47737	16527	23.4579852579853	DS60
WECC01296	3273	82976	83514	29763	25.5160403299725	DS60
WECC01297	1054	26428	24034	8698	22.8026565464896	DS60
WECC01299	1783	53955	47261	12867	26.5064498037016	DS60
WECC01300	2323	64476	62650	21700	26.9694360740422	DS60
WECC01302	608	11835	8310	2164	13.6677631578947	DS60
WECC01303	948	22895	19162	6329	20.2130801687764	DS60
WECC01304	1595	25331	26698	10871	16.7385579937304	DS60
WECC01306	1044	21215	19985	7574	19.1427203065134	DS60
WECC01307	2960	71156	77436	26530	26.1608108108108	DS60
WECC01308	787	22239	17141	4782	21.7801778907243	DS60
WECC01310	2611	72945	66505	19744	25.4710838759096	DS60
WECC01312	2146	53357	46453	16262	21.6463187325256	DS60
WECC01313	1367	32604	25259	7668	18.4776883686906	DS60
WECC01314	3227	74713	74393	22700	23.0533002788968	DS60
WECC01316	509	9829	5610	1892	11.0216110019646	DS60
WECC01317	1163	29960	25252	8246	21.7128116938951	DS60
WECC01318	978	17992	17335	6796	17.7249488752556	DS60
WECC01319	741	15571	12186	4183	16.4453441295547	DS60
WECC01320	1642	37176	38936	14377	23.7125456760049	DS60
WECC01321	477	9554	5113	1362	10.7190775681342	DS60
WECC01322	2526	104585	79980	14965	31.6627078384798	DS60
WECC01323	783	17386	14004	4100	17.8850574712644	DS60
WECC01324	1350	32252	28104	7587	20.8177777777778	DS60
WECC01326	1684	40341	37514	14199	22.2767220902613	DS60
WECC01327	552	10033	6787	2109	12.2952898550725	DS60
WECC01328	3266	66478	74780	28912	22.896509491733	DS60
WECC01330	2390	50350	52352	18965	21.9046025104603	DS60
WECC01333	1759	51429	42255	12850	24.0221716884594	DS60
WECC01334	530	8552	4828	1415	9.10943396226415	DS60
WECC01335	5972	137550	150704	56448	25.2350971198928	DS60
WECC01336	1979	37332	36299	12259	18.3420919656392	DS60
WECC01337	594	18299	11528	2382	19.4074074074074	DS60
WECC01338	754	15389	9486	2687	12.5809018567639	DS60
WECC01339	1486	38911	37824	12813	25.4535666218035	DS60
WECC01340	1199	24986	21570	8564	17.9899916597164	DS60
WECC01341	2118	47249	44171	16526	20.8550519357885	DS60
WECC01344	896	24294	17113	3662	19.0993303571429	DS60
WECC01347	894	14866	13225	5146	14.7930648769575	DS60
WECC01348	401	8853	4739	1298	11.8179551122195	DS60
WECC01349	1026	23383	20832	7263	20.3040935672515	DS60
WECC01350	712	18175	15496	5487	21.7640449438202	DS60
WECC01354	1017	27855	20571	4269	20.2271386430678	DS60
WECC01358	975	21574	19699	7272	20.2041025641026	DS60
WECC01360	2407	79298	62210	14452	25.8454507685916	DS60
WECC01361	673	17889	11829	2500	17.5765230312036	DS60
WECC01362	5651	163864	164006	46302	29.0224738984251	DS60
WECC01363	1013	20154	17590	5770	17.3642645607108	DS60
WECC01364	4959	113988	115993	34943	23.3904012905828	DS60
WECC01365	1447	30302	25734	9579	17.7843814789219	DS60
WECC01366	946	23278	21966	6371	23.2198731501057	DS60
WECC01368	1212	25322	22727	8272	18.7516501650165	DS60
WECC01369	657	15028	10468	3399	15.9330289193303	DS60
WECC01370	1317	26212	24764	8122	18.8033409263478	DS60
WECC01371	763	11907	7388	2026	9.68283093053735	DS60
WECC01372	2026	45494	48005	17253	23.6944718657453	DS60
WECC01375	1997	47918	49907	17536	24.9909864797196	DS60
WECC01376	2225	84913	69069	16320	31.0422471910112	DS60
WECC01378	951	21442	18098	5481	19.0304942166141	DS60
WECC01379	1117	33374	25285	5306	22.6365264100269	DS60
WECC01381	4723	118020	121346	37641	25.6925682828711	DS60
WECC01382	1774	44113	44394	16021	25.0248027057497	DS60
WECC01383	1128	27970	23038	7405	20.4237588652482	DS60
WECC01384	2543	47592	52579	17816	20.6759732599292	DS60
WECC02001	3833	81155	84602	30884	22.072006261414	DS60
WECC02002	1955	48840	40391	12528	20.660358056266	DS60
WECC02004	641	15907	8923	1575	13.9204368174727	DS60
WECC02005	1039	19589	16450	5319	15.832531280077	DS60
WECC02006	1361	36500	29767	8100	21.8714180749449	DS60
WECC02007	4240	132674	112270	26590	26.4787735849057	DS60
WECC02009	1048	23278	16882	5506	16.1087786259542	DS60
WECC02011	1373	35518	29385	8481	21.4020393299345	DS60
WECC02012	1255	29317	26183	7805	20.8629482071713	DS60
WECC02013	1890	33682	34736	13125	18.378835978836	DS60
WECC02014	970	23436	16740	4446	17.2577319587629	DS60
WECC02015	1691	42043	37473	10580	22.1602602010645	DS60
WECC02017	1380	35371	33117	8808	23.9978260869565	DS60
WECC02019	2398	57723	53336	18614	22.2418682235196	DS60
WECC02021	602	11979	8540	3084	14.1860465116279	DS60
WECC02022	4851	112297	118800	42356	24.4897959183673	DS60
WECC02023	794	18991	13878	3112	17.4785894206549	DS60
WECC02024	1382	34867	31689	10326	22.9298118668596	DS60
WECC02026	1473	55560	41713	6505	28.3183978275628	DS60
WECC02027	1767	38108	39066	12580	22.1086587436333	DS60
WECC02028	1290	21105	22582	9076	17.5054263565892	DS60
WECC02031	1996	57128	48508	12518	24.3026052104208	DS60
WECC02033	2996	77901	69531	19085	23.2079439252336	DS60
WECC02035	607	15444	10525	1781	17.339373970346	DS60
WECC02036	2026	46509	44744	16066	22.0848963474827	DS60
WECC02038	1776	39737	39987	14433	22.5152027027027	DS60
WECC02040	1002	26557	21250	7330	21.2075848303393	DS60
WECC02041	2980	72331	68527	22087	22.9956375838926	DS60
WECC02043	1099	31970	25490	4820	23.1938125568699	DS60
WECC02044	724	17701	12951	3709	17.8881215469613	DS60
WECC02045	650	11490	8193	2596	12.6046153846154	DS60
WECC02046	1181	23681	22980	8008	19.4580863674852	DS60
WECC02047	1438	35806	27035	8650	18.8004172461752	DS60
WECC02050	1032	21372	16663	4861	16.1463178294574	DS60
WECC02051	1983	39132	36475	13294	18.3938477054967	DS60
WECC02053	1006	18679	15104	5082	15.013916500994	DS60
WECC02055	880	23064	19265	4708	21.8920454545455	DS60
WECC02057	948	27623	20263	4433	21.3744725738397	DS60
WECC02058	5952	130888	139838	47901	23.4942876344086	DS60
WECC02061	970	25462	19479	5405	20.0814432989691	DS60
WECC02064	3135	97117	79481	20185	25.3527910685805	DS60
WECC02065	1338	30124	24744	9152	18.4932735426009	DS60
WECC02066	3058	66905	66457	21457	21.7321778940484	DS60
WECC02069	760	18351	13295	4033	17.4934210526316	DS60
WECC02071	2194	61407	54112	18789	24.6636280765725	DS60
WECC02072	711	15481	10542	2614	14.8270042194093	DS60
WECC02073	1567	44484	34692	8593	22.1391193363114	DS60
WECC02074	637	12063	7018	1925	11.0172684458399	DS60
WECC02075	3345	96144	95198	26661	28.4597907324365	DS60
WECC02076	1810	43112	40276	16271	22.2519337016575	DS60
WECC02077	777	13390	11589	3692	14.9150579150579	DS60
WECC02078	856	17162	15327	4932	17.9053738317757	DS60
WECC02079	1717	54511	42691	9000	24.863715783343	DS60
WECC02081	3344	103815	89333	20992	26.7144138755981	DS60
WECC02082	1014	25202	20614	6026	20.3293885601578	DS60
WECC02083	851	20342	14308	3486	16.813160987074	DS60
WECC02084	559	9673	5588	1527	9.99642218246869	DS60
WECC02086	7491	262487	215103	55117	28.7148578293953	DS60
WECC02087	3388	83521	83805	25686	24.7358323494687	DS60
WECC02088	1895	56057	47775	10850	25.2110817941953	DS60
WECC02090	8535	182903	189698	70516	22.2258933801992	DS60
WECC02091	1450	41631	34779	8283	23.9855172413793	DS60
WECC02092	2238	72508	64481	13095	28.8118856121537	DS60
WECC02093	15016	336655	367404	137224	24.4675013319126	DS60
WECC02094	11480	323846	299717	91458	26.1077526132404	DS60
WECC02095	2700	82623	73128	16981	27.0844444444444	DS60
WECC02096	5493	161923	151087	45031	27.5053704715092	DS60
WECC02097	1841	49709	47082	14174	25.574144486692	DS60
WECC02098	541	12234	6500	1524	12.0147874306839	DS60
WECC02099	503	9765	5828	1736	11.5864811133201	DS60
WECC02100	1068	21222	17665	5666	16.5402621722846	DS60
WECC02101	1355	28207	25241	7235	18.6280442804428	DS60
WECC02102	5428	137449	121726	39248	22.4255711127487	DS60
WECC02103	1267	46137	33947	5340	26.7932123125493	DS60
WECC02105	610	13106	9980	2967	16.3606557377049	DS60
WECC02106	2148	44192	43525	14948	20.2630353817505	DS60
WECC02107	2197	49798	51340	18928	23.3682294037324	DS60
WECC02108	2687	53169	53597	19068	19.9467807964272	DS60
WECC02109	773	14232	11745	4252	15.1940491591203	DS60
WECC02113	2553	57928	57929	19308	22.6905601253427	DS60
WECC02114	1960	41181	42830	15324	21.8520408163265	DS60
WECC02115	1049	22121	20911	7757	19.9342230695901	DS60
WECC02117	1096	29074	24462	6365	22.3193430656934	DS60
WECC02118	1550	27680	27351	10668	17.6458064516129	DS60
WECC02121	5637	141226	144697	50347	25.669150257229	DS60
WECC02124	3256	63717	73042	28602	22.4330466830467	DS60
WECC02126	421	8612	5066	1188	12.0332541567696	DS60
WECC02127	2513	50830	56582	21590	22.5157182650219	DS60
WECC02128	1440	49576	38870	7324	26.9930555555556	DS60
WECC02129	1210	26554	24487	8506	20.2371900826446	DS60
WECC02130	1316	26496	27309	9112	20.7515197568389	DS60
WECC02133	962	20375	15290	4782	15.8939708939709	DS60
WECC02135	732	17410	12148	3758	16.5956284153005	DS60
WECC02136	4702	112055	115765	42309	24.6203743088048	DS60
WECC02139	2020	49276	46629	14839	23.0836633663366	DS60
WECC02140	718	17590	11661	3218	16.2409470752089	DS60
WECC02141	445	9589	4716	1160	10.5977528089888	DS60
WECC02143	5572	146133	142907	40596	25.647343862168	DS60
WECC02145	2667	54670	61938	22991	23.2238470191226	DS60
WECC02146	529	10151	6520	1763	12.3251417769376	DS60
WECC02147	1356	29219	26225	9063	19.3399705014749	DS60
WECC02148	2904	53607	55657	22647	19.1656336088154	DS60
WECC02149	543	9664	7724	2765	14.2246777163904	DS60
WECC02150	1676	28841	28753	11632	17.1557279236277	DS60
WECC02151	1632	38387	36091	12947	22.1145833333333	DS60
WECC02152	1131	27426	22722	6768	20.0901856763926	DS60
WECC02153	1215	26348	28430	10939	23.3991769547325	DS60
WECC02154	4178	86766	94082	32864	22.5184298707516	DS60
WECC02155	448	8676	5843	1884	13.0424107142857	DS60
WECC02156	2311	57699	55337	17829	23.9450454348767	DS60
WECC02158	880	23574	17825	4821	20.2556818181818	DS60
WECC02159	2914	81619	75511	22267	25.9131777625257	DS60
WECC02160	906	21505	16813	5085	18.5573951434879	DS60
WECC02161	887	18950	14390	4628	16.2232243517475	DS60
WECC02162	499	9548	4622	1627	9.2625250501002	DS60
WECC02163	1038	18139	18319	6736	17.6483622350674	DS60
WECC02164	2896	67239	69572	22010	24.0234806629834	DS60
WECC02165	662	13588	10577	2926	15.9773413897281	DS60
WECC02168	686	13851	8667	2612	12.634110787172	DS60
WECC02169	955	19360	15940	6087	16.6910994764398	DS60
WECC02170	4225	85626	92986	34970	22.0085207100592	DS60
WECC02174	659	18122	12824	3172	19.4597875569044	DS60
WECC02176	4832	150313	123774	33515	25.6154801324503	DS60
WECC02178	2725	71910	68449	20448	25.1188990825688	DS60
WECC02179	6821	172259	168836	52404	24.7523823486292	DS60
WECC02181	578	11477	8532	2349	14.7612456747405	DS60
WECC02182	1522	30244	28881	9775	18.9756898817346	DS60
WECC02183	635	15702	9214	2135	14.5102362204724	DS60
WECC02184	965	35990	23206	4187	24.0476683937824	DS60
WECC02185	475	10253	5982	1305	12.5936842105263	DS60
WECC02187	1156	24575	22910	8012	19.818339100346	DS60
WECC02188	2710	51840	54046	18770	19.9431734317343	DS60
WECC02190	693	12745	8453	2394	12.1976911976912	DS60
WECC02191	714	12704	9123	3111	12.7773109243698	DS60
WECC02192	6119	168933	144051	41177	23.54159176336	DS60
WECC02193	748	14996	12858	4654	17.1898395721925	DS60
WECC02194	3198	80481	77132	22873	24.1188242651657	DS60
WECC02197	1302	41703	33056	7798	25.3886328725038	DS60
WECC02198	1021	21586	18705	6224	18.3202742409403	DS60
WECC02199	691	13595	9683	2997	14.0130246020261	DS60
WECC02203	1054	23806	17010	5604	16.1385199240987	DS60
WECC02205	593	14954	10894	3317	18.3709949409781	DS60
WECC02206	447	6930	5036	1788	11.2662192393736	DS60
WECC02207	2147	59695	54375	15895	25.3260363297625	DS60
WECC02208	832	18031	12939	3608	15.5516826923077	DS60
WECC02209	5391	152013	140547	39413	26.070673344463	DS60
WECC02211	1076	19559	18511	6374	17.203531598513	DS60
WECC02212	3645	106739	98491	25813	27.0208504801097	DS60
WECC02216	562	11761	7914	2364	14.0818505338078	DS60
WECC02217	5036	138780	133141	43941	26.4378474980143	DS60
WECC02219	2434	64682	59615	18590	24.4926047658176	DS60
WECC02220	537	8573	6251	2314	11.6405959031657	DS60
WECC02221	1068	21310	17605	6793	16.4840823970037	DS60
WECC02222	677	15634	10563	3069	15.602658788774	DS60
WECC02223	1189	23786	21591	7726	18.1589571068124	DS60
WECC02224	1014	18431	16957	6437	16.7228796844181	DS60
WECC02225	2795	58866	61284	23018	21.9262969588551	DS60
WECC02226	981	19266	17653	6654	17.9949031600408	DS60
WECC02227	1151	22173	24470	9828	21.25977410947	DS60
WECC02229	785	13373	12231	4824	15.5808917197452	DS60
WECC02232	1099	23804	19994	7213	18.1929026387625	DS60
WECC02237	1593	30996	34114	13306	21.4149403640929	DS60
WECC02238	894	22523	20127	5706	22.5134228187919	DS60
WECC02239	1265	26114	24363	8001	19.2592885375494	DS60
WECC02240	1113	30952	27678	6864	24.8679245283019	DS60
WECC02241	1414	29980	29110	9723	20.5869872701556	DS60
WECC02242	618	11805	5986	1582	9.68608414239482	DS60
WECC02243	5929	157125	143988	40486	24.2853769607016	DS60
WECC02245	2599	53973	58182	22466	22.3863024240092	DS60
WECC02246	4599	108593	117406	38971	25.5285931724288	DS60
WECC02247	1567	35135	30038	10083	19.1691129546905	DS60
WECC02248	679	10482	4943	1196	7.27982326951399	DS60
WECC02249	4124	113427	94763	34813	22.9784190106693	DS60
WECC02251	2877	58321	61208	21581	21.2749391727494	DS60
WECC02252	1233	22175	19544	7409	15.8507704785077	DS60
WECC02253	2946	80856	75151	21821	25.5095044127631	DS60
WECC02255	688	14777	12101	3983	17.5886627906977	DS60
WECC02256	2318	56733	55903	19017	24.1169111302847	DS60
WECC02257	1268	30695	21068	5116	16.615141955836	DS60
WECC02258	1539	30028	27884	10438	18.1182586094867	DS60
WECC02259	881	22182	17235	4237	19.5629965947787	DS60
WECC02260	1177	25972	22531	7603	19.142735768904	DS60
WECC02261	1088	30637	26920	6643	24.7426470588235	DS60
WECC02262	1158	28183	25318	7857	21.8635578583765	DS60
WECC02263	1780	39359	38385	14839	21.564606741573	DS60
WECC02264	2937	95203	82575	22298	28.1154239019408	DS60
WECC02267	508	9846	6405	2118	12.6082677165354	DS60
WECC02268	1932	51692	46000	12730	23.8095238095238	DS60
WECC02270	926	23351	18861	5489	20.3682505399568	DS60
WECC02271	1086	29771	25061	7704	23.0764272559853	DS60
WECC02272	1865	40551	36657	12336	19.6552278820375	DS60
WECC02274	1470	30308	27431	9620	18.6605442176871	DS60
WECC02276	806	15780	12415	4200	15.4032258064516	DS60
WECC02278	4276	102782	103235	33940	24.1428905519177	DS60
WECC02279	1724	39317	37305	13107	21.6386310904872	DS60
WECC02280	1126	23825	20755	7378	18.4325044404973	DS60
WECC02281	935	25777	20568	6284	21.9978609625668	DS60
WECC02282	1242	30834	29064	8953	23.4009661835749	DS60
WECC02283	588	12316	7992	2508	13.5918367346939	DS60
WECC02284	2039	54124	46240	12013	22.6777832270721	DS60
WECC02285	2084	52615	50536	15251	24.2495201535509	DS60
WECC02286	2494	85945	66323	17839	26.593023255814	DS60
WECC02287	3493	109273	98033	27447	28.0655596908102	DS60
WECC02288	6204	129762	129187	44828	20.8231785944552	DS60
WECC02290	3980	122645	126566	36028	31.8005025125628	DS60
WECC02291	1186	32031	25138	5984	21.1956155143339	DS60
WECC02293	922	18020	14503	4871	15.7299349240781	DS60
WECC02294	2358	81202	64614	15500	27.4020356234097	DS60
WECC02297	1840	45831	42548	14270	23.1239130434783	DS60
WECC02299	2581	70241	64085	17129	24.8295234405269	DS60
WECC02300	2599	91617	75227	15402	28.9445940746441	DS60
WECC02301	624	10620	6748	2281	10.8141025641026	DS60
WECC02302	3658	81749	81136	27467	22.1804264625478	DS60
WECC02305	1342	31151	26800	9253	19.9701937406855	DS60
WECC02306	1068	29784	24479	5968	22.9204119850187	DS60
WECC02307	3170	83389	76011	26450	23.9782334384858	DS60
WECC02308	596	14386	9647	2616	16.1862416107383	DS60
WECC02311	738	21053	14442	3775	19.5691056910569	DS60
WECC02314	1618	29078	33036	13142	20.4177997527812	DS60
WECC02318	1538	34109	33068	11806	21.5006501950585	DS60
WECC02319	595	11476	9044	2980	15.2	DS60
WECC02320	2173	51583	48009	16183	22.0934192360792	DS60
WECC02321	490	8974	5713	1759	11.6591836734694	DS60
WECC02322	865	14643	12347	4541	14.2739884393064	DS60
WECC02323	616	11054	5983	1692	9.71266233766234	DS60
WECC02326	737	16718	13144	3374	17.8344640434193	DS60
WECC02327	964	29823	22920	4474	23.7759336099585	DS60
WECC02329	714	15053	12261	4194	17.172268907563	DS60
WECC02332	2107	61792	55456	17864	26.3198860939725	DS60
WECC02334	1522	42131	33453	7922	21.9796320630749	DS60
WECC02335	2085	46297	43680	15550	20.9496402877698	DS60
WECC02340	2801	61851	63131	22625	22.5387361656551	DS60
WECC02341	1075	21896	19559	6123	18.1944186046512	DS60
WECC02342	2468	42020	56200	25108	22.7714748784441	DS60
WECC02343	1822	44317	39180	13932	21.5038419319429	DS60
WECC02344	706	15124	9399	2743	13.3130311614731	DS60
WECC02345	643	13444	8473	2675	13.1772939346812	DS60
WECC02346	1474	26814	28561	11499	19.376526458616	DS60
WECC02348	1657	39104	38355	15028	23.147254073627	DS60
WECC02349	2332	51264	51895	17212	22.2534305317324	DS60
WECC02351	1381	27430	26929	9876	19.4996379435192	DS60
WECC02352	2316	58350	55480	18859	23.9550949913644	DS60
WECC02354	1191	30382	26714	7722	22.4298908480269	DS60
WECC02355	1091	18592	16229	6173	14.8753437213566	DS60
WECC02357	4736	97935	108481	43628	22.9056165540541	DS60
WECC02360	1811	46265	44494	14814	24.568746548868	DS60
WECC02362	1069	23250	20086	6848	18.7895229186155	DS60
WECC02363	3637	99314	90698	25571	24.9375859224636	DS60
WECC02364	1560	24620	25383	9617	16.2711538461538	DS60
WECC02367	8276	223573	209803	60825	25.3507733204447	DS60
WECC02368	1866	79283	54888	9303	29.4147909967846	DS60
WECC02370	1547	35411	32317	10181	20.8901098901099	DS60
WECC02371	1072	18482	16128	5841	15.044776119403	DS60
WECC02372	967	19087	19156	7053	19.8097207859359	DS60
WECC02374	993	21192	16299	5636	16.4138972809668	DS60
WECC02376	4188	138916	119663	30895	28.5728271251194	DS60
WECC02377	762	16177	13380	4577	17.5590551181102	DS60
WECC02378	4099	106365	103627	34620	25.2810441571115	DS60
WECC02380	8007	227990	207643	59118	25.9326839015861	DS60
WECC02381	2789	70167	64374	20594	23.0813911796343	DS60
WECC02382	3613	96641	91720	29029	25.3861057293108	DS60
WECC02384	5039	90819	96586	36440	19.1676920023814	DS60
WECC03001	562	19835	14778	2626	26.2953736654804	DS60
WECC03002	980	40262	29290	5663	29.8877551020408	DS60
WECC03003	2219	60992	61017	14817	27.4975214060388	DS60
WECC03004	2178	77352	71656	18064	32.8999081726354	DS60
WECC03005	2285	60316	61571	18757	26.9457330415755	DS60
WECC03006	949	30603	24847	5849	26.1822971548999	DS60
WECC03007	454	11056	8319	2127	18.3237885462555	DS60
WECC03008	585	14417	9574	2700	16.365811965812	DS60
WECC03011	842	21745	18514	5719	21.9881235154394	DS60
WECC03012	398	8075	4887	1474	12.2788944723618	DS60
WECC03013	1776	45786	43887	13493	24.7111486486487	DS60
WECC03014	2356	55446	58975	18648	25.0318336162988	DS60
WECC03015	2615	54865	56240	20108	21.5066921606119	DS60
WECC03017	254	7595	6096	1136	24	DS60
WECC03018	569	18293	14949	3626	26.2724077328647	DS60
WECC03019	1111	43417	37684	6886	33.9189918991899	DS60
WECC03020	934	22757	20751	6919	22.2173447537473	DS60
WECC03021	1927	69146	63237	15358	32.8162947586923	DS60
WECC03022	1733	47186	44835	14760	25.8713214079631	DS60
WECC03024	1251	27548	25203	8540	20.1462829736211	DS60
WECC03025	561	12912	10462	3405	18.6488413547237	DS60
WECC03026	3137	124904	117386	23294	37.4198278610137	DS60
WECC03027	2014	50088	48949	15797	24.3043694141013	DS60
WECC03028	1402	40364	38643	11193	27.5627674750357	DS60
WECC03029	508	14934	10547	2119	20.7618110236221	DS60
WECC03032	2421	119698	107422	16152	44.3709211069806	DS60
WECC03033	1292	31583	27768	9309	21.4922600619195	DS60
WECC03034	525	10862	6440	1940	12.2666666666667	DS60
WECC03035	2048	86411	79241	14459	38.69189453125	DS60
WECC03036	1107	25590	25971	9411	23.4607046070461	DS60
WECC03038	417	8809	5784	1496	13.8705035971223	DS60
WECC03039	482	10301	8596	2241	17.8340248962656	DS60
WECC03040	1501	30040	32085	11533	21.3757495003331	DS60
WECC03041	1150	27236	27266	7828	23.7095652173913	DS60
WECC03042	641	19267	13819	2873	21.5585023400936	DS60
WECC03043	1241	30052	28090	8403	22.634971796938	DS60
WECC03046	783	22441	17074	5190	21.8058748403576	DS60
WECC03047	1695	105490	77251	10100	45.5758112094395	DS60
WECC03049	471	10139	6300	1781	13.3757961783439	DS60
WECC03051	2611	71925	67620	20540	25.8981233243968	DS60
WECC03053	509	10853	7587	2150	14.9056974459725	DS60
WECC03055	875	23740	20537	5487	23.4708571428571	DS60
WECC03056	961	34011	28646	5558	29.8085327783559	DS60
WECC03058	1343	58739	51887	7299	38.6351451973194	DS60
WECC03060	469	14682	10711	2414	22.8379530916844	DS60
WECC03061	576	11835	9495	3443	16.484375	DS60
WECC03063	560	12786	10490	3077	18.7321428571429	DS60
WECC03064	3778	120146	110294	27813	29.1937533086289	DS60
WECC03066	1205	24930	23176	7642	19.2331950207469	DS60
WECC03067	909	34031	25464	4603	28.013201320132	DS60
WECC03070	3517	115535	114248	30151	32.4845038384987	DS60
WECC03071	1609	69113	59260	11753	36.8303293971411	DS60
WECC03072	2378	61011	64503	20501	27.1248948696384	DS60
WECC03073	2284	93352	75059	16624	32.8629597197898	DS60
WECC03074	757	17189	14114	3850	18.6446499339498	DS60
WECC03075	698	26413	20350	3171	29.1547277936963	DS60
WECC03076	1129	26617	26387	8570	23.3720106288751	DS60
WECC03077	518	9919	6869	2235	13.2606177606178	DS60
WECC03078	471	15344	10006	1750	21.244161358811	DS60
WECC03079	952	37942	29070	4499	30.5357142857143	DS60
WECC03081	1813	59421	55573	14341	30.6525096525097	DS60
WECC03084	1069	23137	20210	6417	18.9055191768008	DS60
WECC03085	975	30969	25017	7921	25.6584615384615	DS60
WECC03088	2182	67870	56021	12665	25.6741521539872	DS60
WECC03089	3047	87818	79994	21442	26.2533639645553	DS60
WECC03090	1566	32237	29287	10908	18.7017879948914	DS60
WECC03091	550	14384	10392	2449	18.8945454545455	DS60
WECC03092	707	15112	10668	3428	15.0891089108911	DS60
WECC03095	1831	71774	63814	12354	34.8519934462043	DS60
WECC03096	969	52126	41832	5671	43.1702786377709	DS60
WECC03097	1471	45543	41690	10837	28.3412644459551	DS60
WECC03098	992	26240	22573	6310	22.7550403225806	DS60
WECC03099	1718	51061	46535	11968	27.0867287543655	DS60
WECC03100	1465	57016	49177	10057	33.5679180887372	DS60
WECC03102	528	18712	13223	2628	25.0435606060606	DS60
WECC03103	3296	124323	107831	24744	32.7157160194175	DS60
WECC03104	607	14131	11086	3066	18.2635914332784	DS60
WECC03105	1233	32412	29772	9931	24.1459854014599	DS60
WECC03107	4429	159051	156649	35720	35.368932038835	DS60
WECC03108	2152	71847	63748	14350	29.6226765799257	DS60
WECC03109	1735	38508	40136	14026	23.1331412103746	DS60
WECC03110	947	34325	29442	6312	31.0897571277719	DS60
WECC03112	1163	25167	25374	9138	21.8177128116939	DS60
WECC03114	671	24842	20565	3320	30.6482861400894	DS60
WECC03115	1843	66660	60403	15598	32.7742810634835	DS60
WECC03116	1741	40349	42494	14542	24.4078116025273	DS60
WECC03117	1225	38551	35977	9194	29.3689795918367	DS60
WECC03118	504	10131	6231	1853	12.3630952380952	DS60
WECC03119	2061	61670	63370	17746	30.7472100921883	DS60
WECC03120	1798	74982	65108	10396	36.2113459399333	DS60
WECC03121	2253	63914	60844	18844	27.005770084332	DS60
WECC03122	1028	21187	19608	6934	19.0739299610895	DS60
WECC03123	415	10924	8099	1997	19.5156626506024	DS60
WECC03124	1006	20943	15038	4778	14.948310139165	DS60
WECC03125	1196	38317	34367	7534	28.7349498327759	DS60
WECC03126	1041	26099	25616	8805	24.6071085494717	DS60
WECC03132	2194	73943	67948	17132	30.9699179580675	DS60
WECC03134	339	8062	5362	1194	15.8171091445428	DS60
WECC03136	1984	50938	50213	15645	25.3089717741936	DS60
WECC03137	610	18614	13760	3933	22.5573770491803	DS60
WECC03139	1905	45391	47282	15904	24.8199475065617	DS60
WECC03141	2241	68459	65396	19367	29.1816153502901	DS60
WECC03143	875	35119	29192	4937	33.3622857142857	DS60
WECC03144	792	25772	20248	4982	25.5656565656566	DS60
WECC03145	1621	41471	37799	12337	23.3183220234423	DS60
WECC03148	593	12184	9655	3049	16.2816188870152	DS60
WECC03149	979	41406	36691	5703	37.4780388151175	DS60
WECC03151	621	14681	12520	3255	20.1610305958132	DS60
WECC03154	920	22645	21207	6134	23.0510869565217	DS60
WECC03155	3261	108246	100634	24300	30.8598589389758	DS60
WECC03158	2048	56214	51435	14312	25.11474609375	DS60
WECC03159	2374	63030	59012	17086	24.8576242628475	DS60
WECC03162	654	17715	14325	4045	21.9036697247706	DS60
WECC03163	556	12568	10435	3160	18.7679856115108	DS60
WECC03165	372	11712	8532	1252	22.9354838709677	DS60
WECC03166	2475	63034	64280	20478	25.9717171717172	DS60
WECC03167	1656	48927	39636	11709	23.9347826086957	DS60
WECC03169	1306	40560	35805	10624	27.4157733537519	DS60
WECC03170	1289	44150	40772	9804	31.6307214895268	DS60
WECC03171	552	13223	12232	3778	22.1594202898551	DS60
WECC03175	678	17858	14896	4473	21.9705014749263	DS60
WECC03178	1232	35692	33038	8243	26.8165584415584	DS60
WECC03180	827	18976	16847	6138	20.3712212817412	DS60
WECC03182	1238	33728	30682	8844	24.78352180937	DS60
WECC03183	933	29880	25751	6533	27.6002143622722	DS60
WECC03184	1348	45485	38807	9005	28.7885756676558	DS60
WECC03186	766	24897	19025	3392	24.8368146214099	DS60
WECC03187	382	10094	6770	1581	17.7225130890052	DS60
WECC03188	2693	95380	83751	18890	31.0995172669885	DS60
WECC03190	2479	75935	67549	14220	27.2484872932634	DS60
WECC03191	1386	46317	42041	9628	30.3326118326118	DS60
WECC03192	919	23930	19264	5249	20.961915125136	DS60
WECC03193	637	15766	11982	3774	18.8100470957614	DS60
WECC03197	897	21525	19719	7055	21.9832775919732	DS60
WECC03198	1696	49535	43867	12491	25.8649764150943	DS60
WECC03199	3530	137276	123658	26138	35.0305949008499	DS60
WECC03200	949	31432	23850	4545	25.131717597471	DS60
WECC03201	628	14651	12596	3480	20.0573248407643	DS60
WECC03203	934	20199	17457	5796	18.6905781584582	DS60
WECC03204	1803	58047	56892	13474	31.5540765391015	DS60
WECC03207	344	8530	6016	1129	17.4883720930233	DS60
WECC03208	654	16913	12836	3721	19.6269113149847	DS60
WECC03209	1088	37715	32273	7098	29.6626838235294	DS60
WECC03213	457	10239	7493	2630	16.3960612691466	DS60
WECC03214	957	19765	19719	6825	20.6050156739812	DS60
WECC03215	1803	40692	40788	14362	22.6222961730449	DS60
WECC03218	3169	80321	82657	26632	26.0829914799621	DS60
WECC03219	1379	32046	31894	11020	23.1283538796229	DS60
WECC03220	656	12847	12045	4685	18.3612804878049	DS60
WECC03222	862	24106	19571	6327	22.7041763341067	DS60
WECC03224	3526	103544	98132	27858	27.8309699376064	DS60
WECC03225	2496	84112	78741	19273	31.546875	DS60
WECC03229	2081	49764	47155	16645	22.6597789524267	DS60
WECC03234	2447	80783	72628	20119	29.6804250102166	DS60
WECC03235	1824	56812	51281	12257	28.1145833333333	DS60
WECC03237	1168	31046	31553	9496	27.0145547945206	DS60
WECC03238	681	20080	17449	4728	25.6226138032305	DS60
WECC03239	805	21770	16761	4349	20.8211180124224	DS60
WECC03241	647	15295	11567	3549	17.8778979907264	DS60
WECC03242	4140	113593	113520	34541	27.4202898550725	DS60
WECC03243	1424	34339	32011	9136	22.4796348314607	DS60
WECC03245	1284	37103	37491	10079	29.1985981308411	DS60
WECC03246	2480	88933	78879	17809	31.8060483870968	DS60
WECC03247	1568	42289	40817	12766	26.03125	DS60
WECC03249	512	14459	9736	2332	19.015625	DS60
WECC03250	988	43917	33387	5479	33.7925101214575	DS60
WECC03251	2367	52299	57480	20290	24.2839036755387	DS60
WECC03253	1606	59495	57385	12837	35.7316313823163	DS60
WECC03255	4998	165605	167853	45637	33.5840336134454	DS60
WECC03256	1381	34223	30208	9156	21.8740043446778	DS60
WECC03257	990	23083	18293	5112	18.4777777777778	DS60
WECC03258	352	7693	4890	1139	13.8920454545455	DS60
WECC03259	442	10474	7462	2366	16.8823529411765	DS60
WECC03260	796	19696	17207	5269	21.6168341708543	DS60
WECC03261	1551	41410	42090	12978	27.137330754352	DS60
WECC03263	822	34694	27841	4445	33.8698296836983	DS60
WECC03264	701	20358	17503	4822	24.9686162624822	DS60
WECC03266	1211	37110	35183	9403	29.0528488852188	DS60
WECC03268	595	11905	9816	3267	16.4974789915966	DS60
WECC03269	3363	97880	97050	27840	28.8581623550401	DS60
WECC03271	851	19999	17768	5936	20.8789659224442	DS60
WECC03272	750	14879	12298	3422	16.3973333333333	DS60
WECC03274	734	30372	24393	3545	33.232970027248	DS60
WECC03275	422	10864	7160	1342	16.9668246445498	DS60
WECC03276	1170	32055	26813	7637	22.917094017094	DS60
WECC03278	701	19001	16186	4654	23.0898716119829	DS60
WECC03280	1139	41103	35347	6955	31.0333625987709	DS60
WECC03281	1153	50919	33654	5443	29.1882046834345	DS60
WECC03282	588	15984	11535	3096	19.6173469387755	DS60
WECC03283	1946	53186	49291	13688	25.3293936279548	DS60
WECC03284	555	11558	8381	2435	15.1009009009009	DS60
WECC03288	2170	67195	54980	13364	25.3364055299539	DS60
WECC03290	606	17875	13342	2753	22.016501650165	DS60
WECC03291	766	26212	22493	5196	29.3642297650131	DS60
WECC03293	348	8432	6528	1579	18.7586206896552	DS60
WECC03294	1482	36935	36609	11678	24.7024291497976	DS60
WECC03297	827	28952	20320	4187	24.5707376058041	DS60
WECC03298	1037	32519	27502	5561	26.5207328833173	DS60
WECC03299	699	23305	20607	4381	29.480686695279	DS60
WECC03300	2151	61519	61258	18582	28.4788470478847	DS60
WECC03305	860	29326	21630	4181	25.1511627906977	DS60
WECC03307	981	23380	21768	7943	22.1896024464832	DS60
WECC03312	1340	41379	35385	9437	26.4067164179105	DS60
WECC03313	1580	41400	36173	12195	22.8943037974684	DS60
WECC03315	1014	25746	21592	6827	21.2938856015779	DS60
WECC03317	963	26727	25595	7073	26.5784008307373	DS60
WECC03318	919	21244	19248	6475	20.9445048966268	DS60
WECC03319	1127	25288	24643	8310	21.866015971606	DS60
WECC03320	696	19413	15894	3885	22.8362068965517	DS60
WECC03324	389	13428	8802	1377	22.6272493573265	DS60
WECC03325	982	26597	23463	6236	23.8930753564155	DS60
WECC03326	1495	42501	40275	11163	26.9397993311037	DS60
WECC03328	737	15923	12363	3178	16.774762550882	DS60
WECC03329	7401	246391	245403	64946	33.1580867450345	DS60
WECC03330	865	36573	26981	4812	31.1919075144509	DS60
WECC03332	657	19773	16620	4199	25.296803652968	DS60
WECC03333	456	9917	6088	1640	13.3508771929825	DS60
WECC03337	1034	22398	13893	4048	13.436170212766	DS60
WECC03338	830	38256	30626	4023	36.8987951807229	DS60
WECC03339	1941	47902	46716	16040	24.0680061823802	DS60
WECC03340	449	12630	8926	2069	19.8797327394209	DS60
WECC03342	519	12589	9848	2901	18.9749518304432	DS60
WECC03343	3432	83515	83190	28538	24.2395104895105	DS60
WECC03344	3215	107510	94181	21993	29.2942457231726	DS60
WECC03346	2231	68748	63646	15952	28.5280143433438	DS60
WECC03347	726	18029	13906	3519	19.1542699724518	DS60
WECC03348	891	22984	20258	5837	22.7362514029181	DS60
WECC03349	1800	41502	41140	14581	22.8555555555556	DS60
WECC03351	1500	64892	54030	9351	36.02	DS60
WECC03352	2268	68296	66160	19512	29.1710758377425	DS60
WECC03357	723	19634	16052	4641	22.2019363762102	DS60
WECC03358	1697	46273	39657	13155	23.368886269888	DS60
WECC03359	1181	33872	31994	8438	27.0906011854361	DS60
WECC03360	1529	71385	55791	10683	36.4885546108568	DS60
WECC03362	699	18697	14316	3577	20.480686695279	DS60
WECC03364	1262	36975	32537	8288	25.7820919175911	DS60
WECC03365	2690	112778	90649	15872	33.6985130111524	DS60
WECC03366	897	22601	18383	5670	20.4938684503902	DS60
WECC03367	2325	140354	107664	13908	46.3070967741936	DS60
WECC03368	544	11716	9568	2981	17.5882352941177	DS60
WECC03369	769	19212	15616	4234	20.3068920676203	DS60
WECC03370	1499	73106	60438	8590	40.3188792528352	DS60
WECC03371	1943	52312	45301	12489	23.3149768399382	DS60
WECC03372	1210	32664	30535	9322	25.2355371900826	DS60
WECC03374	1984	59782	53729	15005	27.0811491935484	DS60
WECC03376	719	20576	16400	4273	22.8094575799722	DS60
WECC03377	1837	40302	40552	13991	22.0751224823081	DS60
WECC03378	777	28691	21362	4068	27.4929214929215	DS60
WECC03380	1636	53270	42276	10954	25.841075794621	DS60
WECC03381	1590	57774	47411	11588	29.8182389937107	DS60
WECC03382	1694	43839	33475	9415	19.7609208972845	DS60
WECC03383	1858	66765	58573	13811	31.5247578040904	DS60
WECC03384	1710	61264	57070	11700	33.374269005848	DS60
WECC04002	4032	100815	89571	24835	22.2150297619048	DS60
WECC04003	637	15308	10457	2193	16.4160125588697	DS60
WECC04005	3251	71218	64783	20448	19.9270993540449	DS60
WECC04006	1243	32688	25846	6123	20.793242156074	DS60
WECC04007	1562	48624	43483	7650	27.8380281690141	DS60
WECC04008	2207	60287	48576	12066	22.0099682827368	DS60
WECC04009	3735	80654	80137	24398	21.4556894243641	DS60
WECC04010	697	12953	7300	2140	10.4734576757532	DS60
WECC04011	2740	68811	63277	17912	23.093795620438	DS60
WECC04012	660	11532	8658	2449	13.1181818181818	DS60
WECC04013	1430	30801	25681	7527	17.9587412587413	DS60
WECC04014	1469	29613	26853	8501	18.2797821647379	DS60
WECC04015	2074	38586	36304	11812	17.5043394406943	DS60
WECC04018	1626	52222	39337	8296	24.1924969249693	DS60
WECC04019	1541	29426	26900	9952	17.4561972744971	DS60
WECC04020	1026	21806	18272	5799	17.8089668615984	DS60
WECC04022	2643	98269	81844	11397	30.9663261445327	DS60
WECC04023	3496	104750	90355	21388	25.8452517162471	DS60
WECC04025	1660	27397	23040	8548	13.8795180722892	DS60
WECC04026	1870	40262	32336	9517	17.2919786096257	DS60
WECC04027	1494	28833	26619	8884	17.8172690763052	DS60
WECC04028	7476	148056	154583	52295	20.6772338148743	DS60
WECC04029	1765	47142	35852	8111	20.3127478753541	DS60
WECC04030	1277	27008	24491	7749	19.1785434612373	DS60
WECC04031	5771	200756	174457	30517	30.229942817536	DS60
WECC04032	650	12360	9283	2697	14.2815384615385	DS60
WECC04034	2140	46607	42252	13926	19.7439252336449	DS60
WECC04035	1142	28009	19691	4445	17.2425569176883	DS60
WECC04037	1305	21859	20028	7730	15.3471264367816	DS60
WECC04039	1251	24259	19144	5888	15.3029576338929	DS60
WECC04041	893	18987	13878	4147	15.5408734602464	DS60
WECC04044	1630	27692	27111	10335	16.6325153374233	DS60
WECC04047	4722	126992	111961	31085	23.7105040237188	DS60
WECC04049	1175	23520	18788	5750	15.9897872340426	DS60
WECC04050	4285	118511	101813	26769	23.7603267211202	DS60
WECC04051	2087	62249	51437	9828	24.646382367034	DS60
WECC04052	1424	27953	25577	8751	17.9613764044944	DS60
WECC04054	1901	40340	35198	11524	18.515518148343	DS60
WECC04055	1240	35362	26100	6074	21.0483870967742	DS60
WECC04059	6102	156648	141213	40557	23.1420845624385	DS60
WECC04061	1388	29018	25321	7445	18.242795389049	DS60
WECC04062	1393	32614	28248	7838	20.2785355348169	DS60
WECC04063	2378	62228	53312	15672	22.4188393608074	DS60
WECC04064	2986	81728	71904	16258	24.0803750837241	DS60
WECC04066	3475	87959	78498	19466	22.5893525179856	DS60
WECC04068	1347	27111	24863	8640	18.4580549368968	DS60
WECC04069	1249	30377	25664	6167	20.5476381104884	DS60
WECC04071	2775	53670	55008	19906	19.8227027027027	DS60
WECC04073	2768	69380	60901	17845	22.0018063583815	DS60
WECC04074	1249	25392	19877	5814	15.9143314651721	DS60
WECC04075	1359	24201	22157	8066	16.3038999264165	DS60
WECC04077	2033	57932	49097	12176	24.1500245941958	DS60
WECC04078	659	13716	9044	1769	13.7238239757208	DS60
WECC04080	2344	64992	58412	12249	24.919795221843	DS60
WECC04081	863	15956	12462	3970	14.4403244495944	DS60
WECC04082	1953	40492	36267	10615	18.5698924731183	DS60
WECC04085	993	22322	17143	4701	17.2638469284995	DS60
WECC04086	926	20476	16112	4195	17.3995680345572	DS60
WECC04087	3473	91270	81948	19898	23.5957385545638	DS60
WECC04088	3525	66397	65790	22997	18.663829787234	DS60
WECC04089	1216	22851	19173	5307	15.7672697368421	DS60
WECC04090	1206	22361	19758	6342	16.3830845771144	DS60
WECC04091	1941	60962	50774	8988	26.1586810922205	DS60
WECC04092	1400	32955	25060	5070	17.9	DS60
WECC04093	1293	28290	23201	7727	17.9435421500387	DS60
WECC04095	7838	283951	235306	38476	30.0211788721613	DS60
WECC04099	2131	49337	43659	11275	20.4875645236978	DS60
WECC04100	1764	59271	46092	10081	26.1292517006803	DS60
WECC04102	3829	128995	106950	19124	27.9315748237138	DS60
WECC04103	901	22777	16870	3653	18.7236403995561	DS60
WECC04104	544	10820	8443	2108	15.5202205882353	DS60
WECC04105	1182	27668	24375	6957	20.6218274111675	DS60
WECC04106	2449	47747	44507	15048	18.1735402204982	DS60
WECC04107	508	13152	9034	1466	17.7834645669291	DS60
WECC04108	2018	47437	43499	12876	21.5555004955401	DS60
WECC04110	2157	59568	53473	13185	24.7904496986555	DS60
WECC04111	2038	47187	38811	13082	19.0436702649657	DS60
WECC04114	1048	21847	16824	4913	16.0534351145038	DS60
WECC04115	612	11216	9241	3002	15.0996732026144	DS60
WECC04116	465	7604	5234	1532	11.2559139784946	DS60
WECC04117	1450	30830	25987	8357	17.9220689655172	DS60
WECC04119	2273	55227	43833	12222	19.2842058952926	DS60
WECC04121	1298	26743	22262	6290	17.1510015408321	DS60
WECC04122	1827	32263	29787	10680	16.303776683087	DS60
WECC04123	2031	43629	42410	13798	20.8813392417528	DS60
WECC04124	1449	24773	25666	10340	17.7129054520359	DS60
WECC04126	941	22055	17686	4677	18.7948990435707	DS60
WECC04127	802	15812	12771	3591	15.9239401496259	DS60
WECC04129	1112	28008	22656	5391	20.3741007194245	DS60
WECC04133	718	14324	9874	2719	13.7520891364903	DS60
WECC04134	1049	26881	21968	5465	20.9418493803623	DS60
WECC04135	970	16805	14565	5434	15.0154639175258	DS60
WECC04137	932	24768	19202	4364	20.6030042918455	DS60
WECC04138	4417	105939	98232	29150	22.239529092144	DS60
WECC04140	1105	26951	22805	6508	20.6380090497738	DS60
WECC04143	2505	64475	57194	14793	22.8319361277445	DS60
WECC04145	1120	20755	16436	5597	14.675	DS60
WECC04147	1609	36275	31195	9514	19.3878185208204	DS60
WECC04148	568	10200	7456	2296	13.1267605633803	DS60
WECC04149	1185	24649	21515	6674	18.1561181434599	DS60
WECC04150	4848	131287	119181	27309	24.5835396039604	DS60
WECC04151	2732	51505	52014	18362	19.0387994143485	DS60
WECC04153	2165	52432	47795	13040	22.0762124711316	DS60
WECC04154	2039	64150	44845	7648	21.9936243256498	DS60
WECC04157	273	5171	2317	695	8.48717948717949	DS60
WECC04158	1055	20994	18392	6144	17.4331753554502	DS60
WECC04159	1770	51591	43982	8332	24.8485875706215	DS60
WECC04160	1934	55234	46701	10683	24.1473629782834	DS60
WECC04162	919	26394	21123	4415	22.9847660500544	DS60
WECC04163	2345	51190	52125	15542	22.228144989339	DS60
WECC04164	3773	91331	87013	24385	23.06201961304	DS60
WECC04165	1515	38842	31705	8822	20.9273927392739	DS60
WECC04166	884	17932	14331	4341	16.2115384615385	DS60
WECC04168	3805	91997	83119	24186	21.8446780551905	DS60
WECC04169	959	25829	20113	4412	20.9728884254432	DS60
WECC04170	1539	29237	28227	9613	18.3411306042885	DS60
WECC04172	1334	27659	24537	6688	18.3935532233883	DS60
WECC04174	973	18604	17201	5415	17.6783144912641	DS60
WECC04176	2197	53232	50121	12504	22.8133818843878	DS60
WECC04177	997	23174	17300	4639	17.3520561685055	DS60
WECC04178	1982	54726	46027	12230	23.2225025227043	DS60
WECC04179	495	10821	7123	1307	14.389898989899	DS60
WECC04180	1991	47710	45122	12896	22.6629834254144	DS60
WECC04181	1494	47247	38138	7605	25.5274431057564	DS60
WECC04184	2391	73957	61359	13908	25.6624843161857	DS60
WECC04185	6687	165863	158643	46566	23.7240915208614	DS60
WECC04186	1326	38598	29934	7296	22.5746606334842	DS60
WECC04187	1825	37056	35343	13011	19.3660273972603	DS60
WECC04188	1834	38150	35656	11369	19.4416575790622	DS60
WECC04189	980	20509	18456	5541	18.8326530612245	DS60
WECC04191	2141	42625	43211	15071	20.1826249416161	DS60
WECC04192	3385	88574	74646	18560	22.0519940915805	DS60
WECC04193	3138	55092	55380	20072	17.6481835564054	DS60
WECC04194	2438	58530	48192	14376	19.7670221493027	DS60
WECC04196	975	32461	24929	4348	25.5682051282051	DS60
WECC04197	600	13671	10809	3082	18.015	DS60
WECC04198	1243	27650	22044	5380	17.7345132743363	DS60
WECC04199	1294	38306	29659	5396	22.9204018547141	DS60
WECC04200	2426	63983	57115	13960	23.542868920033	DS60
WECC04201	2509	51395	50640	16966	20.1833399760861	DS60
WECC04202	2444	53834	50274	14618	20.5703764320786	DS60
WECC04204	1597	37017	31686	9238	19.8409517845961	DS60
WECC04205	438	8947	5690	1611	12.9908675799087	DS60
WECC04206	915	25829	18191	3128	19.8808743169399	DS60
WECC04207	1286	31224	25198	5870	19.5940902021773	DS60
WECC04208	2085	43276	36724	12239	17.6134292565947	DS60
WECC04209	1237	31421	25793	6909	20.8512530315279	DS60
WECC04210	1362	29884	22109	6318	16.2327459618209	DS60
WECC04212	853	20827	17235	4044	20.2051582649472	DS60
WECC04213	1369	26704	25188	8052	18.3988312636961	DS60
WECC04215	3103	76958	72201	20360	23.2681276184338	DS60
WECC04216	1129	27066	20704	6706	18.3383525243578	DS60
WECC04217	2179	58499	47375	10456	21.7416245984397	DS60
WECC04219	749	15674	12380	2966	16.5287049399199	DS60
WECC04220	778	15211	12398	3171	15.9357326478149	DS60
WECC04221	1008	19924	17250	5356	17.1130952380952	DS60
WECC04223	6343	181990	153003	40444	24.1215513164118	DS60
WECC04224	2464	58063	50273	13912	20.4030032467532	DS60
WECC04225	2088	41322	38882	11497	18.6216475095785	DS60
WECC04227	1549	59655	47623	6308	30.7443511943189	DS60
WECC04229	1372	28505	22662	8735	16.5174927113703	DS60
WECC04231	2955	72240	66102	19141	22.3695431472081	DS60
WECC04232	1570	42556	34189	7589	21.7764331210191	DS60
WECC04233	1405	29874	25259	7311	17.9779359430605	DS60
WECC04234	1862	35039	34205	12637	18.3700322234157	DS60
WECC04235	775	17367	12087	2950	15.5961290322581	DS60
WECC04236	917	21176	16147	3696	17.608505997819	DS60
WECC04237	2428	58855	57412	13228	23.6457990115321	DS60
WECC04238	1173	21707	20502	7329	17.4782608695652	DS60
WECC04239	1894	44756	39737	11128	20.980464625132	DS60
WECC04240	1666	39553	35387	9481	21.2406962785114	DS60
WECC04242	2128	45264	41655	12378	19.5747180451128	DS60
WECC04244	917	19414	15814	4777	17.2453653217012	DS60
WECC04245	891	21221	16292	3783	18.2850729517396	DS60
WECC04246	2754	56897	53529	16826	19.4368191721133	DS60
WECC04249	3557	100810	85716	23273	24.0978352544279	DS60
WECC04250	1017	21036	15088	4094	14.8357915437561	DS60
WECC04251	5549	151848	139962	37584	25.2229230491981	DS60
WECC04252	2284	99738	75398	9884	33.0113835376532	DS60
WECC04253	1334	33777	29983	8078	22.476011994003	DS60
WECC04255	1508	33276	29666	8978	19.6724137931035	DS60
WECC04256	1052	20411	18119	6180	17.2233840304183	DS60
WECC04258	1223	19158	18870	7013	15.4292722812756	DS60
WECC04259	989	23256	20921	5976	21.1536905965622	DS60
WECC04261	1906	53624	46776	9951	24.5414480587618	DS60
WECC04262	1352	29035	27313	8645	20.2019230769231	DS60
WECC04263	1267	30074	25585	7065	20.1933701657459	DS60
WECC04264	2524	60281	52568	14914	20.8272583201268	DS60
WECC04265	1789	36006	32206	10655	18.0022358859698	DS60
WECC04267	742	15415	10725	2869	14.4541778975741	DS60
WECC04268	2356	39966	44452	18632	18.8675721561969	DS60
WECC04269	872	15531	14728	4880	16.8899082568807	DS60
WECC04270	502	16320	9654	1232	19.2310756972112	DS60
WECC04271	783	15520	12439	4174	15.8863346104725	DS60
WECC04276	3602	89572	81989	20149	22.7620766240977	DS60
WECC04279	5515	167991	142368	27664	25.8146872166818	DS60
WECC04280	2534	76025	62767	12796	24.7699289660616	DS60
WECC04281	930	19925	16255	4754	17.4784946236559	DS60
WECC04282	1721	47505	41412	9283	24.0627542126671	DS60
WECC04283	2085	54365	47804	12926	22.9275779376499	DS60
WECC04284	3035	95070	80310	17480	26.4612850082372	DS60
WECC04285	942	24350	18312	4339	19.4394904458599	DS60
WECC04286	1611	42258	33058	8554	20.52017380509	DS60
WECC04287	1544	59773	44703	8317	28.9527202072539	DS60
WECC04288	3080	61781	55706	17896	18.0863636363636	DS60
WECC04289	748	12816	7579	2266	10.1323529411765	DS60
WECC04292	5050	147281	133160	30592	26.3683168316832	DS60
WECC04293	1486	24853	22376	8539	15.0578734858681	DS60
WECC04294	1486	34026	27651	7985	18.6076716016151	DS60
WECC04295	1528	38735	32294	6789	21.1348167539267	DS60
WECC04296	2092	39467	39786	14587	19.0181644359465	DS60
WECC04297	1684	54394	45752	8006	27.1686460807601	DS60
WECC04300	3251	81116	76393	23035	23.4983082128576	DS60
WECC04302	1325	31266	22280	5618	16.8150943396226	DS60
WECC04303	552	9069	4862	1313	8.80797101449275	DS60
WECC04304	780	14296	11067	3483	14.1884615384615	DS60
WECC04305	1727	41163	28763	7974	16.6548928778228	DS60
WECC04307	421	7930	3855	1079	9.15676959619952	DS60
WECC04309	1955	36962	38880	13961	19.8874680306905	DS60
WECC04311	1197	27588	19752	4953	16.5012531328321	DS60
WECC04312	2778	68603	59081	16301	21.2674586033117	DS60
WECC04313	1075	21887	16277	4818	15.1413953488372	DS60
WECC04315	973	18887	16247	5344	16.6978417266187	DS60
WECC04316	1659	31389	30237	10517	18.2260397830018	DS60
WECC04318	1301	38314	31387	6469	24.1252882398155	DS60
WECC04319	555	11684	7427	1641	13.381981981982	DS60
WECC04320	6484	187477	165656	40621	25.5484268969772	DS60
WECC04322	856	15311	10877	3442	12.7067757009346	DS60
WECC04324	1785	42450	36882	10463	20.6621848739496	DS60
WECC04326	1117	23468	20663	6076	18.4986571172784	DS60
WECC04329	1803	47784	41263	9059	22.885745978924	DS60
WECC04330	1375	34427	29817	7759	21.6850909090909	DS60
WECC04331	1453	30833	28043	9594	19.3000688231246	DS60
WECC04332	2036	48930	41536	11626	20.4007858546169	DS60
WECC04333	1367	50030	39547	6640	28.9297732260424	DS60
WECC04334	2285	78772	62544	10763	27.3715536105033	DS60
WECC04337	1619	41018	35291	8742	21.7980234712786	DS60
WECC04338	3653	76433	70614	25086	19.3304133588831	DS60
WECC04339	1107	36101	25908	4512	23.4037940379404	DS60
WECC04341	4507	96930	97294	31796	21.5873086310184	DS60
WECC04342	2481	57685	50552	13670	20.3756549778315	DS60
WECC04343	774	15418	11704	3629	15.1214470284238	DS60
WECC04344	3222	65428	61181	18436	18.9885164494103	DS60
WECC04345	1121	21539	17513	5570	15.6226583407672	DS60
WECC04347	5647	127399	118574	35230	20.9976978926864	DS60
WECC04348	1001	26017	20023	4328	20.002997002997	DS60
WECC04349	2320	38257	41422	16027	17.8543103448276	DS60
WECC04351	2167	40217	39190	14765	18.084910013844	DS60
WECC04352	2112	49978	45014	14316	21.313446969697	DS60
WECC04353	1580	29106	26082	8598	16.5075949367089	DS60
WECC04355	1830	28505	26224	9075	14.3300546448087	DS60
WECC04359	846	15912	11891	4141	14.0555555555556	DS60
WECC04360	604	10810	7257	2199	12.0149006622517	DS60
WECC04361	3220	75823	71738	18910	22.2788819875776	DS60
WECC04363	1650	67747	49657	7949	30.0951515151515	DS60
WECC04364	3544	72993	71204	21600	20.0914221218962	DS60
WECC04366	735	17140	13871	3912	18.8721088435374	DS60
WECC04367	1931	52139	45485	12568	23.5551527705852	DS60
WECC04368	1558	30467	24723	7434	15.8684210526316	DS60
WECC04369	1435	27071	24714	8271	17.2222996515679	DS60
WECC04370	969	21556	16029	3616	16.5417956656347	DS60
WECC04371	1153	28838	22877	5932	19.8412836079792	DS60
WECC04372	870	21898	18343	4366	21.083908045977	DS60
WECC04373	3226	67829	65473	20756	20.2954122752635	DS60
WECC04374	1407	29597	26577	8165	18.8891257995736	DS60
WECC04376	1394	32051	27538	7098	19.7546628407461	DS60
WECC04377	1285	30403	25699	7366	19.9992217898833	DS60
WECC04378	4858	131221	116204	30333	23.9201317414574	DS60
WECC04379	1317	30461	25185	7537	19.123006833713	DS60
WECC04380	3096	78753	69995	19924	22.6082041343669	DS60
WECC04381	3194	84960	69901	18304	21.8850970569818	DS60
WECC04382	3879	100360	88749	24631	22.8793503480278	DS60
WECC04384	3407	72364	62481	16238	18.3390079248606	DS60
WECC05001	1364	25243	21172	7284	15.5219941348974	DS60
WECC05003	1118	16660	15102	4934	13.5080500894454	DS60
WECC05005	3069	64522	59305	18775	19.3238840013034	DS60
WECC05006	1162	25051	18584	6125	15.9931153184165	DS60
WECC05007	693	15962	11371	2910	16.4083694083694	DS60
WECC05008	1060	21185	15410	4986	14.5377358490566	DS60
WECC05012	984	28985	22629	3990	22.9969512195122	DS60
WECC05014	1204	22242	18992	5926	15.7740863787375	DS60
WECC05015	1379	25546	21723	7747	15.7527193618564	DS60
WECC05016	3286	89594	73445	16866	22.3508825319537	DS60
WECC05017	368	7120	5867	1702	15.9429347826087	DS60
WECC05019	1077	22820	16755	5703	15.5571030640669	DS60
WECC05022	1079	24630	17766	5842	16.4652455977757	DS60
WECC05023	900	20447	14446	4429	16.0511111111111	DS60
WECC05024	823	16160	11777	3673	14.3098420413123	DS60
WECC05027	4477	94783	90619	25897	20.241009604646	DS60
WECC05028	5910	121042	116306	35953	19.6795262267344	DS60
WECC05031	894	18256	15280	5328	17.0917225950783	DS60
WECC05032	1014	25493	19607	3937	19.336291913215	DS60
WECC05033	1302	28579	21125	6011	16.2250384024578	DS60
WECC05034	1005	20650	16470	5388	16.3880597014925	DS60
WECC05035	1569	27842	24036	8848	15.3193116634799	DS60
WECC05036	784	13865	11081	4031	14.1339285714286	DS60
WECC05041	1557	31624	27703	7814	17.7925497752087	DS60
WECC05042	1069	25045	18943	4405	17.7202993451824	DS60
WECC05043	9119	262413	222979	49038	24.4521329093102	DS60
WECC05044	1649	42910	37816	9398	22.9326864766525	DS60
WECC05045	3117	57931	55312	18352	17.7452678857876	DS60
WECC05047	1204	25683	21757	6344	18.0705980066445	DS60
WECC05049	1095	22583	16868	4337	15.4045662100457	DS60
WECC05050	620	9426	6423	2102	10.3596774193548	DS60
WECC05051	4769	100182	86857	25571	18.2128328790103	DS60
WECC05056	6615	126954	123108	39830	18.6104308390023	DS60
WECC05058	879	15545	13017	3657	14.8088737201365	DS60
WECC05059	2057	57949	40339	13700	19.6105979581915	DS60
WECC05061	2613	51104	51394	18006	19.6685801760429	DS60
WECC05062	1534	32181	28850	9743	18.8070404172099	DS60
WECC05063	1017	19777	15431	4854	15.173058013766	DS60
WECC05064	2121	37003	35817	11923	16.8868458274399	DS60
WECC05065	1031	20450	17053	6001	16.5402521823472	DS60
WECC05066	1481	24372	21235	7500	14.3382849426063	DS60
WECC05067	1391	25060	22174	7669	15.941049604601	DS60
WECC05068	1600	29700	26620	7076	16.6375	DS60
WECC05069	2745	53203	52706	17422	19.2007285974499	DS60
WECC05071	1052	21629	20043	6412	19.0522813688213	DS60
WECC05072	689	16134	11336	3294	16.4528301886792	DS60
WECC05073	870	20861	14861	4007	17.0816091954023	DS60
WECC05075	962	24241	20043	4703	20.8347193347193	DS60
WECC05078	3391	54930	56277	20485	16.5959893836626	DS60
WECC05080	2136	51749	43341	12378	20.2907303370787	DS60
WECC05081	3499	69651	65935	20878	18.8439554158331	DS60
WECC05082	4021	78401	76854	24605	19.1131559313604	DS60
WECC05083	1064	18217	15476	5207	14.5451127819549	DS60
WECC05084	1293	26812	21416	5798	16.5630317092034	DS60
WECC05085	827	22196	15856	3232	19.1729141475212	DS60
WECC05087	2498	54145	48823	14305	19.544835868695	DS60
WECC05089	6118	178744	154933	28442	25.3241255312194	DS60
WECC05091	2517	56709	48044	14930	19.0878029400079	DS60
WECC05092	6915	128568	120375	36709	17.4078091106291	DS60
WECC05093	1885	40546	33982	10647	18.0275862068966	DS60
WECC05094	3125	68260	61816	17511	19.78112	DS60
WECC05095	2185	46825	42718	11859	19.5505720823799	DS60
WECC05096	4448	99110	92480	26336	20.7913669064748	DS60
WECC05097	361	6314	3795	1071	10.5124653739612	DS60
WECC05098	1270	27380	23937	6743	18.848031496063	DS60
WECC05099	1314	24182	22050	7517	16.7808219178082	DS60
WECC05100	2466	46383	42598	14605	17.2741281427413	DS60
WECC05101	926	11836	11200	4125	12.0950323974082	DS60
WECC05104	1146	29060	24064	5275	20.9982547993019	DS60
WECC05108	650	12702	9557	2943	14.7030769230769	DS60
WECC05109	660	12038	10731	3500	16.2590909090909	DS60
WECC05111	609	12057	8619	2556	14.1527093596059	DS60
WECC05112	646	12487	9989	3473	15.4628482972136	DS60
WECC05114	2928	59344	55302	16404	18.8872950819672	DS60
WECC05116	1704	35085	32321	10683	18.9677230046948	DS60
WECC05119	1501	33798	28690	7758	19.1139240506329	DS60
WECC05121	3689	77918	73682	22308	19.9734345351044	DS60
WECC05122	1110	17089	15529	5236	13.9900900900901	DS60
WECC05127	3672	72650	69480	20103	18.921568627451	DS60
WECC05128	9719	213537	199735	58385	20.5509826113798	DS60
WECC05129	1808	33645	29467	11050	16.2981194690266	DS60
WECC05130	550	11774	8218	2004	14.9418181818182	DS60
WECC05132	773	16894	13046	3823	16.8771021992238	DS60
WECC05134	6014	123524	108182	32651	17.9883604921849	DS60
WECC05135	1953	38191	35254	12044	18.0512032770097	DS60
WECC05142	3259	52263	54657	20075	16.7710954280454	DS60
WECC05144	901	22160	16361	4118	18.1587125416204	DS60
WECC05146	144	733	644	151	4.47222222222222	DS60
WECC05147	3693	81966	72241	20872	19.5616030327647	DS60
WECC05149	535	10070	7142	2314	13.3495327102804	DS60
WECC05150	1018	22372	18977	4771	18.6414538310413	DS60
WECC05151	721	13625	11116	3745	15.4174757281553	DS60
WECC05152	1594	30464	25805	9416	16.1888331242158	DS60
WECC05153	3424	69425	61321	20780	17.9091705607477	DS60
WECC05155	720	16338	14119	3476	19.6097222222222	DS60
WECC05156	726	13780	11223	3848	15.4586776859504	DS60
WECC05158	1792	29371	29121	10195	16.2505580357143	DS60
WECC05159	4337	94355	87198	25656	20.1056029513489	DS60
WECC05160	11080	254342	229777	62584	20.7379963898917	DS60
WECC05161	1545	26852	25241	8312	16.337216828479	DS60
WECC05162	812	16167	13465	4298	16.5825123152709	DS60
WECC05163	2818	50457	50053	18060	17.7618878637331	DS60
WECC05167	1347	33886	27347	7273	20.3021529324425	DS60
WECC05168	1959	40682	33647	9993	17.1755997958142	DS60
WECC05169	1322	25961	24312	7816	18.3903177004539	DS60
WECC05170	438	7182	5058	1444	11.5479452054795	DS60
WECC05171	1358	24304	23342	6658	17.1885125184094	DS60
WECC05174	2199	46966	41795	12627	19.006366530241	DS60
WECC05177	2916	69093	59241	15712	20.3158436213992	DS60
WECC05178	1174	24280	21695	6720	18.4795570698467	DS60
WECC05179	1269	20694	18896	5848	14.8904649330181	DS60
WECC05180	1646	28522	28722	10494	17.44957472661	DS60
WECC05181	384	7802	5492	1678	14.3020833333333	DS60
WECC05182	1382	34379	27655	6485	20.0108538350217	DS60
WECC05183	736	15256	11739	3787	15.9497282608696	DS60
WECC05186	796	13086	10270	3151	12.9020100502513	DS60
WECC05187	1015	17683	15931	5294	15.6955665024631	DS60
WECC05188	2867	63313	58296	15660	20.3334495988838	DS60
WECC05190	2690	53303	45322	13922	16.8483271375465	DS60
WECC05193	1884	27667	30191	11898	16.0249469214437	DS60
WECC05194	1475	28464	24771	8520	16.7938983050847	DS60
WECC05195	3434	66436	62145	20778	18.0969714618521	DS60
WECC05196	2244	58768	51236	14715	22.8324420677362	DS60
WECC05197	728	17113	13073	3517	17.9574175824176	DS60
WECC05198	1134	25961	18585	5112	16.3888888888889	DS60
WECC05202	690	12974	10957	3449	15.8797101449275	DS60
WECC05203	692	13993	10071	2899	14.5534682080925	DS60
WECC05204	1088	27379	19143	4649	17.5946691176471	DS60
WECC05205	1167	21647	19204	6495	16.4558697514996	DS60
WECC05207	815	20299	14416	3473	17.6883435582822	DS60
WECC05208	3314	64180	57364	20290	17.3095956547978	DS60
WECC05210	1983	58033	48358	9451	24.3862834089763	DS60
WECC05211	953	22604	15030	4060	15.7712486883526	DS60
WECC05212	1263	27584	23647	6942	18.72288202692	DS60
WECC05214	922	21381	17044	4296	18.4859002169197	DS60
WECC05217	821	18905	14271	3821	17.3824604141291	DS60
WECC05218	2146	53300	46493	10932	21.6649580615098	DS60
WECC05219	941	15474	13275	4446	14.1073326248672	DS60
WECC05223	1154	23002	20240	6703	17.5389948006932	DS60
WECC05224	1668	39217	31339	8495	18.7883693045564	DS60
WECC05225	2201	52957	48573	13788	22.0686051794639	DS60
WECC05227	2453	43877	46535	17765	18.9706481858948	DS60
WECC05229	2275	44161	42198	14140	18.5485714285714	DS60
WECC05231	1254	36003	27117	6487	21.6244019138756	DS60
WECC05232	6733	169942	145674	40234	21.6358235556216	DS60
WECC05233	699	11612	9781	3376	13.9928469241774	DS60
WECC05234	1505	35683	31089	7525	20.6571428571429	DS60
WECC05235	1009	22760	18839	5250	18.6709613478692	DS60
WECC05236	874	18927	13043	3768	14.9233409610984	DS60
WECC05237	1726	28151	28011	9566	16.228852838934	DS60
WECC05238	2024	37617	33138	11255	16.3725296442688	DS60
WECC05239	2016	40914	37838	12025	18.7688492063492	DS60
WECC05240	819	16560	14735	4801	17.991452991453	DS60
WECC05241	2017	34982	30420	10937	15.0818046603867	DS60
WECC05242	2171	41158	36593	12217	16.8553661906955	DS60
WECC05243	1131	26543	19799	4861	17.5057471264368	DS60
WECC05245	6222	161675	142472	32380	22.8981035036966	DS60
WECC05246	5550	115808	111813	35249	20.1464864864865	DS60
WECC05247	1171	26039	21204	6052	18.1076003415884	DS60
WECC05248	736	12825	9470	2998	12.866847826087	DS60
WECC05249	3342	62749	58156	19347	17.4015559545183	DS60
WECC05250	4375	97199	89823	27618	20.5309714285714	DS60
WECC05251	4144	71514	72733	27424	17.5513996138996	DS60
WECC05252	754	16093	12002	3022	15.9177718832891	DS60
WECC05253	1240	27457	24270	7803	19.5725806451613	DS60
WECC05255	1750	37961	31752	11467	18.144	DS60
WECC05257	4042	97002	76395	21428	18.9002968827313	DS60
WECC05258	2025	35210	32101	10810	15.8523456790123	DS60
WECC05260	1313	31228	24642	7134	18.7677075399848	DS60
WECC05261	2103	36490	36410	12812	17.3133618640038	DS60
WECC05262	1227	26024	22726	6590	18.521597392013	DS60
WECC05263	11415	268340	246807	70980	21.6212877792378	DS60
WECC05264	1665	51152	38918	7530	23.3741741741742	DS60
WECC05265	5265	115269	102888	31798	19.5418803418803	DS60
WECC05266	2055	41649	36142	9787	17.5873479318735	DS60
WECC05267	1294	24632	23112	7653	17.8608964451314	DS60
WECC05270	435	8875	6641	1885	15.2666666666667	DS60
WECC05271	2540	50388	47781	15984	18.8114173228346	DS60
WECC05273	4469	124167	100780	19432	22.5509062430074	DS60
WECC05274	494	8736	5869	1616	11.8805668016194	DS60
WECC05276	1078	27022	22298	6075	20.6846011131725	DS60
WECC05277	550	11662	8465	2541	15.3909090909091	DS60
WECC05279	1403	54661	39135	5439	27.8937990021383	DS60
WECC05280	895	20102	15457	4867	17.2703910614525	DS60
WECC05281	10328	205509	191260	60434	18.5185902401239	DS60
WECC05283	1328	24616	22738	7300	17.1219879518072	DS60
WECC05284	2324	64650	50488	12797	21.7246127366609	DS60
WECC05285	1497	30471	26407	7849	17.6399465597862	DS60
WECC05286	4873	148692	129850	24371	26.6468294684999	DS60
WECC05287	1267	25952	20139	6309	15.8950276243094	DS60
WECC05290	1836	37814	32132	12257	17.5010893246187	DS60
WECC05291	1208	26694	23037	6073	19.0703642384106	DS60
WECC05292	603	14756	10954	2070	18.1658374792703	DS60
WECC05293	1937	34733	31581	11505	16.3040784718637	DS60
WECC05296	2317	51674	43115	13363	18.6081139404402	DS60
WECC05298	849	18880	14390	4729	16.9493521790342	DS60
WECC05299	1270	25300	22098	7559	17.4	DS60
WECC05300	2224	43694	40991	13732	18.4312050359712	DS60
WECC05301	1250	27773	23774	7064	19.0192	DS60
WECC05303	3352	70615	57420	20024	17.1300715990454	DS60
WECC05305	3820	92076	86310	21818	22.5942408376963	DS60
WECC05306	1422	23821	22382	7793	15.7398030942335	DS60
WECC05307	2035	47902	43684	12064	21.4663390663391	DS60
WECC05308	1771	34021	32353	11805	18.2682100508188	DS60
WECC05309	2069	39394	37970	13317	18.35186080232	DS60
WECC05310	2170	49133	42997	13760	19.8142857142857	DS60
WECC05311	3887	95037	85405	23458	21.9719578080782	DS60
WECC05312	6221	176857	142673	29105	22.9340941970744	DS60
WECC05314	2495	37883	40436	16111	16.2068136272545	DS60
WECC05315	895	14578	12581	4404	14.0569832402235	DS60
WECC05318	1176	21850	17515	6049	14.8937074829932	DS60
WECC05319	2135	35154	33227	11536	15.5629976580796	DS60
WECC05320	2815	64860	59390	17918	21.0976909413854	DS60
WECC05322	1257	22639	19554	6974	15.5560859188544	DS60
WECC05324	5172	91790	93189	30610	18.0179814385151	DS60
WECC05326	1904	53622	40732	10321	21.3928571428571	DS60
WECC05327	3610	60074	60034	20222	16.6299168975069	DS60
WECC05328	976	19470	13107	3911	13.4293032786885	DS60
WECC05329	1521	36074	27927	7461	18.3609467455621	DS60
WECC05331	1502	24820	26414	10054	17.5858854860186	DS60
WECC05332	1166	24392	20316	6570	17.4236706689537	DS60
WECC05333	1002	17840	15640	5087	15.6087824351297	DS60
WECC05334	628	11177	8161	2332	12.9952229299363	DS60
WECC05335	1478	28004	25885	8395	17.5135317997294	DS60
WECC05336	1005	21084	13998	3735	13.9283582089552	DS60
WECC05338	1948	47639	39263	8053	20.1555441478439	DS60
WECC05339	826	14688	11581	4113	14.0205811138015	DS60
WECC05345	3380	69802	64646	19367	19.1260355029586	DS60
WECC05346	2679	54617	51175	16161	19.1022769690183	DS60
WECC05347	1205	32046	24078	5305	19.9817427385892	DS60
WECC05348	1341	23592	22699	8611	16.9269202087994	DS60
WECC05349	3134	65196	61665	20380	19.6761327377154	DS60
WECC05350	1721	50570	41263	9422	23.9761766414875	DS60
WECC05351	1073	21904	19462	6461	18.1379310344828	DS60
WECC05352	1998	55031	43281	9478	21.6621621621622	DS60
WECC05353	2279	54440	45444	12205	19.9403247038175	DS60
WECC05355	919	19228	13583	3373	14.7801958650707	DS60
WECC05357	2552	44937	44928	17056	17.6050156739812	DS60
WECC05358	1928	37293	33442	11755	17.3454356846473	DS60
WECC05359	1200	25910	20515	6867	17.0958333333333	DS60
WECC05360	3345	66574	54177	19146	16.1964125560538	DS60
WECC05363	2825	67475	58347	16168	20.6538053097345	DS60
WECC05364	1575	26380	23690	7844	15.0412698412698	DS60
WECC05365	2674	50880	46760	15630	17.4869109947644	DS60
WECC05366	972	25627	19769	4543	20.3384773662551	DS60
WECC05369	4046	92534	62790	18843	15.5190311418685	DS60
WECC05370	2667	68389	61968	13607	23.2350956130484	DS60
WECC05372	737	13827	11176	3227	15.1641791044776	DS60
WECC05373	1524	31379	27246	8477	17.8779527559055	DS60
WECC05375	4481	137229	115609	23240	25.7998214684222	DS60
WECC05377	2858	68272	61023	14045	21.351644506648	DS60
WECC05378	1198	24669	19479	5764	16.2595993322204	DS60
WECC05379	5150	199739	145310	23601	28.2155339805825	DS60
WECC05381	6670	166648	145180	35904	21.7661169415292	DS60
WECC05382	2664	73781	65301	13481	24.5123873873874	DS60
WECC05383	2417	45436	41501	15268	17.1704592470004	DS60
WECC06006	658	15305	10146	2476	15.419452887538	DS60
WECC06008	2947	72487	52284	16014	17.7414319647099	DS60
WECC06009	1291	30641	20365	6528	15.7745933384973	DS60
WECC06012	1207	20780	20803	7348	17.2352941176471	DS60
WECC06013	980	21049	18110	5378	18.4795918367347	DS60
WECC06014	1074	21443	17261	6720	16.0716945996276	DS60
WECC06015	2136	39924	40014	13109	18.7331460674157	DS60
WECC06018	7596	187966	182964	48861	24.086887835703	DS60
WECC06020	5456	115420	112145	33250	20.554435483871	DS60
WECC06023	2192	39999	38641	13794	17.6281934306569	DS60
WECC06026	946	21695	15642	4430	16.5348837209302	DS60
WECC06027	797	15297	12050	4015	15.1191969887077	DS60
WECC06028	1577	26034	26022	10336	16.5009511731135	DS60
WECC06029	1972	45942	37271	10759	18.9001014198783	DS60
WECC06031	4311	78834	81058	29250	18.8025980051032	DS60
WECC06034	1478	30222	27470	10971	18.5859269282815	DS60
WECC06035	4079	100362	90962	22304	22.3000735474381	DS60
WECC06036	1178	24378	18940	6909	16.0780984719864	DS60
WECC06038	594	12373	8607	2356	14.489898989899	DS60
WECC06039	1400	33666	28270	8408	20.1928571428571	DS60
WECC06040	2733	61990	51143	18220	18.713135748262	DS60
WECC06041	791	15648	10928	3956	13.8154235145386	DS60
WECC06042	1510	35293	32738	8982	21.6807947019868	DS60
WECC06043	1534	31836	28545	10227	18.6082138200782	DS60
WECC06044	3415	67482	72410	28079	21.203513909224	DS60
WECC06045	1854	37328	35119	13616	18.9422869471413	DS60
WECC06046	1107	20478	20181	8399	18.230352303523	DS60
WECC06047	755	16938	10890	3097	14.4238410596027	DS60
WECC06048	2706	66085	44693	14368	16.5162601626016	DS60
WECC06050	1851	33175	34080	13265	18.4116693679092	DS60
WECC06051	988	16976	13641	5527	13.8066801619433	DS60
WECC06052	1192	22015	21708	8932	18.2114093959732	DS60
WECC06053	2460	47242	44080	16492	17.9186991869919	DS60
WECC06054	1246	25839	20491	8154	16.4454253611557	DS60
WECC06056	2672	53762	46165	15864	17.2773203592814	DS60
WECC06058	598	11095	7269	2390	12.1555183946488	DS60
WECC06062	716	14919	12206	3632	17.0474860335196	DS60
WECC06063	2330	43629	45983	17036	19.7351931330472	DS60
WECC06064	3192	68050	55069	19339	17.2521929824561	DS60
WECC06065	1302	28160	23976	7887	18.4147465437788	DS60
WECC06067	601	13506	7323	2205	12.1846921797005	DS60
WECC06070	563	12432	8386	2738	14.8952042628774	DS60
WECC06072	2334	64216	43492	11767	18.6341045415596	DS60
WECC06073	1189	31045	18922	5975	15.9142136248949	DS60
WECC06074	2363	41906	42597	14785	18.0266610241219	DS60
WECC06075	1762	44065	37417	10539	21.2355278093076	DS60
WECC06077	1571	35324	28772	8690	18.3144493952896	DS60
WECC06078	3514	65521	70188	25469	19.9738190096756	DS60
WECC06081	1000	23740	16892	4571	16.892	DS60
WECC06082	837	15461	12331	4586	14.7323775388292	DS60
WECC06083	1317	26166	22101	8573	16.7813211845103	DS60
WECC06085	884	21475	17332	4275	19.606334841629	DS60
WECC06087	1759	39385	34453	9957	19.5866969869244	DS60
WECC06088	4490	88692	88310	33109	19.6681514476615	DS60
WECC06089	8970	205998	199334	55974	22.2222965440357	DS60
WECC06092	8451	161299	178560	62463	21.1288604898829	DS60
WECC06093	946	20041	16454	5398	17.3932346723044	DS60
WECC06094	677	13200	10678	3776	15.7725258493353	DS60
WECC06095	1375	27834	23497	8117	17.0887272727273	DS60
WECC06097	679	14017	10957	3533	16.1369661266568	DS60
WECC06098	851	18972	14802	4221	17.3936545240893	DS60
WECC06104	1132	27938	17740	5106	15.6713780918728	DS60
WECC06109	717	15328	11020	3138	15.3695955369596	DS60
WECC06110	1139	24302	21229	5790	18.6382791922739	DS60
WECC06111	741	17198	12610	4111	17.0175438596491	DS60
WECC06112	2091	45694	38525	13582	18.4241989478718	DS60
WECC06113	2457	53032	47157	16377	19.1929181929182	DS60
WECC06114	6510	173337	154882	35004	23.7913978494624	DS60
WECC06115	1750	34641	32358	11902	18.4902857142857	DS60
WECC06116	1276	24038	23679	8647	18.557210031348	DS60
WECC06117	523	9580	7192	2410	13.7514340344168	DS60
WECC06119	1390	33146	25641	8893	18.4467625899281	DS60
WECC06120	4045	89585	79676	26573	19.6974042027194	DS60
WECC06121	999	23653	17265	5441	17.2822822822823	DS60
WECC06123	1864	39815	36546	11883	19.6062231759657	DS60
WECC06124	716	15903	11548	3996	16.1284916201117	DS60
WECC06125	3164	68358	69903	25033	22.0932364096081	DS60
WECC06126	2155	43101	43254	18069	20.0714617169374	DS60
WECC06127	538	12736	7977	2527	14.8271375464684	DS60
WECC06129	1395	28424	27211	8782	19.5060931899642	DS60
WECC06133	2279	50024	47399	14705	20.7981570864414	DS60
WECC06134	540	10269	7210	2602	13.3518518518519	DS60
WECC06137	1061	23639	20179	6407	19.0188501413761	DS60
WECC06138	2545	56173	50082	17381	19.6785854616896	DS60
WECC06139	1808	38089	33175	9792	18.3490044247788	DS60
WECC06141	1378	26585	25307	9050	18.3650217706821	DS60
WECC06142	1103	21447	19042	7099	17.2638259292838	DS60
WECC06143	2648	57062	56172	20006	21.2129909365559	DS60
WECC06144	2833	74643	54232	15758	19.1429579950582	DS60
WECC06147	2420	55117	49992	14262	20.6578512396694	DS60
WECC06148	657	14209	10152	2546	15.4520547945205	DS60
WECC06149	1072	20904	19650	7677	18.330223880597	DS60
WECC06151	1276	26703	23714	8616	18.5846394984326	DS60
WECC06153	12343	274781	269941	87303	21.8699667827919	DS60
WECC06154	756	19071	10282	2790	13.6005291005291	DS60
WECC06155	459	9164	5988	1576	13.0457516339869	DS60
WECC06156	440	8302	5387	1684	12.2431818181818	DS60
WECC06158	926	16594	14422	4815	15.5745140388769	DS60
WECC06159	1587	36204	30806	11318	19.411468178954	DS60
WECC06162	487	10488	6761	2403	13.8829568788501	DS60
WECC06163	809	13272	10570	3502	13.0655129789864	DS60
WECC06164	3599	67530	74326	27738	20.6518477354821	DS60
WECC06165	575	12273	7653	2431	13.3095652173913	DS60
WECC06169	2666	44725	58227	25743	21.8405851462866	DS60
WECC06170	1664	33169	30009	8837	18.0342548076923	DS60
WECC06172	1146	20755	18628	7264	16.2547993019197	DS60
WECC06174	1803	42499	37718	13955	20.9195784803106	DS60
WECC06177	1488	29410	26828	10360	18.0295698924731	DS60
WECC06178	1662	26532	25600	8844	15.4031287605295	DS60
WECC06179	3390	65959	68302	24412	20.1480825958702	DS60
WECC06180	449	10149	6018	1662	13.4031180400891	DS60
WECC06181	1995	35822	39126	15118	19.612030075188	DS60
WECC06182	569	10267	7730	2553	13.585237258348	DS60
WECC06183	476	10529	6162	1606	12.9453781512605	DS60
WECC06186	533	10775	7530	2007	14.1275797373358	DS60
WECC06187	881	22562	16148	3468	18.3291713961408	DS60
WECC06188	1424	34149	27262	7116	19.1446629213483	DS60
WECC06189	1735	28679	30658	12424	17.6703170028818	DS60
WECC06191	1291	26178	22984	7716	17.8032532920217	DS60
WECC06192	1374	28572	23038	7430	16.7671033478894	DS60
WECC06193	3398	64422	63262	22715	18.6174220129488	DS60
WECC06195	6795	180108	162056	34241	23.8493009565857	DS60
WECC06196	2320	53557	49502	16674	21.3370689655172	DS60
WECC06199	5227	128232	110740	28995	21.1861488425483	DS60
WECC06200	2267	58177	38922	10355	17.1689457432731	DS60
WECC06202	1812	40111	38124	12078	21.0397350993377	DS60
WECC06204	728	17301	12752	3418	17.5164835164835	DS60
WECC06206	1101	21156	18475	6584	16.780199818347	DS60
WECC06207	790	19566	15167	3677	19.1987341772152	DS60
WECC06208	3351	98263	68651	15218	20.4867203819755	DS60
WECC06213	571	11098	7023	2505	12.2994746059545	DS60
WECC06214	764	16350	12448	3679	16.2931937172775	DS60
WECC06215	854	19783	13872	4599	16.2435597189696	DS60
WECC06217	739	15716	10682	2992	14.4546684709066	DS60
WECC06218	3711	74818	78775	27634	21.2274319590407	DS60
WECC06219	4487	103271	95719	28010	21.3325161577892	DS60
WECC06220	759	12474	10711	3670	14.1119894598155	DS60
WECC06222	3303	77145	69119	17426	20.92612776264	DS60
WECC06223	1246	33532	24415	6857	19.5947030497592	DS60
WECC06224	3040	70185	53647	18456	17.6470394736842	DS60
WECC06226	1401	26777	23713	8873	16.925767309065	DS60
WECC06227	1813	35756	33651	11992	18.5609487038058	DS60
WECC06228	571	14221	7818	2102	13.69176882662	DS60
WECC06230	618	13269	9944	3535	16.0906148867314	DS60
WECC06231	1005	22020	17104	5285	17.0189054726368	DS60
WECC06233	551	9003	6201	2299	11.2540834845735	DS60
WECC06234	1277	27126	22921	9056	17.9490994518403	DS60
WECC06235	2174	43901	41704	15131	19.1830726770929	DS60
WECC06236	4115	121566	102441	18767	24.894532199271	DS60
WECC06237	830	16636	13907	4167	16.755421686747	DS60
WECC06238	1824	34188	36515	14298	20.0191885964912	DS60
WECC06239	1165	23534	21956	8322	18.8463519313305	DS60
WECC06240	2095	51495	36120	11393	17.2410501193317	DS60
WECC06241	749	18048	11607	3023	15.4966622162884	DS60
WECC06243	1383	23928	22711	8305	16.4215473608098	DS60
WECC06244	1721	40469	34348	11954	19.958163858222	DS60
WECC06245	695	15039	12851	4454	18.4906474820144	DS60
WECC06246	1656	39794	34668	9396	20.9347826086957	DS60
WECC06247	616	14945	10771	2639	17.4853896103896	DS60
WECC06250	4065	90226	86409	28066	21.2568265682657	DS60
WECC06251	1784	46330	42066	10575	23.5795964125561	DS60
WECC06252	1862	35234	33772	12693	18.1374865735768	DS60
WECC06253	1001	22380	19834	7484	19.8141858141858	DS60
WECC06255	638	12670	9215	2888	14.4435736677116	DS60
WECC06257	1110	22760	16119	5642	14.5216216216216	DS60
WECC06259	1074	22927	21163	7589	19.7048417132216	DS60
WECC06262	1102	26142	22966	6215	20.8402903811252	DS60
WECC06263	1706	32208	31318	10402	18.3575615474795	DS60
WECC06266	620	8466	6824	2610	11.0064516129032	DS60
WECC06267	1129	24163	20999	8233	18.599645704163	DS60
WECC06269	1619	37769	33173	9192	20.4898085237801	DS60
WECC06272	2549	59319	40578	11407	15.919183993723	DS60
WECC06274	715	13446	11042	3468	15.4433566433566	DS60
WECC06276	922	25692	18160	4070	19.6963123644252	DS60
WECC06277	2586	54389	53088	17549	20.5290023201856	DS60
WECC06278	941	19898	16593	4302	17.6333687566419	DS60
WECC06279	1164	27321	22474	7086	19.307560137457	DS60
WECC06281	404	7337	3858	1046	9.54950495049505	DS60
WECC06282	866	19807	15878	4697	18.3348729792148	DS60
WECC06283	1284	28570	21464	5457	16.7165109034268	DS60
WECC06284	879	18690	13422	3868	15.2696245733788	DS60
WECC06285	2434	73366	56404	11965	23.1733771569433	DS60
WECC06286	4792	100572	103065	36848	21.5077212020033	DS60
WECC06287	3976	92042	83084	26779	20.8963782696177	DS60
WECC06289	397	8905	3562	1040	8.97229219143577	DS60
WECC06290	1035	23293	18412	6508	17.7893719806763	DS60
WECC06291	1198	30863	25570	6100	21.3439065108514	DS60
WECC06293	3028	69890	61114	16854	20.1829590488771	DS60
WECC06294	524	12440	8827	2497	16.8454198473282	DS60
WECC06295	2071	38329	38293	14654	18.4901014002897	DS60
WECC06296	2258	59595	40697	13693	18.0234720992028	DS60
WECC06297	756	15099	12758	4860	16.8756613756614	DS60
WECC06299	1144	23093	20916	7445	18.2832167832168	DS60
WECC06300	2829	96055	76055	20402	26.8840579710145	DS60
WECC06301	4576	100810	98437	31375	21.5115821678322	DS60
WECC06302	530	11927	6951	1811	13.1150943396226	DS60
WECC06304	1909	44792	31804	10686	16.6600314300681	DS60
WECC06305	549	13153	6712	1850	12.2258652094718	DS60
WECC06306	3455	74936	69931	23317	20.240520984081	DS60
WECC06308	1553	29573	30150	11587	19.4140373470702	DS60
WECC06310	4181	86976	92335	31931	22.0844295623057	DS60
WECC06311	1147	27608	22354	7346	19.489102005231	DS60
WECC06312	2263	65633	39268	11165	17.352187361909	DS60
WECC06314	479	8027	5426	1726	11.3277661795407	DS60
WECC06316	3288	58769	65863	25868	20.0313260340633	DS60
WECC06317	3186	67561	73985	25777	23.221908349027	DS60
WECC06319	856	17925	13895	4753	16.232476635514	DS60
WECC06320	2943	76419	55269	17050	18.7798165137615	DS60
WECC06321	1446	29649	27708	8877	19.1618257261411	DS60
WECC06322	764	16219	12280	3425	16.0732984293194	DS60
WECC06323	2175	35747	37614	13760	17.2937931034483	DS60
WECC06324	1691	36692	31941	9340	18.8888231815494	DS60
WECC06327	2474	40153	40877	15499	16.5226354082458	DS60
WECC06328	2725	61070	47097	15067	17.2833027522936	DS60
WECC06331	2404	57551	50618	13659	21.0557404326123	DS60
WECC06332	1065	19725	19764	7850	18.5577464788732	DS60
WECC06333	847	22312	16043	3962	18.9409681227863	DS60
WECC06334	2965	61026	60422	20977	20.3784148397976	DS60
WECC06335	936	18779	13396	4400	14.3119658119658	DS60
WECC06337	716	16174	10275	2981	14.3505586592179	DS60
WECC06338	1961	41908	36483	12502	18.6042835288118	DS60
WECC06339	586	10358	7986	2985	13.6279863481229	DS60
WECC06340	1071	21075	17246	6150	16.1027077497666	DS60
WECC06341	695	14456	9301	2930	13.3827338129496	DS60
WECC06342	1847	35201	36522	13748	19.7736870600975	DS60
WECC06343	1499	28035	25296	9253	16.8752501667779	DS60
WECC06344	1741	43282	30100	9111	17.2889144170017	DS60
WECC06346	3366	66913	65923	22793	19.5849673202614	DS60
WECC06348	1613	36779	31104	12770	19.28332300062	DS60
WECC06349	934	17756	16110	6223	17.2483940042827	DS60
WECC06351	4980	97648	102634	39695	20.6092369477912	DS60
WECC06352	3093	83585	60981	18416	19.7158098933075	DS60
WECC06353	1379	26971	24627	8948	17.8585931834663	DS60
WECC06354	788	14226	11325	4368	14.3718274111675	DS60
WECC06355	4360	89782	84568	23120	19.3963302752294	DS60
WECC06356	1191	29897	25672	8081	21.5549958018472	DS60
WECC06357	1447	30652	29445	10579	20.348997926745	DS60
WECC06358	780	18233	12876	3553	16.5076923076923	DS60
WECC06359	2146	51848	46677	14944	21.7506989748369	DS60
WECC06360	4297	100461	81015	26812	18.8538515243193	DS60
WECC06361	1136	24408	20958	6889	18.4489436619718	DS60
WECC06362	645	12579	7627	2518	11.8248062015504	DS60
WECC06363	1382	31894	27706	9862	20.0477568740955	DS60
WECC06368	1390	31977	24723	8392	17.7863309352518	DS60
WECC06370	906	15137	12089	4446	13.3432671081678	DS60
WECC06371	1140	20265	17798	6325	15.6122807017544	DS60
WECC06372	3375	76335	71322	21683	21.1324444444444	DS60
WECC06374	970	21250	17397	5850	17.9350515463918	DS60
WECC06377	396	8087	4383	1484	11.0681818181818	DS60
WECC06378	1770	43704	33661	8015	19.0175141242938	DS60
WECC06382	4312	106575	97981	24286	22.722866419295	DS60
WECC07001	1688	35498	36763	14220	21.779028436019	DS60
WECC07004	8255	246564	221708	63205	26.8574197456087	DS60
WECC07005	2916	83254	76220	24281	26.1385459533608	DS60
WECC07006	2771	68009	70631	27025	25.4893540238181	DS60
WECC07007	740	20820	13922	3804	18.8135135135135	DS60
WECC07008	1939	47689	40201	14656	20.7328519855596	DS60
WECC07011	1405	28191	26956	9600	19.1857651245552	DS60
WECC07012	2973	78703	75722	21246	25.4698957282207	DS60
WECC07015	931	22275	18187	5994	19.5349087003222	DS60
WECC07018	1904	48791	45200	15128	23.7394957983193	DS60
WECC07019	917	23106	18511	6238	20.1864776444929	DS60
WECC07024	2097	76359	62306	11711	29.7119694802098	DS60
WECC07025	1192	31316	23873	6498	20.0276845637584	DS60
WECC07026	972	26760	20813	7241	21.4125514403292	DS60
WECC07027	2826	70182	67402	22465	23.8506723283793	DS60
WECC07029	1701	40384	35593	13408	20.9247501469724	DS60
WECC07030	1226	33718	26332	8172	21.4779771615008	DS60
WECC07031	965	22073	16337	5308	16.9295336787565	DS60
WECC07033	2122	53003	49951	18437	23.5395852968897	DS60
WECC07034	777	19986	13776	5191	17.7297297297297	DS60
WECC07036	1415	39724	33377	12520	23.5879858657244	DS60
WECC07040	1307	34976	31386	8834	24.0137719969396	DS60
WECC07041	871	17023	11235	4313	12.8989667049369	DS60
WECC07042	1196	25182	21524	7183	17.9966555183947	DS60
WECC07044	673	19066	11433	3171	16.9881129271917	DS60
WECC07046	1437	41011	35737	11776	24.8691718858733	DS60
WECC07047	1896	48118	40390	10852	21.3027426160338	DS60
WECC07048	1732	42357	33350	12168	19.2551963048499	DS60
WECC07049	1589	38431	30642	8428	19.2838263058527	DS60
WECC07050	1646	37491	34807	13657	21.1464155528554	DS60
WECC07051	753	17742	13526	4624	17.9628154050465	DS60
WECC07052	1200	28441	24459	9184	20.3825	DS60
WECC07055	927	25263	17235	4523	18.5922330097087	DS60
WECC07057	1665	42065	35807	12627	21.5057057057057	DS60
WECC07058	1632	36317	32620	12003	19.9877450980392	DS60
WECC07060	974	20877	17250	5787	17.7104722792608	DS60
WECC07061	1676	48281	40680	14047	24.272076372315	DS60
WECC07066	800	16519	11862	4223	14.8275	DS60
WECC07068	2306	55048	56501	20897	24.5017346053773	DS60
WECC07069	1869	45903	40033	14010	21.4194756554307	DS60
WECC07070	927	24453	17996	5379	19.4131607335491	DS60
WECC07071	3682	104657	99912	29759	27.1352525801195	DS60
WECC07075	2231	66063	56377	14782	25.2698341550874	DS60
WECC07080	1221	28969	23996	8040	19.6527436527437	DS60
WECC07081	1350	35866	29341	8994	21.7340740740741	DS60
WECC07082	3071	84206	79531	24446	25.89742754803	DS60
WECC07086	3640	91250	89494	31453	24.5862637362637	DS60
WECC07088	2982	76319	71772	22506	24.0684104627767	DS60
WECC07089	1743	42474	37556	12442	21.5467584624211	DS60
WECC07090	682	16853	10976	3355	16.0938416422287	DS60
WECC07093	5976	157977	156257	56170	26.1474230254351	DS60
WECC07094	2129	57986	53221	16096	24.9981211836543	DS60
WECC07095	1994	53883	49297	14266	24.722668004012	DS60
WECC07098	1244	29372	28486	10539	22.8987138263666	DS60
WECC07099	8155	239700	222505	62303	27.2844880441447	DS60
WECC07101	1376	25240	27059	8564	19.6649709302326	DS60
WECC07102	1067	26711	22750	6312	21.3214620431115	DS60
WECC07103	896	22789	18690	6226	20.859375	DS60
WECC07104	656	19385	14969	3310	22.8185975609756	DS60
WECC07105	845	24246	16969	3566	20.0816568047337	DS60
WECC07108	4040	105711	108454	29794	26.8450495049505	DS60
WECC07109	1353	34534	29876	10635	22.0813008130081	DS60
WECC07110	1675	41025	35717	11118	21.3235820895522	DS60
WECC07111	881	23898	18071	4708	20.5119182746879	DS60
WECC07112	1588	42378	39086	12563	24.6133501259446	DS60
WECC07115	554	14081	10711	3496	19.3339350180505	DS60
WECC07116	1789	43264	43525	16206	24.3292342090553	DS60
WECC07117	2753	63732	65585	24071	23.8231020704686	DS60
WECC07118	1962	51015	46986	13675	23.9480122324159	DS60
WECC07119	850	22759	16085	4791	18.9235294117647	DS60
WECC07120	2706	76880	72340	21912	26.7331855136733	DS60
WECC07121	959	25812	18773	5565	19.5755995828989	DS60
WECC07123	1879	41089	45531	19389	24.2315061202767	DS60
WECC07124	1408	29632	31452	12974	22.3380681818182	DS60
WECC07126	4012	101800	106451	35566	26.5331505483549	DS60
WECC07127	886	18869	15506	5280	17.5011286681716	DS60
WECC07128	1822	61998	48888	11349	26.8320526893524	DS60
WECC07130	827	19441	14277	4676	17.2636033857316	DS60
WECC07132	670	16025	10685	3242	15.9477611940299	DS60
WECC07136	1732	42695	39481	14088	22.7950346420323	DS60
WECC07138	1045	21620	17448	5753	16.6966507177034	DS60
WECC07139	1413	39578	34940	11007	24.7275300778486	DS60
WECC07141	725	17651	12187	3864	16.8096551724138	DS60
WECC07142	1307	27534	24437	9028	18.6970160673298	DS60
WECC07143	5787	153257	149802	51085	25.8859512700881	DS60
WECC07146	955	20213	16364	5974	17.1350785340314	DS60
WECC07147	1101	26589	21103	6771	19.1671207992734	DS60
WECC07149	761	18493	12183	3620	16.0091984231275	DS60
WECC07150	3579	83945	83878	29554	23.4361553506566	DS60
WECC07152	784	19385	14168	4832	18.0714285714286	DS60
WECC07155	908	20349	17007	5838	18.7301762114537	DS60
WECC07158	825	19052	14172	4649	17.1781818181818	DS60
WECC07160	2149	55762	44172	13598	20.5546765937645	DS60
WECC07165	1186	29179	23493	7382	19.8086003372681	DS60
WECC07166	1716	40403	37476	13917	21.8391608391608	DS60
WECC07167	1019	26135	20116	6444	19.7409224730128	DS60
WECC07168	912	21964	17049	4939	18.6940789473684	DS60
WECC07169	929	27294	20645	6308	22.2228202368138	DS60
WECC07172	1294	36850	29807	9707	23.0347758887172	DS60
WECC07173	897	20688	17273	6417	19.2564102564103	DS60
WECC07174	1910	46758	42791	13362	22.403664921466	DS60
WECC07176	1874	52455	45020	14926	24.0234791889008	DS60
WECC07177	1320	30555	28458	11241	21.5590909090909	DS60
WECC07178	751	18675	13348	4243	17.7736351531292	DS60
WECC07179	1047	28408	23786	6328	22.7182425978988	DS60
WECC07181	1527	37308	36063	12499	23.6168958742633	DS60
WECC07182	796	18118	11863	3904	14.9032663316583	DS60
WECC07184	2942	78807	77094	25204	26.2046227056424	DS60
WECC07187	1552	41010	36783	12952	23.7003865979382	DS60
WECC07189	1761	46981	42393	12155	24.0732538330494	DS60
WECC07190	4496	120300	108475	25334	24.1270017793594	DS60
WECC07191	4816	115084	118044	38762	24.5107973421927	DS60
WECC07195	1461	44879	34700	8755	23.750855578371	DS60
WECC07198	2640	70999	67526	24063	25.5780303030303	DS60
WECC07199	1112	30238	20159	5609	18.1285971223022	DS60
WECC07200	8409	227926	215915	64915	25.6766559638483	DS60
WECC07205	1345	32285	31532	11283	23.4438661710037	DS60
WECC07206	1212	25743	22469	7988	18.5387788778878	DS60
WECC07208	1767	49786	41365	13149	23.4097340124505	DS60
WECC07209	1073	25090	22396	8287	20.8723205964585	DS60
WECC07212	1687	46781	41260	10671	24.457617071725	DS60
WECC07213	2107	52853	51723	17081	24.5481727574751	DS60
WECC07214	964	21406	16089	5645	16.6898340248963	DS60
WECC07216	982	25029	15821	4778	16.1109979633401	DS60
WECC07218	727	16450	10452	3382	14.3768913342503	DS60
WECC07219	1533	35389	33813	12358	22.0567514677104	DS60
WECC07220	661	13713	11307	3502	17.1059001512859	DS60
WECC07221	1482	37521	33127	12862	22.3529014844804	DS60
WECC07223	2283	60900	54514	15226	23.8782303985983	DS60
WECC07224	1224	33989	25287	7871	20.6593137254902	DS60
WECC07225	3056	74888	69038	20952	22.5909685863874	DS60
WECC07226	679	15987	10660	3565	15.699558173785	DS60
WECC07227	1178	30113	26460	8669	22.4617996604414	DS60
WECC07229	1226	27628	24068	8894	19.63132137031	DS60
WECC07230	2395	63111	59374	23221	24.7908141962422	DS60
WECC07233	1180	29318	24369	8010	20.6516949152542	DS60
WECC07236	2884	77802	69148	19062	23.9764216366158	DS60
WECC07237	1224	26214	22050	7951	18.0147058823529	DS60
WECC07238	1627	39953	34989	13051	21.5052243392747	DS60
WECC07239	1428	34191	28066	8946	19.6540616246499	DS60
WECC07240	2196	55260	46825	17119	21.3228597449909	DS60
WECC07242	1541	35820	31952	10054	20.7345879299156	DS60
WECC07244	1490	39394	30383	9903	20.3912751677852	DS60
WECC07246	1716	40741	35628	12318	20.7622377622378	DS60
WECC07247	2237	61561	53729	17264	24.0183281180152	DS60
WECC07248	5299	121664	127198	47495	24.0041517267409	DS60
WECC07249	1408	35180	30327	11289	21.5390625	DS60
WECC07250	3009	97374	82803	25525	27.518444666002	DS60
WECC07251	1020	24765	20716	8058	20.3098039215686	DS60
WECC07253	1501	37737	34304	11879	22.8540972684877	DS60
WECC07256	2578	88037	73008	19634	28.3196276183088	DS60
WECC07257	698	15412	9567	2985	13.7063037249284	DS60
WECC07259	1705	44517	39461	13552	23.1442815249267	DS60
WECC07260	879	29777	18059	3803	20.5449374288965	DS60
WECC07261	1047	27207	18428	5598	17.6007640878701	DS60
WECC07262	1618	43846	35609	12911	22.0080346106304	DS60
WECC07263	2774	65398	67969	25338	24.5021629416006	DS60
WECC07264	7174	211270	203527	66528	28.3700864231949	DS60
WECC07265	959	23404	16263	5460	16.9582898852972	DS60
WECC07266	805	17223	14597	5401	18.1329192546584	DS60
WECC07267	1008	23177	21614	7979	21.4424603174603	DS60
WECC07268	4073	108081	107730	34543	26.4497913086177	DS60
WECC07269	969	24903	18979	5650	19.5861713106295	DS60
WECC07270	1614	51230	39396	11125	24.4089219330855	DS60
WECC07273	743	19238	11930	3440	16.0565275908479	DS60
WECC07274	1562	37887	36657	14124	23.4679897567222	DS60
WECC07276	1225	27924	27192	10191	22.1975510204082	DS60
WECC07277	1246	28549	26091	10166	20.9398073836276	DS60
WECC07278	3844	97320	100083	34707	26.0361602497399	DS60
WECC07280	1857	44427	41996	15389	22.6149703823371	DS60
WECC07284	2178	45174	47192	17428	21.6675849403122	DS60
WECC07285	1033	27973	24679	6922	23.890609874153	DS60
WECC07286	3006	81490	82067	29233	27.3010645375915	DS60
WECC07288	2207	50311	44726	15340	20.2655188038061	DS60
WECC07290	1524	37577	33782	12311	22.1666666666667	DS60
WECC07291	2831	70389	74095	22246	26.1727304839279	DS60
WECC07294	774	20801	14750	4402	19.0568475452196	DS60
WECC07295	702	14966	11398	3744	16.2364672364672	DS60
WECC07296	1188	26331	27084	10343	22.7979797979798	DS60
WECC07297	982	27716	20679	7132	21.0580448065173	DS60
WECC07298	2764	66647	67741	23693	24.5083212735166	DS60
WECC07299	1327	30534	28217	10847	21.2637528259231	DS60
WECC07300	2147	70658	61829	17063	28.7978574755473	DS60
WECC07301	1441	34415	28595	10360	19.8438584316447	DS60
WECC07303	2177	54462	49205	15454	22.6022048690859	DS60
WECC07304	4799	136728	125428	37100	26.1362783913315	DS60
WECC07308	592	16364	10278	3476	17.3614864864865	DS60
WECC07311	1289	32652	24081	8519	18.6819239720714	DS60
WECC07312	2709	72601	66422	19456	24.5190107050572	DS60
WECC07318	1940	51220	49716	17532	25.6268041237113	DS60
WECC07319	1594	43048	33595	7622	21.0759096612296	DS60
WECC07320	1525	42317	35285	10972	23.1377049180328	DS60
WECC07321	1346	26927	27383	11241	20.3439821693908	DS60
WECC07322	858	20217	16109	5951	18.7750582750583	DS60
WECC07324	682	14070	9803	3255	14.3739002932551	DS60
WECC07326	1545	44326	32928	11457	21.3126213592233	DS60
WECC07327	4353	95931	97216	33574	22.333103606708	DS60
WECC07329	1239	28530	28502	11976	23.0040355125101	DS60
WECC07331	879	22719	18486	6529	21.0307167235495	DS60
WECC07333	3120	71739	71739	27715	22.9932692307692	DS60
WECC07334	1395	29553	23992	8415	17.1985663082437	DS60
WECC07336	3280	65129	64070	23512	19.5335365853659	DS60
WECC07338	1573	38183	34481	13595	21.9205340114431	DS60
WECC07339	3611	91257	90723	33222	25.1240653558571	DS60
WECC07343	8271	235143	233728	64495	28.2587353403458	DS60
WECC07344	2825	76460	70713	21387	25.0311504424779	DS60
WECC07347	635	15245	8599	2721	13.5417322834646	DS60
WECC07348	1370	30630	27283	10467	19.914598540146	DS60
WECC07351	940	25437	17557	5206	18.6776595744681	DS60
WECC07352	2556	68396	68589	26258	26.8345070422535	DS60
WECC07353	891	19985	15533	5230	17.4332210998878	DS60
WECC07354	1733	43500	41280	14975	23.8199653779573	DS60
WECC07356	1853	45916	40239	12885	21.7155963302752	DS60
WECC07357	760	17005	12034	4189	15.8342105263158	DS60
WECC07358	2652	65258	56048	19545	21.1342383107089	DS60
WECC07360	3527	93202	91586	30445	25.967110859087	DS60
WECC07362	2882	85624	77572	18862	26.9160305343511	DS60
WECC07363	1795	49592	45538	14476	25.3693593314763	DS60
WECC07365	1294	29444	23715	8605	18.3268933539413	DS60
WECC07366	1613	45194	37936	9335	23.5189088654681	DS60
WECC07367	1608	52365	43345	11151	26.9558457711443	DS60
WECC07368	1799	38893	40219	14292	22.3563090605892	DS60
WECC07370	897	21547	18132	5906	20.2140468227425	DS60
WECC07372	1542	38955	36785	12275	23.8553826199741	DS60
WECC07376	722	17347	13313	4232	18.4390581717452	DS60
WECC07377	359	7019	4277	1295	11.9136490250696	DS60
WECC07378	3724	89987	96542	38557	25.9242749731472	DS60
WECC07379	894	30107	19220	4484	21.4988814317673	DS60
WECC07380	4243	101237	112142	42611	26.4298845156729	DS60
WECC07381	744	18250	13491	4126	18.133064516129	DS60
WECC07382	738	15688	12993	3941	17.6056910569106	DS60
WECC07383	1788	45327	40184	14393	22.4742729306488	DS60
WECC07384	3009	68879	71204	21516	23.6636756397474	DS60
WECC08001	1447	33584	29128	10473	20.1299239806496	DS60
WECC08002	2354	62504	60914	20031	25.8768054375531	DS60
WECC08004	920	23061	19047	6054	20.7032608695652	DS60
WECC08006	2396	69579	55196	16995	23.0367278797997	DS60
WECC08007	1066	24978	21561	6947	20.2260787992495	DS60
WECC08011	1464	37203	36721	12323	25.082650273224	DS60
WECC08013	672	14896	12372	3644	18.4107142857143	DS60
WECC08015	1245	38690	29575	7928	23.7550200803213	DS60
WECC08017	355	5960	4589	1674	12.9267605633803	DS60
WECC08018	684	18077	12154	3605	17.7690058479532	DS60
WECC08019	643	14977	12265	4641	19.0746500777605	DS60
WECC08020	923	22231	19729	5756	21.3748645720477	DS60
WECC08022	582	14610	11747	3960	20.1838487972509	DS60
WECC08024	2122	54100	45965	15914	21.6611687087653	DS60
WECC08026	863	23676	18184	5017	21.0706836616454	DS60
WECC08027	1239	28744	25350	9463	20.4600484261501	DS60
WECC08033	1470	36849	33030	11211	22.469387755102	DS60
WECC08035	2155	64093	59234	16251	27.4867749419954	DS60
WECC08036	764	20855	14184	4352	18.565445026178	DS60
WECC08039	1108	30168	22167	5938	20.0063176895307	DS60
WECC08040	689	17385	13446	3474	19.5152394775036	DS60
WECC08041	1807	56341	47525	11340	26.300498063088	DS60
WECC08042	689	16228	11207	3584	16.2656023222061	DS60
WECC08043	2569	95813	82774	17860	32.2203191903464	DS60
WECC08044	1024	27225	25972	9699	25.36328125	DS60
WECC08045	1364	33575	32822	10403	24.0630498533724	DS60
WECC08046	1421	41485	37565	10561	26.4356087262491	DS60
WECC08047	898	24061	18332	4972	20.4142538975501	DS60
WECC08048	1963	47944	41589	15364	21.1864493122771	DS60
WECC08049	641	13430	10300	3054	16.0686427457098	DS60
WECC08051	3436	95379	87198	26276	25.3777648428405	DS60
WECC08052	633	16803	10716	3362	16.9289099526066	DS60
WECC08054	847	28493	21886	4528	25.8394332939788	DS60
WECC08056	1251	36287	27977	7716	22.3637090327738	DS60
WECC08060	555	15975	10810	2855	19.4774774774775	DS60
WECC08061	1208	46456	33906	8627	28.067880794702	DS60
WECC08062	1856	48821	45960	14604	24.7629310344828	DS60
WECC08063	2773	88085	78335	18856	28.2491886043996	DS60
WECC08065	2017	54608	53205	17320	26.378284581061	DS60
WECC08067	3790	85758	98748	38993	26.0548812664908	DS60
WECC08068	10785	278555	320098	108773	29.6799258229022	DS60
WECC08070	1382	40011	36262	10845	26.2387843704776	DS60
WECC08072	1029	27785	21579	6055	20.9708454810496	DS60
WECC08073	833	23882	16135	3999	19.3697478991597	DS60
WECC08074	1939	42991	43745	14934	22.5605982465188	DS60
WECC08076	285	7352	3803	1137	13.3438596491228	DS60
WECC08077	873	23674	18487	5977	21.176403207331	DS60
WECC08078	512	13336	11647	3010	22.748046875	DS60
WECC08079	1103	35553	28629	7343	25.9555757026292	DS60
WECC08081	1261	33557	29870	8685	23.6875495638382	DS60
WECC08082	592	15928	10718	2414	18.1047297297297	DS60
WECC08083	887	23500	18271	5516	20.5986471251409	DS60
WECC08086	4081	131059	126791	34190	31.0686106346484	DS60
WECC08090	2115	51538	51498	15918	24.3489361702128	DS60
WECC08092	1545	32642	29911	11295	19.3598705501618	DS60
WECC08093	1077	25911	25333	10303	23.5218198700093	DS60
WECC08097	867	28724	21061	6526	24.2918108419839	DS60
WECC08098	673	18562	13040	3687	19.3759286775632	DS60
WECC08100	3217	82438	84279	29223	26.198010568853	DS60
WECC08101	661	14165	13227	3692	20.0105900151286	DS60
WECC08102	2575	86448	80740	19827	31.3553398058252	DS60
WECC08103	1463	45106	35747	10664	24.434039644566	DS60
WECC08104	735	18791	17350	5490	23.6054421768708	DS60
WECC08106	1112	25833	24257	8539	21.8138489208633	DS60
WECC08108	360	8103	5929	1813	16.4694444444444	DS60
WECC08109	604	16535	15069	4460	24.9486754966887	DS60
WECC08110	2089	61494	61535	16937	29.4566778362853	DS60
WECC08111	1154	30202	24802	8047	21.4922010398614	DS60
WECC08112	869	22134	17727	4912	20.3993095512083	DS60
WECC08114	2036	54102	51434	18198	25.262278978389	DS60
WECC08118	1847	47766	45078	14950	24.406063887385	DS60
WECC08119	2181	66850	60282	16970	27.6396148555708	DS60
WECC08121	690	18241	12610	3386	18.2753623188406	DS60
WECC08122	745	15670	12194	4001	16.3677852348993	DS60
WECC08124	879	21445	19103	6563	21.7326507394767	DS60
WECC08125	524	20505	14789	2738	28.2232824427481	DS60
WECC08128	1501	39821	36080	11078	24.037308461026	DS60
WECC08129	1231	30135	28050	8700	22.7863525588952	DS60
WECC08132	516	14581	10367	3330	20.0910852713178	DS60
WECC08133	1016	22937	21058	7393	20.7263779527559	DS60
WECC08134	897	21324	18170	5957	20.2564102564103	DS60
WECC08138	1527	41115	40529	12511	26.5415848068107	DS60
WECC08141	936	26568	22784	7636	24.3418803418803	DS60
WECC08142	1135	24809	25656	9308	22.6044052863436	DS60
WECC08146	3565	103799	104064	26753	29.1904628330996	DS60
WECC08147	1230	28711	27441	9645	22.309756097561	DS60
WECC08150	2744	155088	131149	14232	47.7948250728863	DS60
WECC08152	1337	41138	36173	9655	27.0553477935677	DS60
WECC08153	1271	29050	28807	10842	22.6648308418568	DS60
WECC08154	1315	27524	24928	9290	18.9566539923954	DS60
WECC08156	2514	63789	67375	23104	26.7999204455052	DS60
WECC08160	1496	38174	32676	10205	21.8422459893048	DS60
WECC08161	1871	48258	44653	14617	23.8658471405665	DS60
WECC08163	1849	45605	45072	16709	24.3764196863169	DS60
WECC08165	1721	41155	44776	15959	26.0174317257409	DS60
WECC08166	1315	33590	24831	8162	18.8828897338403	DS60
WECC08168	712	16166	12387	3677	17.3974719101124	DS60
WECC08169	1124	32111	28953	8299	25.758896797153	DS60
WECC08170	964	28087	20287	5287	21.0446058091286	DS60
WECC08171	1267	34322	35540	12308	28.0505130228887	DS60
WECC08172	1113	24500	22802	7650	20.4869721473495	DS60
WECC08174	1080	26939	21567	7259	19.9694444444444	DS60
WECC08175	1101	40174	31234	6552	28.3687556766576	DS60
WECC08176	1182	36872	30554	8064	25.8494077834179	DS60
WECC08177	419	8899	4659	1243	11.1193317422434	DS60
WECC08178	1206	38113	32458	8787	26.9137645107794	DS60
WECC08179	4206	121441	125429	36672	29.8214455539705	DS60
WECC08182	987	27455	23588	7067	23.8986828774063	DS60
WECC08183	1855	52606	47385	13849	25.544474393531	DS60
WECC08184	535	14373	10227	3414	19.1158878504673	DS60
WECC08186	5784	172769	176150	52855	30.4547026279391	DS60
WECC08187	1794	44270	45214	14832	25.2028985507246	DS60
WECC08189	1148	27273	26031	8927	22.6750871080139	DS60
WECC08190	1776	45203	41177	10963	23.1852477477478	DS60
WECC08192	1172	33198	32116	7387	27.4027303754266	DS60
WECC08193	861	23942	18915	6080	21.9686411149826	DS60
WECC08194	834	25266	20262	5503	24.294964028777	DS60
WECC08195	1718	45139	43649	13620	25.406868451688	DS60
WECC08197	1116	30403	28237	9353	25.3019713261649	DS60
WECC08198	1213	33014	28553	8283	23.5391591096455	DS60
WECC08199	2611	74796	66579	19753	25.4994255074684	DS60
WECC08201	738	18310	17423	5815	23.6084010840108	DS60
WECC08202	689	16897	14109	4018	20.477503628447	DS60
WECC08204	1663	42969	43115	14115	25.9260372820205	DS60
WECC08205	340	7810	6266	1800	18.4294117647059	DS60
WECC08210	737	18724	14818	4431	20.1058344640434	DS60
WECC08211	980	22766	20604	6955	21.0244897959184	DS60
WECC08212	2556	81976	78832	19091	30.8419405320814	DS60
WECC08216	1373	41484	30243	8040	22.0269482884195	DS60
WECC08217	601	19002	12135	2992	20.1913477537438	DS60
WECC08218	421	8747	6049	1833	14.3681710213777	DS60
WECC08223	2319	59937	55606	18301	23.97843898232	DS60
WECC08224	1264	34479	23173	6336	18.3330696202532	DS60
WECC08226	782	21299	17610	3953	22.5191815856778	DS60
WECC08229	511	11147	8573	2993	16.7769080234834	DS60
WECC08234	631	16075	11101	3025	17.5927099841521	DS60
WECC08235	1204	37639	31619	7548	26.2616279069768	DS60
WECC08236	601	15731	11899	2893	19.7986688851913	DS60
WECC08237	704	17429	16288	5225	23.1363636363636	DS60
WECC08238	1687	41142	42214	16076	25.0231179608773	DS60
WECC08241	1697	45931	41037	13257	24.182086034178	DS60
WECC08242	594	15839	10323	2859	17.3787878787879	DS60
WECC08244	804	21590	18764	5988	23.3383084577114	DS60
WECC08246	2668	76120	79953	23440	29.9673913043478	DS60
WECC08247	1336	41225	32569	8089	24.3779940119761	DS60
WECC08249	2022	57189	52482	16428	25.9554896142433	DS60
WECC08250	1330	31411	28315	10360	21.2894736842105	DS60
WECC08251	1053	22961	21256	8193	20.1861348528015	DS60
WECC08252	1471	43140	37178	10648	25.2739632902787	DS60
WECC08255	1538	40635	32906	10784	21.3953185955787	DS60
WECC08257	1777	40510	39452	14370	22.2014631401238	DS60
WECC08258	1722	31264	36256	15299	21.054587688734	DS60
WECC08259	777	18359	16159	5834	20.7966537966538	DS60
WECC08260	2285	80618	64730	14231	28.328227571116	DS60
WECC08261	667	18577	14831	3556	22.2353823088456	DS60
WECC08262	1315	40329	35747	9859	27.184030418251	DS60
WECC08264	2672	79658	72899	20147	27.2825598802395	DS60
WECC08265	2274	50140	57031	22086	25.0795954265611	DS60
WECC08266	5213	162124	154979	40997	29.7293305198542	DS60
WECC08267	916	26134	20092	5127	21.9344978165939	DS60
WECC08269	825	21290	18189	6240	22.0472727272727	DS60
WECC08270	703	18783	14502	4145	20.628733997155	DS60
WECC08271	1146	35383	25203	6887	21.9921465968586	DS60
WECC08272	1326	31280	25150	8303	18.9668174962293	DS60
WECC08273	855	20734	16958	5804	19.833918128655	DS60
WECC08276	856	24554	19340	4739	22.5934579439252	DS60
WECC08277	508	14107	10313	2850	20.3011811023622	DS60
WECC08280	1249	29546	26305	8915	21.0608486789432	DS60
WECC08281	595	14254	10329	3319	17.3596638655462	DS60
WECC08282	827	20239	16366	5808	19.7896009673519	DS60
WECC08283	892	25448	20063	4781	22.4921524663677	DS60
WECC08291	942	28320	25036	7180	26.5774946921444	DS60
WECC08292	2070	60967	59538	18096	28.7623188405797	DS60
WECC08293	1708	39956	39507	13889	23.1305620608899	DS60
WECC08298	605	14908	9387	2580	15.5157024793388	DS60
WECC08300	1193	31636	29586	10250	24.7996647108131	DS60
WECC08301	3581	85673	94646	34214	26.430047472773	DS60
WECC08302	592	18021	11757	3120	19.8597972972973	DS60
WECC08305	2278	69925	66043	18070	28.9916593503073	DS60
WECC08306	1117	25901	23611	7982	21.1378692927484	DS60
WECC08309	337	6986	5623	1803	16.6854599406528	DS60
WECC08310	639	16431	12407	3667	19.4162754303599	DS60
WECC08311	781	21316	13927	4163	17.8322663252241	DS60
WECC08313	714	17470	10826	2861	15.1624649859944	DS60
WECC08315	909	25562	21406	6192	23.5489548954895	DS60
WECC08316	3607	82577	99576	37566	27.6063210424175	DS60
WECC08318	1659	40136	38089	12851	22.9590114526823	DS60
WECC08319	1249	26850	26284	9562	21.0440352281826	DS60
WECC08320	2766	87801	80586	21074	29.1344902386117	DS60
WECC08322	476	10278	7188	2203	15.1008403361345	DS60
WECC08323	433	9417	6606	1987	15.256351039261	DS60
WECC08325	2105	54560	54064	19242	25.6836104513064	DS60
WECC08326	1554	41636	39207	12806	25.2297297297297	DS60
WECC08327	2987	66751	64940	21139	21.7408771342484	DS60
WECC08330	1011	22819	20836	7593	20.6092977250247	DS60
WECC08332	733	15582	14394	5970	19.6371077762619	DS60
WECC08333	661	14151	13688	4710	20.7080181543117	DS60
WECC08336	936	20308	15525	4104	16.5865384615385	DS60
WECC08337	617	14192	10270	3645	16.645056726094	DS60
WECC08339	1238	32722	31068	10305	25.0953150242326	DS60
WECC08341	1376	30840	32111	12077	23.3364825581395	DS60
WECC08343	1773	53125	42485	10365	23.9622109419064	DS60
WECC08346	957	26614	21668	6019	22.6415882967607	DS60
WECC08347	2309	56875	59117	19717	25.6028583802512	DS60
WECC08348	387	9306	5651	1940	14.6020671834625	DS60
WECC08349	772	20587	16409	4809	21.2551813471503	DS60
WECC08351	1147	29569	24060	7895	20.976460331299	DS60
WECC08352	2321	64775	62577	22993	26.9612236105127	DS60
WECC08353	959	20570	20772	7824	21.6600625651721	DS60
WECC08354	1702	45492	42238	13575	24.8166862514689	DS60
WECC08357	1315	34262	31304	10528	23.8053231939164	DS60
WECC08359	1161	31675	24435	7065	21.046511627907	DS60
WECC08360	1612	41116	39984	13891	24.8039702233251	DS60
WECC08362	2685	70882	68066	22209	25.3504655493482	DS60
WECC08364	1883	36387	37724	14850	20.0339883165162	DS60
WECC08365	578	17064	13142	3608	22.7370242214533	DS60
WECC08367	929	24712	19824	6064	21.3390742734123	DS60
WECC08370	2526	75593	76114	21338	30.132224861441	DS60
WECC08374	2369	66880	63736	20297	26.9041789784719	DS60
WECC08375	1693	61663	47468	10914	28.0378027170703	DS60
WECC08378	726	19262	12231	3217	16.8471074380165	DS60
WECC08379	922	24628	14120	4047	15.3145336225597	DS60
WECC08381	756	17772	14572	5078	19.2751322751323	DS60
WECC08382	1899	47400	49226	17998	25.9220642443391	DS60
WECC08384	207	4657	2698	676	13.0338164251208	DS60
WECC09001	2191	50640	42496	13365	19.3957097215883	DS60
WECC09002	11569	256714	227134	73079	19.6329847004927	DS60
WECC09004	1335	28085	22253	6477	16.6689138576779	DS60
WECC09005	6122	144026	123806	36436	20.2231296961777	DS60
WECC09006	1568	35941	28813	8955	18.375637755102	DS60
WECC09007	925	22199	15959	4174	17.252972972973	DS60
WECC09009	1311	30074	22173	5277	16.9130434782609	DS60
WECC09011	1409	30052	22604	7655	16.0425833924769	DS60
WECC09012	786	15865	10738	2708	13.6615776081425	DS60
WECC09013	2109	38839	34819	12949	16.5097202465624	DS60
WECC09016	1088	22275	16895	5565	15.5284926470588	DS60
WECC09019	745	18398	11621	2930	15.5986577181208	DS60
WECC09020	1632	30671	27361	8884	16.765318627451	DS60
WECC09021	748	14747	9596	2869	12.8288770053476	DS60
WECC09022	3451	82750	73002	21931	21.1538684439293	DS60
WECC09025	2385	50785	43411	14216	18.201677148847	DS60
WECC09027	1482	29871	24067	7929	16.2395411605938	DS60
WECC09028	5022	106947	93890	26695	18.6957387495022	DS60
WECC09029	4190	96048	81115	28366	19.3591885441527	DS60
WECC09030	5416	126965	118585	36397	21.8953101920236	DS60
WECC09031	1098	19946	17723	6462	16.1411657559199	DS60
WECC09032	1123	23605	18272	5555	16.2707034728406	DS60
WECC09033	4569	122240	99958	24306	21.8774348872839	DS60
WECC09035	1802	36530	30469	10234	16.9084350721421	DS60
WECC09036	1120	20073	16850	5724	15.0446428571429	DS60
WECC09037	1027	20742	14009	4609	13.6407010710808	DS60
WECC09039	2695	60072	51411	15579	19.0764378478664	DS60
WECC09040	4049	89743	87195	27810	21.5349469004693	DS60
WECC09041	1388	28495	20882	6749	15.0446685878963	DS60
WECC09042	1446	24054	20527	7100	14.1957123098202	DS60
WECC09043	1472	28273	24008	8431	16.3097826086957	DS60
WECC09045	2644	53747	52322	16144	19.7889561270802	DS60
WECC09049	4567	88316	76281	23750	16.7026494416466	DS60
WECC09054	2575	47705	44057	15366	17.1095145631068	DS60
WECC09055	1815	35717	30728	11191	16.9300275482094	DS60
WECC09057	2784	59399	50289	16108	18.0635775862069	DS60
WECC09058	2727	57645	50168	16893	18.3967730106344	DS60
WECC09059	3204	86447	63100	20404	19.6941323345818	DS60
WECC09060	2973	65891	53122	19127	17.8681466532122	DS60
WECC09061	2084	43435	37198	13806	17.8493282149712	DS60
WECC09062	2563	51194	45152	15822	17.6168552477565	DS60
WECC09064	1383	28187	21008	5890	15.1901663051338	DS60
WECC09065	2258	42912	39038	13855	17.2887511071745	DS60
WECC09067	4066	89179	87388	29649	21.4923757993114	DS60
WECC09069	1092	22033	15861	4583	14.5247252747253	DS60
WECC09071	2324	61132	50450	13821	21.7082616179002	DS60
WECC09073	2290	53305	45097	13729	19.6930131004367	DS60
WECC09074	3005	71260	60397	15589	20.0988352745424	DS60
WECC09075	3142	66608	58899	18774	18.7457033736474	DS60
WECC09078	2133	40133	36045	12969	16.8987341772152	DS60
WECC09079	2651	60246	51867	15371	19.5650697849868	DS60
WECC09080	497	9305	5764	1703	11.5975855130785	DS60
WECC09081	2223	61659	47633	11391	21.4273504273504	DS60
WECC09082	776	14570	7484	2088	9.64432989690722	DS60
WECC09083	6626	148401	134806	37155	20.3450045276185	DS60
WECC09084	6066	153402	129137	31543	21.2886580942961	DS60
WECC09085	1833	44240	34892	11518	19.0354609929078	DS60
WECC09086	2049	47982	40332	10218	19.6837481698389	DS60
WECC09087	3666	73901	73465	25078	20.0395526459356	DS60
WECC09089	7262	202724	178931	38753	24.6393555494354	DS60
WECC09090	2027	35486	32802	12508	16.1825357671436	DS60
WECC09091	5656	135604	114202	40886	20.1913012729844	DS60
WECC09092	1544	27051	20576	6892	13.3264248704663	DS60
WECC09094	2039	40316	35507	11627	17.4139283962727	DS60
WECC09095	2849	67566	58266	14579	20.4513864513865	DS60
WECC09098	654	12130	7972	2181	12.1896024464832	DS60
WECC09099	1591	35315	27935	8387	17.5581395348837	DS60
WECC09100	1405	27895	21912	6741	15.5957295373665	DS60
WECC09102	2101	43154	37509	12506	17.8529271775345	DS60
WECC09103	2419	51428	46676	14275	19.2955766845804	DS60
WECC09105	3425	80234	73392	22724	21.4283211678832	DS60
WECC09106	1556	32790	25711	8388	16.5237789203085	DS60
WECC09110	1986	42932	31745	10594	15.984390735146	DS60
WECC09111	1166	30358	22862	6030	19.6072041166381	DS60
WECC09112	1544	29016	27167	9414	17.595207253886	DS60
WECC09113	2244	47835	39469	11160	17.5886809269162	DS60
WECC09114	2266	49314	43925	13463	19.3843777581642	DS60
WECC09115	1666	42514	31363	9057	18.8253301320528	DS60
WECC09116	1317	26846	20262	6787	15.3849658314351	DS60
WECC09117	5257	102721	101141	33326	19.2392999809777	DS60
WECC09118	1028	20393	14574	4234	14.1770428015564	DS60
WECC09120	2137	52527	47033	10353	22.0088909686476	DS60
WECC09121	3068	78916	70646	17049	23.0267275097784	DS60
WECC09123	6194	164388	143525	34357	23.1716176945431	DS60
WECC09124	1557	31991	26467	8492	16.9987154784843	DS60
WECC09125	3031	76867	66683	17760	22.0003299241175	DS60
WECC09126	1214	22992	20425	7385	16.8245469522241	DS60
WECC09128	1386	34315	22281	5970	16.0757575757576	DS60
WECC09130	1556	33060	25807	7442	16.5854755784062	DS60
WECC09133	3332	63447	60476	20303	18.1500600240096	DS60
WECC09135	2106	42490	36990	11645	17.5641025641026	DS60
WECC09137	1374	35572	22729	7398	16.5422125181951	DS60
WECC09140	724	15677	9523	2890	13.1533149171271	DS60
WECC09141	3101	61723	57833	19954	18.6497903901967	DS60
WECC09143	5157	127122	114945	32768	22.2891215823153	DS60
WECC09144	1255	27982	22680	7207	18.0717131474104	DS60
WECC09145	4489	102707	95357	28112	21.2423702383604	DS60
WECC09146	1198	25373	17899	5299	14.940734557596	DS60
WECC09147	1713	33175	28242	10251	16.4868651488616	DS60
WECC09148	1424	35512	25601	6123	17.9782303370787	DS60
WECC09149	8558	216960	209510	50674	24.4811871932695	DS60
WECC09151	4084	90152	83001	28582	20.3234573947111	DS60
WECC09152	1775	32727	31533	10734	17.7650704225352	DS60
WECC09155	1265	24488	22109	7018	17.4774703557312	DS60
WECC09156	1992	43850	34573	11572	17.3559236947791	DS60
WECC09158	3044	65950	58275	14939	19.1442181340342	DS60
WECC09159	1140	24058	17268	5156	15.1473684210526	DS60
WECC09160	1557	39826	30414	6542	19.5337186897881	DS60
WECC09161	1883	35561	27548	8878	14.6298459904408	DS60
WECC09162	2207	60083	46124	11690	20.8989578613503	DS60
WECC09163	1212	25967	18059	4601	14.9001650165017	DS60
WECC09164	5477	117102	105389	35429	19.2421033412452	DS60
WECC09165	1559	24969	23091	8722	14.8114175753688	DS60
WECC09166	2970	63313	55922	19437	18.8289562289562	DS60
WECC09168	1666	29691	23539	8159	14.1290516206483	DS60
WECC09169	874	17391	11057	3289	12.6510297482838	DS60
WECC09171	2456	48982	47593	15261	19.3782573289902	DS60
WECC09172	999	22051	14768	4473	14.7827827827828	DS60
WECC09173	966	20427	15197	4252	15.731884057971	DS60
WECC09174	1910	43603	36803	11663	19.2685863874346	DS60
WECC09175	1358	30358	25197	7400	18.5544918998527	DS60
WECC09178	1637	34358	26774	9081	16.35552840562	DS60
WECC09179	844	16923	10522	3346	12.4668246445498	DS60
WECC09180	1493	33142	29127	9347	19.509042196919	DS60
WECC09181	6020	127603	122199	41534	20.2988372093023	DS60
WECC09182	3348	64451	58320	20281	17.4193548387097	DS60
WECC09184	723	12509	7527	2136	10.4107883817427	DS60
WECC09185	1226	24440	19435	6388	15.8523654159869	DS60
WECC09186	3015	66551	53508	18618	17.747263681592	DS60
WECC09189	4401	91753	80932	26092	18.3894569416042	DS60
WECC09191	827	15711	9333	2766	11.2853688029021	DS60
WECC09192	2524	60040	45696	13983	18.1045958795563	DS60
WECC09193	1320	30222	24305	7588	18.4128787878788	DS60
WECC09194	779	17548	10741	2590	13.788189987163	DS60
WECC09195	2592	63061	53194	14486	20.5223765432099	DS60
WECC09197	979	18710	15065	5197	15.388151174668	DS60
WECC09198	1911	42787	35809	11785	18.738356881214	DS60
WECC09199	1267	29861	24845	7707	19.6093133385951	DS60
WECC09201	3436	78806	68563	19710	19.9543073341094	DS60
WECC09203	2158	48030	40372	12775	18.708063021316	DS60
WECC09204	7323	162090	156983	51310	21.4369793800355	DS60
WECC09206	8236	170014	164834	52336	20.0138416707139	DS60
WECC09207	1548	31221	26091	7895	16.8546511627907	DS60
WECC09209	1504	33169	26739	8533	17.7785904255319	DS60
WECC09210	1026	22020	16232	4385	15.8206627680312	DS60
WECC09211	4066	95625	76725	22115	18.8698967043778	DS60
WECC09212	2653	65415	53949	14664	20.335092348285	DS60
WECC09213	1374	31215	24616	6869	17.9155749636099	DS60
WECC09214	1742	38800	31783	8394	18.2451205510907	DS60
WECC09216	1301	25016	21352	7632	16.4119907763259	DS60
WECC09217	1285	27660	20609	7104	16.0381322957198	DS60
WECC09218	909	17284	12769	4212	14.047304730473	DS60
WECC09219	2074	55713	45642	12218	22.00675024108	DS60
WECC09220	736	12775	9220	2917	12.5271739130435	DS60
WECC09221	2228	55254	43405	11263	19.4815978456014	DS60
WECC09222	1593	33676	28667	9114	17.9956057752668	DS60
WECC09223	3101	56881	55754	21814	17.9793614962915	DS60
WECC09224	1656	35079	28841	10259	17.4160628019324	DS60
WECC09226	1034	18757	14379	4662	13.9061895551257	DS60
WECC09227	1747	48784	37080	8327	21.2249570692616	DS60
WECC09231	1094	19599	16315	5993	14.9131627056673	DS60
WECC09233	2907	57504	50331	17618	17.3137254901961	DS60
WECC09235	771	18136	12052	3379	15.6316472114137	DS60
WECC09237	3420	78868	71231	19904	20.8277777777778	DS60
WECC09238	2348	52853	45819	16412	19.5140545144804	DS60
WECC09240	2503	64348	54193	12969	21.6512185377547	DS60
WECC09241	1715	34509	28081	8118	16.3737609329446	DS60
WECC09242	2601	66315	53945	13944	20.7400999615533	DS60
WECC09243	1616	33250	26187	8855	16.2048267326733	DS60
WECC09245	804	14917	10089	3025	12.5485074626866	DS60
WECC09246	3017	71423	59387	18286	19.6841233012927	DS60
WECC09248	2682	49088	47194	15942	17.5965697240865	DS60
WECC09249	1219	21623	15795	5172	12.9573420836751	DS60
WECC09250	2013	45356	38712	11909	19.230998509687	DS60
WECC09251	2233	39219	36229	13432	16.2243618450515	DS60
WECC09252	2987	65256	57304	15748	19.1844660194175	DS60
WECC09255	589	12153	7982	2300	13.5517826825127	DS60
WECC09257	2065	43802	28554	8614	13.827602905569	DS60
WECC09258	684	12145	6846	1766	10.0087719298246	DS60
WECC09260	2136	36926	33163	12041	15.5257490636704	DS60
WECC09261	834	18522	14076	3388	16.8776978417266	DS60
WECC09263	886	16625	11411	3591	12.8792325056433	DS60
WECC09264	3205	68723	62885	22724	19.6209048361934	DS60
WECC09266	414	5614	2637	723	6.36956521739131	DS60
WECC09267	829	16465	11918	3737	14.3763570566948	DS60
WECC09268	1561	32637	27513	8676	17.6252402306214	DS60
WECC09269	1204	30809	20804	4579	17.2790697674419	DS60
WECC09270	4223	116808	93354	20548	22.1060857210514	DS60
WECC09272	3054	59614	54427	17692	17.8215455140799	DS60
WECC09273	3028	69974	60761	16999	20.0663804491413	DS60
WECC09275	5873	139982	123936	32353	21.1026732504682	DS60
WECC09278	841	18874	15497	4135	18.4268727705113	DS60
WECC09281	2806	53729	49625	17664	17.6853171774768	DS60
WECC09284	672	11507	8812	2922	13.1130952380952	DS60
WECC09286	4463	107715	92868	26517	20.80842482635	DS60
WECC09287	5722	167306	133074	30958	23.256553652569	DS60
WECC09289	718	14956	7386	2150	10.2869080779944	DS60
WECC09291	906	18290	14037	4791	15.4933774834437	DS60
WECC09292	2097	45033	37848	12195	18.0486409155937	DS60
WECC09293	2335	49906	42434	14177	18.1730192719486	DS60
WECC09294	6397	133446	128599	41485	20.1030170392371	DS60
WECC09295	931	18290	13826	3687	14.8506981740064	DS60
WECC09296	910	15926	13286	4609	14.6	DS60
WECC09299	1115	21887	14649	4348	13.1381165919283	DS60
WECC09300	2826	98781	70788	16474	25.0488322717622	DS60
WECC09302	1735	37033	30357	8223	17.4968299711816	DS60
WECC09303	5072	110664	107190	33169	21.1336750788644	DS60
WECC09305	4730	103177	99502	32168	21.0363636363636	DS60
WECC09307	2221	42559	37000	13112	16.6591625393967	DS60
WECC09309	2196	46461	40786	12542	18.5728597449909	DS60
WECC09311	702	14303	9393	2631	13.3803418803419	DS60
WECC09312	4225	101287	79132	21139	18.7294674556213	DS60
WECC09313	1603	30764	23632	7931	14.7423580786026	DS60
WECC09314	991	27996	17644	2903	17.8042381432896	DS60
WECC09315	2107	38508	35033	12255	16.6269577598481	DS60
WECC09316	2992	62316	54546	18428	18.230614973262	DS60
WECC09317	1311	31314	22282	6302	16.9961861174676	DS60
WECC09318	1793	30865	29602	11342	16.5097601784718	DS60
WECC09319	1673	28067	25208	9085	15.0675433353258	DS60
WECC09320	1249	28458	23414	6495	18.7461969575661	DS60
WECC09321	6109	139609	120494	37168	19.7240137502046	DS60
WECC09322	1784	46615	35638	10431	19.9764573991031	DS60
WECC09324	1456	32948	24250	6912	16.6552197802198	DS60
WECC09325	3428	65597	56456	19826	16.4690781796966	DS60
WECC09327	1627	28445	21600	7061	13.2759680393362	DS60
WECC09328	1347	22905	18844	6420	13.9896065330364	DS60
WECC09329	4988	109304	98673	31756	19.7820769847634	DS60
WECC09330	2069	38899	32964	12019	15.9323344610923	DS60
WECC09331	2717	65920	55331	14188	20.3647405226353	DS60
WECC09332	3460	71826	72261	23552	20.8846820809249	DS60
WECC09333	1154	19031	14148	5246	12.2599653379549	DS60
WECC09335	3144	62761	50217	17350	15.9723282442748	DS60
WECC09336	2111	40352	32150	11092	15.2297489341544	DS60
WECC09337	1805	40165	31770	11308	17.601108033241	DS60
WECC09340	3970	90058	84262	23238	21.224685138539	DS60
WECC09342	5224	141987	125389	27424	24.0024885145482	DS60
WECC09345	2816	58707	45672	15006	16.21875	DS60
WECC09346	4024	121255	94993	22780	23.6066103379722	DS60
WECC09347	2296	43492	38296	13953	16.6794425087108	DS60
WECC09350	2445	50540	45229	15777	18.4985685071575	DS60
WECC09351	885	16929	10102	3075	11.4146892655367	DS60
WECC09352	947	25780	17880	4761	18.8806758183738	DS60
WECC09353	2020	45500	34436	10421	17.0475247524753	DS60
WECC09355	1760	40510	27126	9015	15.4125	DS60
WECC09356	2789	58462	57098	19638	20.4725708139118	DS60
WECC09357	948	18202	13031	3630	13.7457805907173	DS60
WECC09362	2661	62619	51628	13295	19.401728673431	DS60
WECC09363	2964	72022	57660	18638	19.4534412955466	DS60
WECC09366	1097	26233	18288	4779	16.6709206927985	DS60
WECC09367	1982	45041	36925	10022	18.6301715438951	DS60
WECC09368	1245	23130	21064	6722	16.918875502008	DS60
WECC09369	1322	27858	21750	6534	16.4523449319213	DS60
WECC09370	4613	97675	92536	28916	20.0598309126382	DS60
WECC09371	1509	30570	23586	6443	15.6302186878728	DS60
WECC09374	2755	56915	46376	16078	16.8333938294011	DS60
WECC09378	1758	35621	24981	7704	14.2098976109215	DS60
WECC09381	1643	31786	25615	9413	15.5903834449178	DS60
WECC09382	2914	68370	59964	16543	20.5778997940975	DS60
WECC10001	611	7495	5778	1412	9.45662847790507	DS60
WECC10002	713	7519	5734	1273	8.04207573632539	DS60
WECC10004	623	7729	6097	1513	9.78651685393258	DS60
WECC10005	486	12427	7166	935	14.7448559670782	DS60
WECC10006	599	5085	4296	1260	7.17195325542571	DS60
WECC10008	1376	17321	14313	3334	10.4018895348837	DS60
WECC10010	269	2179	1392	412	5.17472118959108	DS60
WECC10012	233	1879	1270	385	5.45064377682403	DS60
WECC10013	870	8856	7468	2052	8.58390804597701	DS60
WECC10015	1868	22784	23045	6471	12.3367237687366	DS60
WECC10016	1447	14644	14081	4866	9.73116793365584	DS60
WECC10018	546	8597	6850	1452	12.5457875457875	DS60
WECC10019	1420	13940	13573	4858	9.55845070422535	DS60
WECC10020	872	11260	9368	2105	10.743119266055	DS60
WECC10021	800	6818	6400	1860	8	DS60
WECC10022	1232	14066	12485	3079	10.1339285714286	DS60
WECC10023	584	5674	4977	1595	8.5222602739726	DS60
WECC10024	866	8166	7998	2463	9.23556581986143	DS60
WECC10025	2599	28029	27243	8220	10.4821085032705	DS60
WECC10026	2357	31052	30487	8336	12.9346627068307	DS60
WECC10027	872	11357	9133	2347	10.473623853211	DS60
WECC10028	1034	10057	8655	2453	8.37040618955513	DS60
WECC10029	1191	12424	11922	3478	10.0100755667506	DS60
WECC10030	674	5788	5091	1408	7.55341246290801	DS60
WECC10033	1314	20248	16140	3164	12.2831050228311	DS60
WECC10035	1919	21331	19846	5329	10.3418447107869	DS60
WECC10036	812	7705	6454	1742	7.94827586206897	DS60
WECC10038	967	8209	8529	2898	8.8200620475698	DS60
WECC10039	1348	34701	25653	3271	19.0304154302671	DS60
WECC10040	608	5889	5469	1631	8.99506578947369	DS60
WECC10042	475	4952	3818	896	8.03789473684211	DS60
WECC10043	3381	45841	41398	10653	12.2443064182195	DS60
WECC10044	2552	33662	30450	8375	11.9318181818182	DS60
WECC10045	2535	45995	38771	6841	15.2942800788955	DS60
WECC10047	628	6475	5480	1336	8.72611464968153	DS60
WECC10048	447	4617	3739	1082	8.36465324384787	DS60
WECC10049	857	7577	7572	2177	8.83547257876313	DS60
WECC10050	266	2656	1567	423	5.89097744360902	DS60
WECC10051	482	5054	4054	1102	8.41078838174274	DS60
WECC10052	407	3701	2968	798	7.29238329238329	DS60
WECC10053	1110	16159	12962	2738	11.6774774774775	DS60
WECC10055	258	2774	2090	527	8.10077519379845	DS60
WECC10056	712	6612	6246	2037	8.77247191011236	DS60
WECC10057	6541	97911	87899	22566	13.4381593028589	DS60
WECC10060	436	4510	3562	912	8.1697247706422	DS60
WECC10061	1745	27167	23579	5300	13.5123209169054	DS60
WECC10065	2314	23918	24361	7681	10.5276577355229	DS60
WECC10066	1179	13666	12659	3942	10.7370653095844	DS60
WECC10069	545	5483	3994	1110	7.32844036697248	DS60
WECC10070	845	8110	6854	1933	8.1112426035503	DS60
WECC10071	655	7730	6546	1536	9.99389312977099	DS60
WECC10072	1265	17227	16024	4464	12.6671936758893	DS60
WECC10073	1593	18802	16789	4623	10.5392341494036	DS60
WECC10074	525	6824	5019	943	9.56	DS60
WECC10075	1693	20104	18665	5486	11.0248080330774	DS60
WECC10076	1002	14133	12445	3224	12.4201596806387	DS60
WECC10077	1843	22052	20834	6269	11.3043950081389	DS60
WECC10078	262	2489	1576	401	6.01526717557252	DS60
WECC10079	5324	82923	74116	18368	13.9211119459053	DS60
WECC10081	1582	14116	14012	3803	8.85714285714286	DS60
WECC10082	2874	41807	39216	10470	13.6450939457203	DS60
WECC10083	510	3861	2859	845	5.60588235294118	DS60
WECC10084	1368	13465	13491	4542	9.86184210526316	DS60
WECC10085	637	6293	5251	1400	8.24332810047096	DS60
WECC10086	3777	50421	47790	13088	12.6528991262907	DS60
WECC10088	2208	25314	24680	7425	11.1775362318841	DS60
WECC10089	1996	46150	40144	5983	20.1122244488978	DS60
WECC10091	1080	10319	8496	2263	7.86666666666667	DS60
WECC10092	2112	24223	23552	6695	11.1515151515152	DS60
WECC10093	1710	31942	28736	6060	16.8046783625731	DS60
WECC10095	1188	17178	15492	3876	13.040404040404	DS60
WECC10097	447	4982	3784	1001	8.46532438478747	DS60
WECC10100	1420	14420	13546	4189	9.53943661971831	DS60
WECC10101	2394	18397	19466	6715	8.13116123642439	DS60
WECC10104	1371	13157	14378	5062	10.4872355944566	DS60
WECC10106	620	5850	4690	1231	7.56451612903226	DS60
WECC10107	419	3853	3221	867	7.6873508353222	DS60
WECC10109	331	3437	2416	660	7.29909365558912	DS60
WECC10110	1388	18890	17346	3956	12.4971181556196	DS60
WECC10111	384	4064	3327	981	8.6640625	DS60
WECC10112	699	6414	5643	1580	8.07296137339056	DS60
WECC10114	1496	16715	16111	4806	10.769385026738	DS60
WECC10115	1074	10733	9772	2614	9.09869646182495	DS60
WECC10116	934	9829	9262	2747	9.91648822269807	DS60
WECC10117	306	2815	1783	492	5.82679738562092	DS60
WECC10118	725	7968	7132	1779	9.83724137931035	DS60
WECC10119	730	6403	6163	1725	8.44246575342466	DS60
WECC10120	2332	26710	28501	8804	12.2216981132075	DS60
WECC10122	586	6144	5347	1495	9.12457337883959	DS60
WECC10123	2202	26426	24621	6647	11.1811989100817	DS60
WECC10124	1181	13439	12797	4226	10.8357324301439	DS60
WECC10126	551	4837	3929	1176	7.13067150635209	DS60
WECC10127	443	3776	3280	948	7.40406320541761	DS60
WECC10128	596	7646	6728	1676	11.2885906040268	DS60
WECC10129	286	4605	2928	517	10.2377622377622	DS60
WECC10130	1897	21307	20615	6153	10.8671586715867	DS60
WECC10131	153	1577	736	228	4.81045751633987	DS60
WECC10132	797	5986	6526	2504	8.18820577164366	DS60
WECC10133	533	11584	9240	1211	17.3358348968105	DS60
WECC10134	777	10657	9508	2358	12.2368082368082	DS60
WECC10135	1171	16030	13163	2734	11.2408198121264	DS60
WECC10136	1989	21439	21266	6365	10.691804927099	DS60
WECC10138	321	3460	2377	619	7.40498442367601	DS60
WECC10139	1529	13859	14414	4079	9.4270765206017	DS60
WECC10140	728	6749	5974	1737	8.20604395604396	DS60
WECC10141	328	2609	1881	557	5.73475609756098	DS60
WECC10143	2729	33342	31808	8382	11.6555514840601	DS60
WECC10144	384	3985	3617	1155	9.41927083333333	DS60
WECC10145	383	3335	2742	754	7.15926892950392	DS60
WECC10146	845	11006	9232	2176	10.9254437869822	DS60
WECC10147	741	10304	9040	2035	12.1997300944669	DS60
WECC10148	646	6025	5024	1328	7.77708978328173	DS60
WECC10149	735	5802	6403	2399	8.71156462585034	DS60
WECC10150	222	2850	1816	386	8.18018018018018	DS60
WECC10151	1000	14353	11792	2321	11.792	DS60
WECC10152	2060	28998	24823	6158	12.05	DS60
WECC10155	220	2205	1608	371	7.30909090909091	DS60
WECC10156	1224	13121	14035	4644	11.4665032679739	DS60
WECC10161	1043	11826	10978	3182	10.5254074784276	DS60
WECC10162	2388	25849	25905	8490	10.8479899497487	DS60
WECC10164	772	7676	6079	1492	7.87435233160622	DS60
WECC10167	909	8535	8990	3114	9.88998899889989	DS60
WECC10170	959	18228	12890	2253	13.4410844629823	DS60
WECC10173	1174	21195	17298	3302	14.7342419080068	DS60
WECC10174	709	15506	12773	1928	18.015514809591	DS60
WECC10175	1005	17561	14200	2892	14.1293532338308	DS60
WECC10177	1233	12167	11869	3695	9.62611516626115	DS60
WECC10178	891	10216	8977	2150	10.0751964085297	DS60
WECC10179	1060	12294	11289	3264	10.65	DS60
WECC10180	469	4346	3411	975	7.272921108742	DS60
WECC10181	2007	20125	21500	7337	10.7125062282013	DS60
WECC10183	2409	35348	31924	7568	13.2519717725197	DS60
WECC10185	814	9383	7950	2230	9.76658476658477	DS60
WECC10186	1157	14136	11877	2704	10.2653414001729	DS60
WECC10187	386	4090	3144	825	8.14507772020725	DS60
WECC10188	523	5196	4256	1205	8.1376673040153	DS60
WECC10189	634	7420	6159	1441	9.71451104100946	DS60
WECC10191	856	10570	9164	2035	10.7056074766355	DS60
WECC10192	914	11636	10561	2820	11.554704595186	DS60
WECC10193	1181	11854	11378	3855	9.6342082980525	DS60
WECC10194	389	6004	4947	996	12.7172236503856	DS60
WECC10195	297	2780	1930	536	6.4983164983165	DS60
WECC10197	257	2479	1675	484	6.51750972762646	DS60
WECC10198	726	8197	7281	1787	10.0289256198347	DS60
WECC10199	1834	24604	22668	5701	12.3598691384951	DS60
WECC10200	762	14101	11983	1993	15.7257217847769	DS60
WECC10202	546	6043	4718	1162	8.64102564102564	DS60
WECC10204	1435	23754	21028	3326	14.6536585365854	DS60
WECC10206	425	3586	3030	755	7.12941176470588	DS60
WECC10208	794	7418	7008	1865	8.82619647355164	DS60
WECC10209	515	7007	5842	1295	11.3436893203884	DS60
WECC10210	756	7827	6872	1729	9.08994708994709	DS60
WECC10212	514	6980	5502	1218	10.704280155642	DS60
WECC10213	1528	19510	18483	5264	12.0962041884817	DS60
WECC10214	650	6999	6093	1536	9.37384615384615	DS60
WECC10216	829	12010	10252	2429	12.3667068757539	DS60
WECC10217	604	4978	4099	1213	6.7864238410596	DS60
WECC10218	479	6683	4966	922	10.3674321503132	DS60
WECC10220	1146	17403	14316	3192	12.4921465968586	DS60
WECC10221	1682	18745	18001	5645	10.7021403091558	DS60
WECC10222	516	5571	5110	1466	9.9031007751938	DS60
WECC10223	847	7623	7769	2267	9.17237308146399	DS60
WECC10224	1335	32642	26240	3146	19.6554307116105	DS60
WECC10225	880	6376	4207	1289	4.78068181818182	DS60
WECC10227	1266	13190	13906	4563	10.9842022116904	DS60
WECC10228	173	1399	959	282	5.54335260115607	DS60
WECC10231	3321	36893	36338	10626	10.9418849744053	DS60
WECC10232	2452	29971	28630	7911	11.6761827079935	DS60
WECC10233	434	4613	3721	950	8.57373271889401	DS60
WECC10235	659	8602	7167	1422	10.8755690440061	DS60
WECC10237	763	6901	6242	1900	8.18086500655308	DS60
WECC10238	1219	11657	11797	4008	9.67760459392945	DS60
WECC10239	582	5292	4979	1348	8.55498281786942	DS60
WECC10240	2459	26102	27847	8966	11.3245221634811	DS60
WECC10241	565	5294	4418	1256	7.81946902654867	DS60
WECC10244	3683	48035	43901	11899	11.9199022535976	DS60
WECC10245	676	9983	9099	2095	13.4600591715976	DS60
WECC10246	936	10616	10451	3045	11.1655982905983	DS60
WECC10247	643	7117	6257	1913	9.73094867807154	DS60
WECC10248	17753	231581	238745	66161	13.4481496085169	DS60
WECC10250	822	8434	7807	2478	9.49756690997567	DS60
WECC10251	2573	30197	29382	7859	11.4193548387097	DS60
WECC10253	1309	18947	17140	3958	13.0939648586707	DS60
WECC10254	192	1455	980	299	5.10416666666667	DS60
WECC10255	793	7330	6812	1972	8.59016393442623	DS60
WECC10257	345	3272	2687	707	7.78840579710145	DS60
WECC10258	521	4712	4051	1438	7.77543186180422	DS60
WECC10259	632	7892	6315	1645	9.99208860759494	DS60
WECC10260	1254	12871	11158	3209	8.89792663476874	DS60
WECC10261	847	8335	7770	1956	9.17355371900826	DS60
WECC10262	552	6571	6070	1720	10.9963768115942	DS60
WECC10263	554	8021	6965	1656	12.572202166065	DS60
WECC10264	945	8902	8073	2253	8.54285714285714	DS60
WECC10265	1716	20927	19361	5910	11.282634032634	DS60
WECC10266	2439	25035	25835	8097	10.5924559245592	DS60
WECC10271	466	5014	4168	1187	8.94420600858369	DS60
WECC10273	1113	12273	10834	2889	9.7340521114106	DS60
WECC10274	702	7954	6741	1809	9.6025641025641	DS60
WECC10276	1700	17685	16499	5705	9.70529411764706	DS60
WECC10277	946	10351	9635	2499	10.1849894291755	DS60
WECC10279	525	5279	4897	1207	9.32761904761905	DS60
WECC10280	1389	12575	12649	4361	9.10655147588193	DS60
WECC10281	616	6256	5403	1664	8.7711038961039	DS60
WECC10282	1168	13125	12178	3863	10.4263698630137	DS60
WECC10284	4114	61482	53543	12617	13.0148274185707	DS60
WECC10286	837	10979	9554	2319	11.4145758661888	DS60
WECC10287	1004	10253	9456	2437	9.41832669322709	DS60
WECC10290	1476	18194	17544	4987	11.8861788617886	DS60
WECC10293	896	11082	9551	2076	10.6595982142857	DS60
WECC10294	946	8660	8238	2804	8.70824524312896	DS60
WECC10296	588	5022	4736	1334	8.05442176870748	DS60
WECC10297	581	9530	7259	1489	12.4939759036145	DS60
WECC10298	1259	14578	12540	3287	9.96028594122319	DS60
WECC10300	1420	20989	18096	4740	12.743661971831	DS60
WECC10301	395	4750	3213	825	8.13417721518987	DS60
WECC10302	695	8329	6902	1536	9.93093525179856	DS60
WECC10303	2468	33669	31220	7572	12.6499189627229	DS60
WECC10305	388	3327	2170	634	5.59278350515464	DS60
WECC10306	427	5000	4202	1057	9.84074941451991	DS60
WECC10307	4328	50143	50353	15105	11.6342421441775	DS60
WECC10308	989	13722	12492	3169	12.6309403437816	DS60
WECC10309	1372	12018	12997	4846	9.47303206997085	DS60
WECC10311	692	6344	5646	1600	8.15895953757226	DS60
WECC10313	303	3535	2513	516	8.29372937293729	DS60
WECC10314	489	4290	3499	1014	7.15541922290389	DS60
WECC10315	424	4548	3317	893	7.82311320754717	DS60
WECC10316	894	9876	9711	3134	10.8624161073826	DS60
WECC10318	1293	11180	10822	3125	8.36968290796597	DS60
WECC10319	1390	17393	16307	4036	11.731654676259	DS60
WECC10320	651	6560	5974	1867	9.17665130568356	DS60
WECC10321	351	3244	2272	573	6.47293447293447	DS60
WECC10322	1345	15138	13424	3626	9.98066914498141	DS60
WECC10323	306	2930	1971	481	6.44117647058824	DS60
WECC10324	939	8277	8713	3181	9.2790202342918	DS60
WECC10325	5262	62918	62789	19702	11.9325351577347	DS60
WECC10327	523	8712	7481	1225	14.3040152963671	DS60
WECC10328	286	3161	2329	541	8.14335664335664	DS60
WECC10329	595	6368	5500	1269	9.2436974789916	DS60
WECC10330	1142	9549	8544	2458	7.48161120840631	DS60
WECC10331	737	6379	5625	1623	7.63229308005427	DS60
WECC10332	432	5444	4294	1112	9.93981481481481	DS60
WECC10333	2124	23058	23562	7587	11.0932203389831	DS60
WECC10334	935	9967	8232	2074	8.80427807486631	DS60
WECC10335	709	7130	5813	1671	8.19887165021157	DS60
WECC10336	2918	26208	27518	9146	9.43043180260452	DS60
WECC10337	845	7392	6509	1746	7.70295857988166	DS60
WECC10339	643	5575	4756	1284	7.39657853810264	DS60
WECC10340	598	5620	4883	1368	8.16555183946488	DS60
WECC10341	2073	30924	29032	7195	14.0048239266763	DS60
WECC10343	365	3836	3256	818	8.92054794520548	DS60
WECC10345	1503	12556	12428	3291	8.26879574184964	DS60
WECC10346	1103	11033	9565	2564	8.67180417044424	DS60
WECC10347	403	4189	3049	809	7.56575682382134	DS60
WECC10348	2242	21149	22668	8260	10.1106155218555	DS60
WECC10349	1894	27762	24277	6581	12.8178458289335	DS60
WECC10351	2603	29085	29141	8960	11.1951594314253	DS60
WECC10352	843	8026	6855	1892	8.13167259786477	DS60
WECC10353	1007	9226	8368	2131	8.30983118172791	DS60
WECC10354	647	5935	5046	1416	7.79907264296754	DS60
WECC10355	372	3472	2293	704	6.16397849462366	DS60
WECC10357	666	6618	5922	1647	8.89189189189189	DS60
WECC10358	715	6640	6900	2434	9.65034965034965	DS60
WECC10359	551	9190	7525	1562	13.6569872958258	DS60
WECC10360	4267	49048	51249	14999	12.0105460510898	DS60
WECC10363	1264	18375	14084	2797	11.1424050632911	DS60
WECC10366	1414	16218	15640	4066	11.0608203677511	DS60
WECC10368	796	9405	8045	2347	10.106783919598	DS60
WECC10369	1685	24067	19574	4389	11.6166172106825	DS60
WECC10371	677	6305	5560	1621	8.21270310192024	DS60
WECC10373	896	9856	8739	2450	9.75334821428571	DS60
WECC10374	2300	25974	24971	6930	10.8569565217391	DS60
WECC10375	799	15669	12043	2364	15.072590738423	DS60
WECC10376	298	3148	2431	678	8.15771812080537	DS60
WECC10379	419	4745	2994	786	7.14558472553699	DS60
WECC10380	675	6774	5769	1625	8.54666666666667	DS60
WECC10381	1210	13369	11793	2886	9.74628099173554	DS60
WECC10382	2057	26296	24511	6550	11.9158969372873	DS60
WECC10383	1256	12638	11465	3190	9.1281847133758	DS60
WECC10384	378	3920	3202	713	8.47089947089947	DS60
WECC11001	3280	76454	62814	20780	19.1506097560976	DS60
WECC11002	2908	65735	52721	16330	18.1296423658872	DS60
WECC11004	19266	452175	428516	137232	22.2420845011938	DS60
WECC11005	1914	48554	39371	9553	20.5700104493208	DS60
WECC11007	1384	26977	25166	8165	18.1835260115607	DS60
WECC11008	2622	55691	52729	16896	20.1102212051869	DS60
WECC11011	4249	82317	86843	31586	20.4384561073194	DS60
WECC11013	1089	24269	18249	5647	16.7575757575758	DS60
WECC11014	3421	82840	77916	24031	22.7757965507162	DS60
WECC11015	1185	24039	22294	8127	18.8135021097046	DS60
WECC11016	1297	32669	28064	6904	21.6376252891288	DS60
WECC11017	2187	50891	43393	11118	19.8413351623228	DS60
WECC11018	1746	43166	36906	9501	21.1374570446735	DS60
WECC11019	1533	32077	26729	8911	17.4357469015003	DS60
WECC11020	2871	66682	57205	15537	19.9251132009753	DS60
WECC11021	705	15684	12064	3930	17.1120567375887	DS60
WECC11022	1975	51585	43511	12359	22.0308860759494	DS60
WECC11023	1653	37780	32173	10965	19.4633998790079	DS60
WECC11025	4530	100312	92020	30223	20.3134657836645	DS60
WECC11026	6777	146920	140706	46268	20.7622841965471	DS60
WECC11028	894	19673	13830	3827	15.4697986577181	DS60
WECC11029	2428	53925	50546	17192	20.8179571663921	DS60
WECC11030	1549	33709	30378	9297	19.6113621691414	DS60
WECC11031	762	18080	14200	3388	18.6351706036745	DS60
WECC11032	1864	44599	38697	11951	20.7601931330472	DS60
WECC11033	2704	62687	53755	16460	19.8798076923077	DS60
WECC11034	1279	30308	22487	7859	17.5817044566067	DS60
WECC11035	1052	27301	19027	4410	18.0865019011407	DS60
WECC11036	1489	41323	31809	6494	21.3626595030222	DS60
WECC11037	2363	60082	51665	13414	21.8641557342361	DS60
WECC11038	1054	20846	19076	7091	18.0986717267552	DS60
WECC11039	3289	69426	64741	22326	19.6840985101855	DS60
WECC11040	2948	69611	65378	20940	22.1770691994573	DS60
WECC11041	1914	38761	34399	12708	17.9723092998955	DS60
WECC11042	1610	30033	25223	8308	15.6664596273292	DS60
WECC11043	2083	55181	42557	9993	20.4306289006241	DS60
WECC11044	1736	44478	37875	11861	21.8173963133641	DS60
WECC11045	2587	70365	59378	12018	22.9524545805953	DS60
WECC11048	3512	72214	70192	24452	19.9863325740319	DS60
WECC11051	4937	117039	97553	26493	19.7595705894268	DS60
WECC11055	2492	52712	50959	18411	20.449036918138	DS60
WECC11057	3303	76754	66039	21574	19.9936421435059	DS60
WECC11058	1399	33465	22880	5588	16.3545389563974	DS60
WECC11060	943	19080	15434	4792	16.3669141039237	DS60
WECC11061	3220	71792	72657	27230	22.5642857142857	DS60
WECC11062	1948	43659	37908	13506	19.4599589322382	DS60
WECC11063	1126	31226	25689	6118	22.8143872113677	DS60
WECC11064	1507	29735	25056	9079	16.6264100862641	DS60
WECC11065	2776	59896	50979	17869	18.3641930835735	DS60
WECC11066	2748	58771	50285	16336	18.2987627365357	DS60
WECC11067	4435	102034	88125	29937	19.8703494926719	DS60
WECC11068	4236	102201	94567	29340	22.3245986779981	DS60
WECC11069	2795	69121	62719	19632	22.4397137745975	DS60
WECC11070	4819	101966	105530	35861	21.8987341772152	DS60
WECC11071	4247	92528	94794	31463	22.3202260419119	DS60
WECC11072	5022	112279	114540	37042	22.8076463560335	DS60
WECC11073	4422	112472	94130	25919	21.2867480777929	DS60
WECC11074	3767	76622	72397	23984	19.218741704274	DS60
WECC11075	3823	88920	82175	26223	21.4948992937484	DS60
WECC11077	972	22014	15266	3806	15.7057613168724	DS60
WECC11078	1069	20865	17599	5880	16.4630495790458	DS60
WECC11079	2084	42101	40039	14271	19.2125719769674	DS60
WECC11080	767	17807	13000	3743	16.9491525423729	DS60
WECC11081	1549	33385	22869	6990	14.7637185280826	DS60
WECC11082	1939	43088	35919	10727	18.5244971634863	DS60
WECC11083	902	18311	14241	4508	15.7882483370288	DS60
WECC11084	5363	109307	93774	30443	17.4853626701473	DS60
WECC11085	1539	30500	29580	10545	19.2202729044834	DS60
WECC11088	988	20524	17030	4996	17.2368421052632	DS60
WECC11090	1798	37374	30089	10257	16.7347052280311	DS60
WECC11091	2449	61145	48599	12279	19.8444262964475	DS60
WECC11092	12192	277143	263284	81711	21.5948162729659	DS60
WECC11094	2173	51933	45639	16191	21.0027611596871	DS60
WECC11096	1695	34049	32111	11807	18.9445427728614	DS60
WECC11097	1835	43173	34500	8681	18.8010899182561	DS60
WECC11100	4596	105094	89390	25227	19.4495213228895	DS60
WECC11102	3218	68115	63084	20457	19.6034804226228	DS60
WECC11103	940	21562	17604	5324	18.7276595744681	DS60
WECC11104	1609	37353	34481	11178	21.4300807955252	DS60
WECC11105	2384	62276	53132	13842	22.2869127516779	DS60
WECC11107	2184	47670	45284	14927	20.7344322344322	DS60
WECC11108	2624	59880	51723	14404	19.7115091463415	DS60
WECC11109	4131	87618	78523	27897	19.0082304526749	DS60
WECC11111	1720	40195	34211	11618	19.8901162790698	DS60
WECC11112	3658	80627	79354	27286	21.6932750136687	DS60
WECC11113	4022	84758	78128	25816	19.4251616111387	DS60
WECC11115	2021	52200	42979	13679	21.2662048490846	DS60
WECC11116	1829	40971	35612	13072	19.470749043193	DS60
WECC11117	1174	22812	18845	6896	16.0519591141397	DS60
WECC11118	897	20649	16698	5074	18.6153846153846	DS60
WECC11119	823	17840	11489	3473	13.9599027946537	DS60
WECC11120	1111	30996	23681	4215	21.3150315031503	DS60
WECC11121	2442	64269	51809	16014	21.2158067158067	DS60
WECC11122	1560	29985	26299	9064	16.8583333333333	DS60
WECC11124	1270	31310	25216	6574	19.8551181102362	DS60
WECC11125	2003	53789	45231	11870	22.581627558662	DS60
WECC11126	1663	34947	31451	11986	18.9122068550812	DS60
WECC11127	1862	37055	36310	13087	19.500537056928	DS60
WECC11128	932	21914	18645	5957	20.005364806867	DS60
WECC11129	2144	51561	43517	11480	20.2971082089552	DS60
WECC11130	2300	86347	58772	8806	25.5530434782609	DS60
WECC11135	3003	60884	56740	20163	18.8944388944389	DS60
WECC11137	978	23761	16478	4691	16.8486707566462	DS60
WECC11138	1960	53200	41154	10395	20.9969387755102	DS60
WECC11139	2104	50308	43368	13021	20.6121673003802	DS60
WECC11141	1640	40372	32038	10730	19.5353658536585	DS60
WECC11142	943	22336	17199	4304	18.2386002120891	DS60
WECC11143	2956	64947	61855	20535	20.9252368064953	DS60
WECC11144	623	16735	12046	3778	19.3354735152488	DS60
WECC11146	4457	94492	90667	24424	20.3426071348441	DS60
WECC11147	1581	37498	28453	7482	17.9968374446553	DS60
WECC11148	831	18182	13853	3449	16.6702767749699	DS60
WECC11149	949	22038	17436	4322	18.3730242360379	DS60
WECC11150	1072	23597	20012	6882	18.6679104477612	DS60
WECC11151	2945	64493	59217	19107	20.1076400679117	DS60
WECC11152	927	18769	14811	5055	15.9773462783172	DS60
WECC11153	1315	31406	22882	7828	17.4007604562738	DS60
WECC11154	2103	46078	37693	13094	17.9234427009035	DS60
WECC11155	1258	26958	22900	7736	18.2034976152623	DS60
WECC11158	1468	33371	28295	8565	19.2745231607629	DS60
WECC11160	1937	47672	42143	14549	21.7568404749613	DS60
WECC11161	1929	43854	27285	7602	14.144634525661	DS60
WECC11162	1422	31210	24352	7123	17.1251758087201	DS60
WECC11163	3363	72998	69062	24636	20.5358311031817	DS60
WECC11165	5606	128283	131136	38831	23.3920799143775	DS60
WECC11166	2063	44428	41352	13775	20.0445952496365	DS60
WECC11167	1750	40369	34789	11710	19.8794285714286	DS60
WECC11168	2160	46097	41052	12858	19.0055555555556	DS60
WECC11169	2689	70693	58195	15975	21.6418743027148	DS60
WECC11170	1660	41090	30840	8673	18.578313253012	DS60
WECC11171	3726	72617	72678	23936	19.5056360708535	DS60
WECC11173	1730	43005	34078	10410	19.6982658959538	DS60
WECC11174	1317	32684	24054	6989	18.2642369020501	DS60
WECC11175	876	23574	16948	4008	19.3470319634703	DS60
WECC11176	1460	32844	28308	9136	19.3890410958904	DS60
WECC11177	5263	115536	105262	35291	20.0003800114003	DS60
WECC11179	1492	34689	29375	7815	19.6883378016086	DS60
WECC11180	2018	58134	49274	11726	24.4172447968285	DS60
WECC11182	1603	37138	30984	7711	19.3287585776669	DS60
WECC11184	1905	49818	37415	10146	19.6404199475066	DS60
WECC11186	3026	72065	64283	18599	21.243555849306	DS60
WECC11187	3254	73411	69652	22195	21.4050399508298	DS60
WECC11188	1173	29447	24945	5845	21.2659846547315	DS60
WECC11189	1511	35698	27730	8515	18.3520847121112	DS60
WECC11191	1229	28729	23567	6690	19.1757526444264	DS60
WECC11192	1790	38734	34596	11753	19.327374301676	DS60
WECC11193	3472	77048	68052	21916	19.6002304147465	DS60
WECC11196	2952	81418	68653	14438	23.2564363143631	DS60
WECC11197	3240	67343	66928	23634	20.6567901234568	DS60
WECC11198	2264	54887	47412	14848	20.9416961130742	DS60
WECC11199	1750	36477	33700	11316	19.2571428571429	DS60
WECC11201	2625	60545	48352	14637	18.4198095238095	DS60
WECC11202	3933	90203	78688	25631	20.0071192473938	DS60
WECC11203	1547	40811	31561	7519	20.4014221073045	DS60
WECC11205	1165	27338	22019	6422	18.9004291845494	DS60
WECC11206	1786	33914	32253	12280	18.058790593505	DS60
WECC11207	1573	35134	33037	11058	21.0025429116338	DS60
WECC11208	1539	34960	28712	9125	18.6562703053931	DS60
WECC11209	1585	34495	28359	10407	17.8921135646688	DS60
WECC11210	2648	62540	55181	18111	20.838746223565	DS60
WECC11211	2373	48837	45474	15953	19.1630847029077	DS60
WECC11213	1992	46201	43789	16944	21.9824297188755	DS60
WECC11215	1277	30586	25516	7611	19.9812059514487	DS60
WECC11216	2668	74603	64676	15180	24.2413793103448	DS60
WECC11217	1452	35093	26652	9393	18.3553719008265	DS60
WECC11219	1692	33727	31836	11015	18.8156028368794	DS60
WECC11220	1210	26672	22909	6641	18.9330578512397	DS60
WECC11221	1852	44075	37486	12042	20.2408207343413	DS60
WECC11222	2683	59744	57478	18873	21.4230339172568	DS60
WECC11226	1223	25100	18839	5598	15.4039247751431	DS60
WECC11229	1260	27619	23716	6983	18.8222222222222	DS60
WECC11230	694	16512	10996	3028	15.8443804034582	DS60
WECC11232	2470	63009	52974	15427	21.446963562753	DS60
WECC11233	1603	35844	26874	7943	16.7648159700561	DS60
WECC11234	1897	45132	36626	10924	19.3073273589879	DS60
WECC11235	970	23633	17571	4514	18.1144329896907	DS60
WECC11237	2749	50464	56285	21660	20.4747180793016	DS60
WECC11239	3406	82162	78285	20038	22.9844392248972	DS60
WECC11240	3821	92184	86245	23942	22.5713164093169	DS60
WECC11241	2087	50569	39602	10876	18.975563009104	DS60
WECC11242	939	21533	13486	3674	14.3620873269436	DS60
WECC11243	3133	61945	59106	21136	18.8656240025535	DS60
WECC11245	764	17288	13294	3060	17.4005235602094	DS60
WECC11247	1756	45561	36111	9252	20.5643507972665	DS60
WECC11248	4142	76688	78876	28186	19.0429744084983	DS60
WECC11250	3639	80866	69912	22175	19.2118713932399	DS60
WECC11251	1073	25317	17720	5005	16.5144454799627	DS60
WECC11252	1488	36706	28475	7398	19.1364247311828	DS60
WECC11253	1874	46324	37079	12902	19.7860192102455	DS60
WECC11255	1358	33959	29517	7873	21.7356406480118	DS60
WECC11256	3391	77638	70084	23361	20.667649660867	DS60
WECC11258	3533	69402	65780	21668	18.6187376167563	DS60
WECC11259	1881	48528	38575	10818	20.5077086656034	DS60
WECC11260	1174	24423	18523	5056	15.7776831345826	DS60
WECC11261	2322	53619	47020	14278	20.2497846683893	DS60
WECC11264	1163	30906	22933	5541	19.7188306104901	DS60
WECC11265	4967	114367	99563	33954	20.0448963156835	DS60
WECC11266	1228	24574	19937	5583	16.235342019544	DS60
WECC11267	857	21834	14324	3717	16.7141190198366	DS60
WECC11268	2487	57774	53817	17425	21.6393244873341	DS60
WECC11269	2786	62797	57702	21447	20.7114142139268	DS60
WECC11270	909	19436	13948	4296	15.3443344334433	DS60
WECC11272	1627	33605	30204	8886	18.5642286416718	DS60
WECC11273	4703	106314	93144	30557	19.8052307038061	DS60
WECC11275	2010	41983	35311	12753	17.5676616915423	DS60
WECC11276	2916	61717	63937	23024	21.926268861454	DS60
WECC11277	941	22551	16665	4903	17.7098831030818	DS60
WECC11278	5839	144873	133957	38444	22.9417708511732	DS60
WECC11280	5716	141223	127295	42663	22.269944016795	DS60
WECC11281	1399	32278	26205	9259	18.7312365975697	DS60
WECC11283	5167	127675	115973	29506	22.4449390361912	DS60
WECC11284	3852	77521	74343	26832	19.2998442367601	DS60
WECC11285	5283	123069	115853	36535	21.9293961764149	DS60
WECC11288	1972	44823	37525	9278	19.0289046653144	DS60
WECC11290	6427	171433	149568	41368	23.2718220009336	DS60
WECC11292	3042	70168	63782	20988	20.9671268902038	DS60
WECC11293	1837	37593	33683	11074	18.3358737071312	DS60
WECC11294	1945	46961	40144	9440	20.639588688946	DS60
WECC11296	3119	77846	68468	16379	21.9519076627124	DS60
WECC11297	3330	95448	76842	16968	23.0756756756757	DS60
WECC11298	4189	98173	84763	27025	20.2346622105514	DS60
WECC11300	6167	155011	143932	50415	23.3390627533647	DS60
WECC11301	1140	27035	19975	6075	17.5219298245614	DS60
WECC11302	3990	85517	80466	27771	20.1669172932331	DS60
WECC11303	1660	35542	31783	9993	19.1463855421687	DS60
WECC11304	1552	30406	27678	10625	17.8337628865979	DS60
WECC11305	3757	88900	78465	26228	20.8850146393399	DS60
WECC11306	2333	49530	44878	14972	19.2361765966567	DS60
WECC11307	5148	108821	107446	35566	20.8714063714064	DS60
WECC11308	3189	67196	64275	23386	20.1552210724365	DS60
WECC11309	696	17838	13726	4450	19.7212643678161	DS60
WECC11310	2524	55896	56348	22670	22.324881141046	DS60
WECC11311	1332	27252	25757	9197	19.3370870870871	DS60
WECC11312	1293	32370	29737	10216	22.9984532095901	DS60
WECC11314	1953	50267	37416	7076	19.1582181259601	DS60
WECC11315	5650	146499	125402	45311	22.1950442477876	DS60
WECC11316	4347	102566	97671	27196	22.4685990338164	DS60
WECC11317	2951	69629	65757	23751	22.282954930532	DS60
WECC11319	947	20070	16199	4116	17.1055966209081	DS60
WECC11320	1915	44984	40491	11709	21.1441253263708	DS60
WECC11322	3604	95685	79193	20243	21.9736403995561	DS60
WECC11323	2196	55592	44876	12274	20.4353369763206	DS60
WECC11325	1105	23131	18956	7042	17.1547511312217	DS60
WECC11326	4690	102418	103745	34387	22.1204690831557	DS60
WECC11327	1514	31117	27591	10147	18.2239101717305	DS60
WECC11329	3380	72299	64871	20465	19.1926035502959	DS60
WECC11330	10519	221660	217641	70087	20.690274740945	DS60
WECC11331	1823	46576	35471	10416	19.4574876577071	DS60
WECC11333	1446	29438	27837	9864	19.2510373443983	DS60
WECC11335	1294	29719	24128	7880	18.6460587326121	DS60
WECC11337	7488	167378	163642	58908	21.8538995726496	DS60
WECC11338	5474	113393	109107	36696	19.9318597004019	DS60
WECC11340	1623	36184	30005	10474	18.4873690696242	DS60
WECC11341	2494	51102	47951	17750	19.2265437048917	DS60
WECC11344	5444	125880	114792	33351	21.0859662013226	DS60
WECC11346	2630	59795	51337	16218	19.5197718631179	DS60
WECC11348	2653	59411	53917	19369	20.3230305314738	DS60
WECC11349	1973	42441	37428	12621	18.9700963000507	DS60
WECC11350	1458	43367	29778	6878	20.4238683127572	DS60
WECC11351	2512	57401	50789	16338	20.218550955414	DS60
WECC11352	2231	55259	50484	13109	22.6284177498879	DS60
WECC11355	1952	33768	33449	13265	17.1357581967213	DS60
WECC11356	2317	50327	49482	17077	21.3560638757013	DS60
WECC11357	3346	73076	69692	21988	20.8284518828452	DS60
WECC11358	2495	58022	52095	15640	20.8797595190381	DS60
WECC11359	1448	34246	27584	9441	19.0497237569061	DS60
WECC11361	1856	42474	36272	10512	19.5431034482759	DS60
WECC11362	963	18490	13193	4427	13.6998961578401	DS60
WECC11364	2074	41155	39853	14996	19.2155255544841	DS60
WECC11367	1575	36587	30185	8623	19.1650793650794	DS60
WECC11369	1372	39158	29931	8959	21.8155976676385	DS60
WECC11373	4095	90672	83648	27595	20.426862026862	DS60
WECC11374	2801	57475	57937	21114	20.6843984291325	DS60
WECC11375	3427	92485	83421	21306	24.3422818791946	DS60
WECC11377	4312	95274	84174	29125	19.5208719851577	DS60
WECC11378	3936	88500	81260	28477	20.645325203252	DS60
WECC11379	8470	197156	186177	58842	21.9807556080283	DS60
WECC11380	1659	37746	28894	9578	17.416515973478	DS60
WECC11381	3569	81438	72300	22104	20.2577752871953	DS60
WECC11382	1203	30887	24092	5219	20.026600166251	DS60
WECC11383	2853	69939	63823	20687	22.3704872064494	DS60
WECC11384	1936	49595	41499	9441	21.4354338842975	DS60
WECC12001	482	3872	3457	1044	7.17219917012448	DS60
WECC12002	736	6658	6155	1437	8.36277173913044	DS60
WECC12003	321	2977	2161	565	6.73208722741433	DS60
WECC12004	2823	24258	24365	8184	8.63088912504428	DS60
WECC12005	1056	10511	9736	2585	9.21969696969697	DS60
WECC12006	774	5845	5755	1851	7.43540051679587	DS60
WECC12007	367	2648	2715	966	7.39782016348774	DS60
WECC12008	2129	18064	18881	6156	8.86848285580085	DS60
WECC12011	845	6304	5483	1765	6.4887573964497	DS60
WECC12014	642	8675	7292	1437	11.3582554517134	DS60
WECC12015	1271	10025	10642	3735	8.37293469708891	DS60
WECC12016	335	2663	2277	687	6.79701492537313	DS60
WECC12017	178	1556	1254	321	7.04494382022472	DS60
WECC12018	729	9246	7764	1653	10.6502057613169	DS60
WECC12019	431	3479	3189	1026	7.39907192575406	DS60
WECC12020	566	4665	4321	1433	7.63427561837456	DS60
WECC12021	294	2136	1816	533	6.17687074829932	DS60
WECC12025	1018	7035	6906	2177	6.78388998035364	DS60
WECC12027	683	5291	4999	1669	7.31918008784773	DS60
WECC12030	481	5410	4491	1029	9.33679833679834	DS60
WECC12031	2616	19650	21035	7618	8.04090214067278	DS60
WECC12032	278	2200	1958	635	7.0431654676259	DS60
WECC12033	1760	14428	13670	4732	7.76704545454545	DS60
WECC12034	2189	17865	17513	5336	8.00045682960256	DS60
WECC12035	322	2558	2186	638	6.7888198757764	DS60
WECC12036	1411	14081	12580	3291	8.91566265060241	DS60
WECC12037	218	1780	1176	313	5.39449541284404	DS60
WECC12039	603	4503	4637	1675	7.68988391376451	DS60
WECC12040	201	1522	1357	423	6.75124378109453	DS60
WECC12041	1573	17399	15300	4323	9.72663699936427	DS60
WECC12042	478	4015	3104	891	6.49372384937239	DS60
WECC12043	4704	44015	43614	14265	9.27168367346939	DS60
WECC12044	1482	15138	15214	4575	10.2658569500675	DS60
WECC12047	553	4133	3718	1209	6.72332730560579	DS60
WECC12048	187	1613	1256	363	6.71657754010695	DS60
WECC12049	867	5955	5808	1807	6.69896193771626	DS60
WECC12051	498	4701	3893	1016	7.81726907630522	DS60
WECC12052	1000	8621	8492	2749	8.492	DS60
WECC12053	400	3779	3060	826	7.65	DS60
WECC12054	571	5794	4871	1251	8.53064798598949	DS60
WECC12056	311	2646	2139	640	6.87781350482315	DS60
WECC12057	265	2232	1446	433	5.45660377358491	DS60
WECC12060	334	3145	2313	638	6.9251497005988	DS60
WECC12062	251	2123	1639	430	6.52988047808765	DS60
WECC12063	673	5627	5176	1479	7.69093610698366	DS60
WECC12064	452	4192	2803	821	6.20132743362832	DS60
WECC12066	495	3932	3136	947	6.33535353535354	DS60
WECC12068	2156	17175	17927	6359	8.31493506493507	DS60
WECC12069	550	5334	4456	1301	8.10181818181818	DS60
WECC12070	183	1338	927	267	5.0655737704918	DS60
WECC12071	675	6101	6180	1890	9.15555555555556	DS60
WECC12072	214	2066	1640	472	7.66355140186916	DS60
WECC12073	245	2327	1724	481	7.03673469387755	DS60
WECC12074	4668	42354	42154	12716	9.03041988003428	DS60
WECC12076	1181	9322	9016	3211	7.6342082980525	DS60
WECC12078	1095	12814	11454	2810	10.4602739726027	DS60
WECC12079	581	5670	5078	1458	8.74010327022375	DS60
WECC12080	498	3978	3563	1184	7.15461847389558	DS60
WECC12082	2034	16125	16477	5659	8.1007866273353	DS60
WECC12087	444	3443	3408	1133	7.67567567567568	DS60
WECC12088	752	5601	5333	2083	7.09175531914894	DS60
WECC12091	323	2567	1706	486	5.28173374613003	DS60
WECC12093	1355	11479	10770	3343	7.94833948339483	DS60
WECC12094	814	7071	6370	1716	7.82555282555283	DS60
WECC12096	472	4275	4061	1117	8.60381355932204	DS60
WECC12097	2817	21838	24132	8650	8.56656017039404	DS60
WECC12098	399	3989	2893	861	7.25062656641604	DS60
WECC12099	802	5242	5193	1609	6.47506234413965	DS60
WECC12100	4860	42195	42788	15037	8.80411522633745	DS60
WECC12101	281	2845	2531	530	9.00711743772242	DS60
WECC12103	201	1838	1429	426	7.10945273631841	DS60
WECC12104	353	2487	2062	691	5.84135977337111	DS60
WECC12105	202	1367	981	317	4.85643564356436	DS60
WECC12109	808	12189	9244	2017	11.4405940594059	DS60
WECC12110	343	4257	3257	721	9.49562682215744	DS60
WECC12111	1562	11334	13155	4934	8.42189500640205	DS60
WECC12113	436	4349	3619	942	8.30045871559633	DS60
WECC12115	2838	23270	23674	7892	8.34178999295278	DS60
WECC12118	1454	12099	12751	4404	8.76960110041265	DS60
WECC12120	195	1755	1491	440	7.64615384615385	DS60
WECC12121	1205	11087	10861	3749	9.01327800829876	DS60
WECC12123	511	3662	3323	1067	6.50293542074364	DS60
WECC12125	663	5636	4945	1468	7.45852187028658	DS60
WECC12126	516	4763	4161	1254	8.06395348837209	DS60
WECC12127	1289	9707	10384	3601	8.05585725368503	DS60
WECC12128	179	1517	1284	349	7.1731843575419	DS60
WECC12129	1138	7377	7152	2343	6.28471001757469	DS60
WECC12130	1261	13716	12695	3572	10.0674068199841	DS60
WECC12131	205	1502	889	271	4.33658536585366	DS60
WECC12132	227	1780	1134	338	4.99559471365639	DS60
WECC12135	1070	8300	7988	2955	7.46542056074766	DS60
WECC12136	419	3898	3949	1143	9.42482100238663	DS60
WECC12137	1621	13621	13543	3812	8.35471930906848	DS60
WECC12138	1116	7772	7849	2411	7.0331541218638	DS60
WECC12139	1421	11112	10485	3178	7.37860661505982	DS60
WECC12140	746	5971	6015	2180	8.06300268096515	DS60
WECC12142	431	2868	2225	724	5.16241299303944	DS60
WECC12143	472	3339	3273	1000	6.93432203389831	DS60
WECC12144	176	1636	1314	391	7.46590909090909	DS60
WECC12145	1426	17430	14874	3385	10.4305750350631	DS60
WECC12147	302	2480	2179	642	7.21523178807947	DS60
WECC12148	1636	13085	13722	4767	8.38753056234719	DS60
WECC12149	835	5981	6216	2336	7.44431137724551	DS60
WECC12151	1259	10507	10809	3991	8.58538522637014	DS60
WECC12152	603	5685	5663	1878	9.39137645107794	DS60
WECC12153	710	5276	4514	1423	6.35774647887324	DS60
WECC12154	1109	10340	9721	2547	8.76555455365194	DS60
WECC12155	1172	14493	12469	3152	10.6390784982935	DS60
WECC12158	732	5680	4896	1587	6.68852459016394	DS60
WECC12159	529	5041	4709	1339	8.90170132325142	DS60
WECC12160	152	1380	1108	288	7.28947368421053	DS60
WECC12161	1428	11029	11665	4255	8.1687675070028	DS60
WECC12162	220	1665	979	286	4.45	DS60
WECC12163	685	8769	7472	1426	10.9080291970803	DS60
WECC12164	462	4237	3410	1001	7.38095238095238	DS60
WECC12165	196	1348	958	272	4.88775510204082	DS60
WECC12166	2615	22053	24572	8429	9.39655831739962	DS60
WECC12167	236	2114	1662	472	7.04237288135593	DS60
WECC12168	149	1265	1002	333	6.7248322147651	DS60
WECC12170	1092	7124	7363	2306	6.74267399267399	DS60
WECC12171	479	4371	3665	1123	7.65135699373695	DS60
WECC12172	1663	14777	14519	5051	8.73060733613951	DS60
WECC12173	936	7034	7290	2715	7.78846153846154	DS60
WECC12174	230	2087	1503	420	6.53478260869565	DS60
WECC12175	2047	17135	17668	6013	8.63116756228627	DS60
WECC12177	456	4628	3359	1069	7.36622807017544	DS60
WECC12178	814	7057	6414	1754	7.87960687960688	DS60
WECC12180	1302	9851	10046	3591	7.71582181259601	DS60
WECC12183	720	5692	6215	2139	8.63194444444445	DS60
WECC12184	858	7129	7135	2038	8.31585081585082	DS60
WECC12185	1580	12275	12456	4269	7.88354430379747	DS60
WECC12186	418	4043	3213	833	7.6866028708134	DS60
WECC12187	2806	22629	24146	8588	8.60513186029936	DS60
WECC12188	403	3533	3018	877	7.48883374689826	DS60
WECC12189	502	3615	3377	1025	6.72709163346614	DS60
WECC12192	706	5938	5449	1612	7.71813031161473	DS60
WECC12193	467	3738	3148	955	6.74089935760171	DS60
WECC12195	173	1556	985	241	5.69364161849711	DS60
WECC12196	448	4535	4113	1015	9.18080357142857	DS60
WECC12197	175	1509	1149	329	6.56571428571429	DS60
WECC12198	351	2680	2706	808	7.70940170940171	DS60
WECC12199	407	4290	3807	1010	9.35380835380835	DS60
WECC12200	229	2178	2007	499	8.76419213973799	DS60
WECC12201	748	5530	5405	1613	7.22593582887701	DS60
WECC12202	243	2138	1203	314	4.95061728395062	DS60
WECC12203	549	3972	3417	1067	6.22404371584699	DS60
WECC12204	2747	27705	28623	8792	10.4197306152166	DS60
WECC12205	401	4057	3587	981	8.94513715710723	DS60
WECC12207	1277	11308	10614	3497	8.31166797180893	DS60
WECC12208	3259	31817	33383	9744	10.2433261736729	DS60
WECC12209	750	5752	5444	1601	7.25866666666667	DS60
WECC12212	2435	24669	24581	7434	10.0948665297741	DS60
WECC12213	304	2412	1998	632	6.57236842105263	DS60
WECC12215	1249	10151	10218	3050	8.18094475580464	DS60
WECC12216	1891	16542	18035	5900	9.53728186144897	DS60
WECC12217	3828	41370	38787	10181	10.1324451410658	DS60
WECC12218	2362	21227	20263	6461	8.57874682472481	DS60
WECC12219	204	1835	1352	372	6.62745098039216	DS60
WECC12221	757	6739	6492	2063	8.57595772787318	DS60
WECC12223	517	4604	3737	1096	7.22823984526112	DS60
WECC12224	397	3098	2637	845	6.64231738035265	DS60
WECC12227	1132	9480	9222	3198	8.14664310954064	DS60
WECC12229	627	5069	4626	1415	7.37799043062201	DS60
WECC12231	1514	12024	13158	4709	8.69088507265522	DS60
WECC12232	407	3641	2738	897	6.72727272727273	DS60
WECC12233	254	2373	1594	445	6.2755905511811	DS60
WECC12235	461	7813	6555	1040	14.2190889370933	DS60
WECC12236	787	4924	4873	1585	6.19186785260483	DS60
WECC12237	1579	14406	15456	4463	9.78847371754275	DS60
WECC12240	508	3890	3539	1140	6.96653543307087	DS60
WECC12242	672	4669	4342	1417	6.46130952380952	DS60
WECC12243	1511	11709	11055	3884	7.31634679020516	DS60
WECC12244	746	7055	6733	2162	9.0254691689008	DS60
WECC12246	3118	28330	28627	8923	9.18120590121873	DS60
WECC12247	1233	12093	11009	2856	8.92862935928629	DS60
WECC12248	1214	10600	10738	3507	8.84514003294893	DS60
WECC12249	941	9927	8412	2396	8.9394261424017	DS60
WECC12250	254	1996	1183	313	4.65748031496063	DS60
WECC12251	1455	13155	12424	3752	8.53883161512028	DS60
WECC12252	968	8539	7572	2294	7.82231404958678	DS60
WECC12253	734	6378	6134	1834	8.35694822888283	DS60
WECC12254	179	1207	862	294	4.81564245810056	DS60
WECC12256	2822	24062	27507	9752	9.74734231041814	DS60
WECC12257	2739	23086	22656	7485	8.27163198247536	DS60
WECC12259	250	2471	1762	413	7.048	DS60
WECC12260	2910	33024	28978	8634	9.95807560137457	DS60
WECC12261	472	3747	3457	868	7.32415254237288	DS60
WECC12262	177	1519	943	273	5.32768361581921	DS60
WECC12263	265	2283	1783	543	6.72830188679245	DS60
WECC12264	265	2680	2477	655	9.34716981132076	DS60
WECC12265	411	3175	2964	891	7.21167883211679	DS60
WECC12266	661	5430	5287	1632	7.99848714069592	DS60
WECC12268	856	6427	5742	1672	6.70794392523365	DS60
WECC12269	977	7509	6979	2456	7.14329580348004	DS60
WECC12272	426	3295	2923	889	6.86150234741784	DS60
WECC12273	214	1793	1202	305	5.61682242990654	DS60
WECC12274	1587	12211	12350	4060	7.78197857592943	DS60
WECC12275	886	6968	6548	1897	7.39051918735892	DS60
WECC12277	915	8648	7488	2143	8.18360655737705	DS60
WECC12279	565	4474	3995	1291	7.07079646017699	DS60
WECC12280	705	6516	5189	1613	7.36028368794326	DS60
WECC12281	1043	10314	8397	2249	8.05081495685523	DS60
WECC12282	443	6519	4857	1082	10.9638826185102	DS60
WECC12287	284	2769	2167	536	7.63028169014085	DS60
WECC12292	498	5253	4771	1264	9.58032128514056	DS60
WECC12294	221	1686	1417	435	6.41176470588235	DS60
WECC12295	194	1511	1256	337	6.47422680412371	DS60
WECC12296	490	3615	3667	1371	7.48367346938776	DS60
WECC12297	625	4710	4601	1696	7.3616	DS60
WECC12298	370	3172	2184	642	5.9027027027027	DS60
WECC12299	609	5051	4419	1260	7.25615763546798	DS60
WECC12300	703	6366	5799	1903	8.24893314366999	DS60
WECC12303	1085	9512	9003	2647	8.29769585253456	DS60
WECC12304	901	7048	6089	1876	6.75804661487236	DS60
WECC12305	2952	28030	27012	7907	9.15040650406504	DS60
WECC12306	2645	26345	24562	7534	9.28620037807183	DS60
WECC12307	3390	31489	32174	9629	9.49085545722714	DS60
WECC12308	781	6150	5569	1714	7.13060179257362	DS60
WECC12309	993	7145	6809	2550	6.85699899295066	DS60
WECC12311	749	8412	7465	1834	9.96662216288384	DS60
WECC12312	2702	21773	24799	8606	9.1780162842339	DS60
WECC12315	795	8620	7342	1815	9.23522012578616	DS60
WECC12316	964	12006	10400	2507	10.7883817427386	DS60
WECC12317	231	2742	2320	538	10.04329004329	DS60
WECC12318	1097	8856	8018	2410	7.30902461257976	DS60
WECC12320	203	2041	1318	387	6.49261083743842	DS60
WECC12322	1986	16827	16028	4748	8.07049345417926	DS60
WECC12323	373	4003	3236	668	8.67560321715818	DS60
WECC12324	253	1711	1221	402	4.82608695652174	DS60
WECC12326	539	4203	3727	1134	6.91465677179963	DS60
WECC12327	755	5995	5966	2027	7.90198675496689	DS60
WECC12330	2536	22807	21974	7548	8.66482649842271	DS60
WECC12331	426	3268	2385	720	5.59859154929578	DS60
WECC12332	1041	9634	8521	2388	8.18539865513929	DS60
WECC12333	677	5862	5309	1773	7.84194977843427	DS60
WECC12335	2800	24070	24451	8373	8.7325	DS60
WECC12336	672	5452	4418	1402	6.57440476190476	DS60
WECC12338	1103	8297	7282	2318	6.60199456029012	DS60
WECC12339	1948	15061	16070	5701	8.24948665297741	DS60
WECC12340	860	6245	6103	2220	7.09651162790698	DS60
WECC12341	186	1534	1112	286	5.97849462365591	DS60
WECC12342	488	3677	3030	1010	6.20901639344262	DS60
WECC12343	2538	22624	23445	8123	9.23758865248227	DS60
WECC12344	557	4164	3943	1279	7.07899461400359	DS60
WECC12345	563	6005	5105	1334	9.06749555950266	DS60
WECC12346	764	6005	5040	1603	6.59685863874346	DS60
WECC12347	717	5327	4506	1596	6.28451882845188	DS60
WECC12349	232	2074	1327	357	5.7198275862069	DS60
WECC12350	893	6546	6224	1912	6.96976483762598	DS60
WECC12351	563	5150	4391	1362	7.79928952042629	DS60
WECC12352	147	1168	1005	276	6.83673469387755	DS60
WECC12353	1111	8546	7976	2324	7.17911791179118	DS60
WECC12354	747	6797	5221	1525	6.98929049531459	DS60
WECC12355	1863	15166	14982	5061	8.04186795491143	DS60
WECC12356	1141	9933	9696	2640	8.49780893952673	DS60
WECC12358	3139	29363	29736	9137	9.47308059891685	DS60
WECC12359	333	2994	2717	795	8.15915915915916	DS60
WECC12360	238	2159	1801	525	7.5672268907563	DS60
WECC12361	675	4273	4074	1273	6.03555555555556	DS60
WECC12363	3013	24438	25596	8920	8.49518752074344	DS60
WECC12364	421	3687	2429	677	5.76959619952494	DS60
WECC12368	1089	9267	8376	2608	7.69146005509642	DS60
WECC12370	1706	15828	14789	4100	8.66881594372802	DS60
WECC12371	220	1673	1170	321	5.31818181818182	DS60
WECC12372	197	1873	1330	355	6.751269035533	DS60
WECC12374	236	2249	1637	469	6.9364406779661	DS60
WECC12375	187	1847	1117	362	5.97326203208556	DS60
WECC12376	397	3557	2638	836	6.6448362720403	DS60
WECC12378	1718	21423	18571	4535	10.8096623981374	DS60
WECC12379	649	4764	4404	1395	6.78582434514638	DS60
WECC12380	1342	16864	14241	3549	10.6117734724292	DS60
WECC12383	576	4374	4420	1527	7.67361111111111	DS60
WECC13001	5208	119773	110821	36058	21.2789938556068	DS60
WECC13002	2627	65198	55191	16291	21.0091358964598	DS60
WECC13005	1275	30869	26009	6889	20.3992156862745	DS60
WECC13006	1016	27752	18831	4202	18.5344488188976	DS60
WECC13007	1874	42701	35500	10889	18.9434364994664	DS60
WECC13008	2292	50021	43903	12831	19.1548865619546	DS60
WECC13009	1502	35842	28339	8292	18.8675099866844	DS60
WECC13010	780	16318	8991	2722	11.5269230769231	DS60
WECC13011	1253	28379	21218	7102	16.9337589784517	DS60
WECC13013	1466	30403	24621	8259	16.7946793997271	DS60
WECC13014	4912	117135	107716	27532	21.9291530944625	DS60
WECC13017	605	13351	10153	3246	16.7818181818182	DS60
WECC13018	1558	35592	29808	8993	19.1322207958922	DS60
WECC13019	2073	45153	39237	12082	18.9276410998553	DS60
WECC13020	1635	37953	29661	8082	18.1412844036697	DS60
WECC13021	2994	72063	64808	20364	21.6459585838343	DS60
WECC13022	1458	38358	29758	8054	20.4101508916324	DS60
WECC13023	1303	29290	23504	8011	18.0383729854183	DS60
WECC13025	3382	79460	71690	24057	21.1975162625665	DS60
WECC13026	1446	29984	26049	7987	18.0145228215768	DS60
WECC13027	3581	88876	82985	23389	23.1736944987434	DS60
WECC13028	1658	31621	28560	10452	17.2255729794934	DS60
WECC13029	3926	92401	86838	26893	22.1186958736628	DS60
WECC13033	3404	97109	78967	23115	23.1982961222092	DS60
WECC13034	2774	63313	56770	17922	20.465032444124	DS60
WECC13036	1440	30530	24163	8054	16.7798611111111	DS60
WECC13037	2146	50264	42128	11904	19.6309412861137	DS60
WECC13038	1669	34158	30522	9794	18.2875973636908	DS60
WECC13039	1952	50107	41719	10566	21.3724385245902	DS60
WECC13041	2098	47031	40325	13656	19.2206863679695	DS60
WECC13043	1533	29749	26449	7846	17.2530984996738	DS60
WECC13044	3112	78440	71692	20083	23.0372750642674	DS60
WECC13046	2759	71306	66344	14702	24.0463936208771	DS60
WECC13047	1793	38827	29001	8611	16.1745677635248	DS60
WECC13048	1735	33107	29882	9849	17.2230547550432	DS60
WECC13050	2479	51709	49329	17518	19.8987494957644	DS60
WECC13054	888	20699	14038	4091	15.8085585585586	DS60
WECC13057	1705	35533	30968	9864	18.1630498533724	DS60
WECC13058	1045	22237	16680	5005	15.9617224880383	DS60
WECC13060	2597	54934	52019	17152	20.0304197150558	DS60
WECC13061	1258	25953	22037	6874	17.5174880763116	DS60
WECC13062	1940	46048	40096	11597	20.6680412371134	DS60
WECC13063	2677	58858	54973	18477	20.5353007097497	DS60
WECC13064	1387	35767	26169	6039	18.8673395818313	DS60
WECC13065	1894	42543	36558	11970	19.3020063357973	DS60
WECC13066	2283	42465	40446	15495	17.7161629434954	DS60
WECC13069	2746	59512	55131	16977	20.0768390386016	DS60
WECC13070	1389	35963	26701	6870	19.2231821454284	DS60
WECC13071	740	15928	8888	2658	12.0108108108108	DS60
WECC13072	1758	44818	37057	9602	21.0790671217292	DS60
WECC13074	1609	31001	25356	8949	15.7588564325668	DS60
WECC13075	1795	52489	38993	9304	21.7231197771588	DS60
WECC13076	1580	41167	30901	8588	19.5575949367089	DS60
WECC13077	4036	90087	85369	25265	21.1518830525273	DS60
WECC13078	970	17777	13297	4336	13.7082474226804	DS60
WECC13083	1809	43330	34242	8245	18.9286898839138	DS60
WECC13084	998	20582	13232	3649	13.2585170340681	DS60
WECC13085	1418	29641	25760	8393	18.1664315937941	DS60
WECC13087	5821	155025	139193	32299	23.9122143961519	DS60
WECC13088	3207	70328	66404	20458	20.7059557218584	DS60
WECC13092	1923	51909	41500	9108	21.5808632345294	DS60
WECC13093	2619	70302	61425	15589	23.4536082474227	DS60
WECC13094	3303	75624	65674	19613	19.8831365425371	DS60
WECC13095	3219	68012	68602	23929	21.3115874495185	DS60
WECC13096	3097	73370	66658	19902	21.5234097513723	DS60
WECC13097	1385	32158	26178	8704	18.901083032491	DS60
WECC13098	1736	35767	34207	12405	19.7044930875576	DS60
WECC13099	1469	33708	29797	9601	20.283866575902	DS60
WECC13100	14945	434525	395152	92871	26.4404148544664	DS60
WECC13101	578	10470	7705	1872	13.3304498269896	DS60
WECC13102	4598	100861	92350	28927	20.0848194867334	DS60
WECC13105	2004	44182	42094	13579	21.0049900199601	DS60
WECC13107	1760	37182	34775	11517	19.7585227272727	DS60
WECC13108	1886	40065	36953	10914	19.5933191940615	DS60
WECC13109	1058	21044	18227	6011	17.2277882797732	DS60
WECC13110	2828	68952	64004	16426	22.6322489391796	DS60
WECC13111	1079	23940	17882	5599	16.5727525486562	DS60
WECC13116	1311	29192	23385	7291	17.837528604119	DS60
WECC13117	2199	44378	41572	13310	18.9049567985448	DS60
WECC13119	2316	55325	47505	16133	20.5116580310881	DS60
WECC13121	4589	97905	92999	29264	20.2656352146437	DS60
WECC13122	2479	45451	42630	14688	17.1964501815248	DS60
WECC13124	1475	39022	30590	6962	20.7389830508475	DS60
WECC13125	3230	75365	66354	20770	20.5430340557276	DS60
WECC13126	1189	34637	23345	4765	19.6341463414634	DS60
WECC13128	2084	47124	42006	13252	20.1564299424184	DS60
WECC13129	1810	39104	36250	12863	20.0276243093923	DS60
WECC13130	1666	37919	31890	11709	19.1416566626651	DS60
WECC13132	951	21738	15461	3924	16.2576235541535	DS60
WECC13134	780	15329	10582	2545	13.5666666666667	DS60
WECC13135	1444	38079	29276	6286	20.2742382271468	DS60
WECC13136	1246	27327	21355	6715	17.1388443017657	DS60
WECC13138	2234	48186	38453	12752	17.2126230975828	DS60
WECC13139	1408	45354	31983	6702	22.7151988636364	DS60
WECC13140	1649	34952	30030	10231	18.2110369921164	DS60
WECC13141	1851	41224	34838	10307	18.8211777417612	DS60
WECC13143	992	20408	15505	4625	15.6300403225806	DS60
WECC13145	2185	45104	42038	15390	19.2393592677346	DS60
WECC13146	1511	33846	27853	7665	18.4334877564527	DS60
WECC13148	999	20682	16628	5290	16.6446446446446	DS60
WECC13149	1594	34572	32777	10980	20.5627352572146	DS60
WECC13151	9376	249017	227259	60073	24.2383745733788	DS60
WECC13152	982	22573	15600	4467	15.8859470468432	DS60
WECC13154	791	16529	10056	2860	12.7130214917826	DS60
WECC13156	2986	69631	67786	21247	22.7012726054923	DS60
WECC13159	2237	71376	54220	9081	24.2378185069289	DS60
WECC13160	1561	41488	33264	8789	21.3094170403587	DS60
WECC13161	4227	118347	101258	24154	23.9550508634966	DS60
WECC13162	6084	147153	140050	41235	23.0193951347798	DS60
WECC13163	1145	30239	20299	4312	17.728384279476	DS60
WECC13164	3408	72534	67738	22495	19.8761737089202	DS60
WECC13166	2914	64110	61695	22089	21.171928620453	DS60
WECC13168	4802	116463	106113	29027	22.097667638484	DS60
WECC13169	5345	189356	152661	37935	28.5614593077643	DS60
WECC13171	1657	36530	31637	9912	19.0929390464695	DS60
WECC13173	2175	51364	46995	14916	21.6068965517241	DS60
WECC13174	1531	41887	30462	8217	19.8967994774657	DS60
WECC13176	5876	198538	170845	28998	29.0750510551396	DS60
WECC13177	1296	32318	25795	7394	19.9035493827161	DS60
WECC13180	1456	31088	25626	7563	17.6002747252747	DS60
WECC13181	3884	104489	100188	26316	25.7950566426365	DS60
WECC13182	1130	22041	16285	4875	14.4115044247788	DS60
WECC13183	2812	65674	61047	19972	21.7094594594595	DS60
WECC13184	1857	50998	42382	9249	22.8228325255789	DS60
WECC13186	6735	153561	156488	49008	23.2350408314774	DS60
WECC13190	2653	56519	48567	13901	18.3064455333585	DS60
WECC13191	1310	28449	21332	7066	16.2839694656489	DS60
WECC13194	2412	69982	56261	12205	23.325456053068	DS60
WECC13195	3167	76979	69388	21119	21.9096937164509	DS60
WECC13196	3885	105191	93564	25616	24.0833976833977	DS60
WECC13197	926	19928	16118	5565	17.4060475161987	DS60
WECC13198	1878	44638	36180	10556	19.2651757188498	DS60
WECC13199	1904	51146	41190	10049	21.6334033613445	DS60
WECC13201	2145	61964	50291	11700	23.4456876456876	DS60
WECC13202	1108	28739	21992	5952	19.8483754512635	DS60
WECC13204	5056	148575	127560	26811	25.2294303797468	DS60
WECC13206	2059	48532	40846	12445	19.8377853326858	DS60
WECC13207	2686	73783	58883	12525	21.9221891288161	DS60
WECC13208	1133	54131	27155	3790	23.9673433362754	DS60
WECC13209	3592	106391	91186	17022	25.3858574610245	DS60
WECC13211	2000	59423	46519	10002	23.2595	DS60
WECC13212	1719	40715	35807	9655	20.8301337987202	DS60
WECC13214	1047	21393	13848	3998	13.2263610315186	DS60
WECC13216	2258	49537	46367	14509	20.5345438441098	DS60
WECC13217	1019	25125	16648	4805	16.3375858684985	DS60
WECC13219	1535	30878	26538	8918	17.2885993485342	DS60
WECC13221	1413	30752	24503	7733	17.3411181882519	DS60
WECC13222	1552	33808	29272	9240	18.860824742268	DS60
WECC13225	2644	62875	53030	14882	20.0567322239032	DS60
WECC13226	3598	104273	87693	17950	24.3727070594775	DS60
WECC13227	7762	183086	186697	57247	24.0526926049987	DS60
WECC13229	953	19995	12779	4160	13.4092339979014	DS60
WECC13230	1195	27056	21005	6136	17.5774058577406	DS60
WECC13231	1406	32665	25238	6728	17.950213371266	DS60
WECC13232	3010	71133	61539	19355	20.4448504983389	DS60
WECC13233	1524	37574	30079	6565	19.7368766404199	DS60
WECC13234	6877	179910	170274	42841	24.7599243856333	DS60
WECC13235	3999	92822	85263	24341	21.3210802700675	DS60
WECC13238	1374	29015	24152	7959	17.5778748180495	DS60
WECC13239	1366	30603	25635	7011	18.7664714494876	DS60
WECC13240	2388	51826	36294	11449	15.1984924623116	DS60
WECC13241	4015	110474	90982	22988	22.6605230386052	DS60
WECC13242	1596	37965	30366	8692	19.0263157894737	DS60
WECC13243	1022	19472	15518	4560	15.1839530332681	DS60
WECC13244	2154	44212	40212	13975	18.6685236768802	DS60
WECC13245	1362	37049	27869	6300	20.4618208516887	DS60
WECC13246	1819	56339	44724	8528	24.587135788895	DS60
WECC13247	5492	161773	138463	32635	25.2117625637291	DS60
WECC13248	670	12210	8562	2808	12.7791044776119	DS60
WECC13250	1249	27618	20354	5992	16.2962369895917	DS60
WECC13252	3663	87050	71608	20756	19.5490035490035	DS60
WECC13253	849	18359	12806	3465	15.0836277974087	DS60
WECC13255	1726	45053	39078	10872	22.6407879490151	DS60
WECC13256	1643	37667	33082	10593	20.1351186853317	DS60
WECC13259	2011	50610	41783	11283	20.7772252610641	DS60
WECC13260	2388	44591	42188	14229	17.6666666666667	DS60
WECC13262	1839	44899	33391	9938	18.1571506253399	DS60
WECC13263	1808	40087	28252	8040	15.6261061946903	DS60
WECC13265	1374	35797	25111	5742	18.2758369723435	DS60
WECC13267	2111	50996	46246	14031	21.9071530080531	DS60
WECC13269	1953	49882	39624	11516	20.2887864823349	DS60
WECC13270	1527	31079	26317	8107	17.2344466273739	DS60
WECC13271	5586	146157	124948	35596	22.3680630146796	DS60
WECC13273	2957	75150	63519	19487	21.4808927967535	DS60
WECC13274	1710	41195	33373	8335	19.5163742690059	DS60
WECC13275	8247	197675	188162	52392	22.8158118103553	DS60
WECC13277	1200	24446	20461	6969	17.0508333333333	DS60
WECC13278	2328	55910	48422	13884	20.7998281786942	DS60
WECC13279	1897	58334	45274	8659	23.8661043753295	DS60
WECC13281	1204	26125	19836	7236	16.4750830564784	DS60
WECC13282	1693	56681	42990	7420	25.3927938570585	DS60
WECC13283	1761	45400	37439	10293	21.2600795002839	DS60
WECC13284	3243	81565	68210	17201	21.0329941412273	DS60
WECC13285	3439	107234	93011	20691	27.0459435882524	DS60
WECC13286	1652	40061	31816	9028	19.2590799031477	DS60
WECC13287	5901	171921	141544	35214	23.9864429757668	DS60
WECC13289	555	11484	6655	1942	11.990990990991	DS60
WECC13290	3129	82024	71341	23161	22.7999360818153	DS60
WECC13291	1164	28003	22014	5987	18.9123711340206	DS60
WECC13293	3247	69451	62338	20547	19.1986449029874	DS60
WECC13294	1738	37280	32710	10023	18.8204833141542	DS60
WECC13295	794	14321	10609	3381	13.3614609571788	DS60
WECC13296	1037	22865	14828	4728	14.2989392478303	DS60
WECC13298	821	14706	11899	4290	14.4933008526188	DS60
WECC13299	9998	264696	258820	59967	25.8871774354871	DS60
WECC13300	895	20291	14256	3969	15.9284916201117	DS60
WECC13301	1602	31837	25134	8577	15.689138576779	DS60
WECC13304	5723	117771	113190	37277	19.7780884151669	DS60
WECC13308	715	18196	11396	3140	15.9384615384615	DS60
WECC13309	943	21366	15961	5157	16.9257688229056	DS60
WECC13311	2653	71323	59804	15787	22.5420278929514	DS60
WECC13312	1789	46399	36410	8733	20.352152040246	DS60
WECC13313	1699	40035	32234	9712	18.9723366686286	DS60
WECC13314	1437	31120	25662	9036	17.8580375782881	DS60
WECC13315	1254	26033	21153	6732	16.8684210526316	DS60
WECC13316	1088	22645	17464	5876	16.0514705882353	DS60
WECC13317	1691	40686	30388	11128	17.9704316972206	DS60
WECC13319	1313	24519	18848	6658	14.3549124143184	DS60
WECC13320	1065	24597	17808	5083	16.7211267605634	DS60
WECC13321	1120	28163	22168	7392	19.7928571428571	DS60
WECC13322	1958	55977	42817	12875	21.867722165475	DS60
WECC13325	1321	33245	25216	7638	19.0885692657078	DS60
WECC13326	1246	30488	21924	6607	17.5955056179775	DS60
WECC13327	1574	30664	26059	7720	16.5559085133418	DS60
WECC13330	1196	23306	17488	5906	14.6220735785953	DS60
WECC13331	5933	163067	147557	33589	24.8705545255351	DS60
WECC13332	1423	31895	29051	8105	20.4153197470134	DS60
WECC13333	2779	61345	54497	17737	19.6102914717524	DS60
WECC13334	1447	38346	28021	6018	19.3648928818245	DS60
WECC13335	3635	77045	76728	25043	21.1081155433287	DS60
WECC13336	3119	69837	60660	15492	19.4485411991023	DS60
WECC13337	1417	34902	29067	9626	20.5130557515879	DS60
WECC13339	1693	33420	30656	11208	18.1075014766686	DS60
WECC13340	2536	60186	49662	17106	19.5828075709779	DS60
WECC13346	1890	51477	44338	13404	23.4592592592593	DS60
WECC13347	2658	66280	55578	14316	20.9097065462754	DS60
WECC13348	1073	20561	16958	5722	15.8042870456664	DS60
WECC13349	2742	63872	57045	18750	20.8041575492341	DS60
WECC13350	986	22623	18673	5992	18.9381338742394	DS60
WECC13351	2035	46018	38728	13737	19.0309582309582	DS60
WECC13352	1628	46082	34901	12322	21.4379606879607	DS60
WECC13353	3180	63218	60007	20002	18.8701257861635	DS60
WECC13354	1898	39807	34795	11594	18.3324552160169	DS60
WECC13355	2491	37553	39027	15207	15.667201926937	DS60
WECC13359	7755	209284	198664	55320	25.6175370728562	DS60
WECC13361	805	18360	10736	2839	13.3366459627329	DS60
WECC13362	2882	71348	62552	16862	21.7043719639139	DS60
WECC13363	4147	97916	88851	29052	21.4253677357126	DS60
WECC13364	2229	48384	42177	13116	18.9219380888291	DS60
WECC13365	1641	43986	33926	8650	20.6739792809263	DS60
WECC13367	2485	56831	51122	16226	20.5722334004024	DS60
WECC13368	2109	44727	37364	12760	17.7164532954007	DS60
WECC13369	2211	45939	41234	14731	18.6494798733605	DS60
WECC13370	4232	109646	104875	24886	24.781427221172	DS60
WECC13371	4626	110375	100184	26027	21.6567228707307	DS60
WECC13373	1785	37811	30788	10290	17.2481792717087	DS60
WECC13374	2342	47128	44347	15750	18.9355251921435	DS60
WECC13376	4447	103339	98122	35098	22.0647627614122	DS60
WECC13377	1089	23940	18308	5945	16.811753902663	DS60
WECC13378	1830	37399	31406	11099	17.1617486338798	DS60
WECC13379	2705	68372	57852	16102	21.3870609981516	DS60
WECC13380	6257	159197	138290	37583	22.1016461563049	DS60
WECC13381	1857	48224	35924	8362	19.3451803984922	DS60
WECC13382	2748	68813	60768	15336	22.1135371179039	DS60
WECC13383	8707	256129	218098	61628	25.0485816010107	DS60
WECC13384	2406	47738	46253	14448	19.2240232751455	DS60
WECC14001	990	23122	18622	5537	18.810101010101	DS60
WECC14002	1814	64609	48915	8893	26.9652701212789	DS60
WECC14003	1503	40395	30053	6745	19.9953426480373	DS60
WECC14005	1405	37810	29697	7078	21.1366548042705	DS60
WECC14008	2622	82164	62279	15246	23.7524790236461	DS60
WECC14009	1302	40281	27726	5579	21.294930875576	DS60
WECC14011	1004	27423	17719	4241	17.648406374502	DS60
WECC14012	4125	84908	90791	33099	22.0099393939394	DS60
WECC14013	689	16559	9942	2568	14.4296081277213	DS60
WECC14014	967	20021	13403	3643	13.8603929679421	DS60
WECC14017	726	17568	14614	4141	20.129476584022	DS60
WECC14020	1017	20733	16782	5646	16.5014749262537	DS60
WECC14022	1604	46471	38153	11425	23.7861596009975	DS60
WECC14023	2422	65013	55859	14476	23.0631709331131	DS60
WECC14025	3319	87919	78053	25169	23.517023199759	DS60
WECC14026	1145	26122	22168	8082	19.3606986899563	DS60
WECC14027	741	16145	10632	3159	14.3481781376518	DS60
WECC14028	1126	29064	22620	5491	20.088809946714	DS60
WECC14029	2495	59188	55952	18777	22.4256513026052	DS60
WECC14030	2205	60153	53098	12535	24.0807256235828	DS60
WECC14031	1881	44159	37046	12396	19.6948431685274	DS60
WECC14032	1967	47958	42439	13425	21.5754956786985	DS60
WECC14033	4547	117371	109746	36031	24.1359137893116	DS60
WECC14034	1438	32252	27310	8624	18.9916550764951	DS60
WECC14035	1697	44597	38807	11482	22.8680023571008	DS60
WECC14039	2562	83742	66898	15856	26.1116315378611	DS60
WECC14042	5123	128583	113284	31204	22.1128245168846	DS60
WECC14043	3163	80086	73957	21998	23.3819159026241	DS60
WECC14045	1794	43820	33484	10051	18.6644370122631	DS60
WECC14046	911	22096	17221	5290	18.9034028540066	DS60
WECC14050	1382	34192	29088	9396	21.0477568740955	DS60
WECC14051	783	16592	10692	2623	13.6551724137931	DS60
WECC14052	1361	35810	30346	8866	22.2968405584129	DS60
WECC14053	1766	34828	33016	12315	18.6953567383918	DS60
WECC14054	2334	93567	67399	10299	28.8770351328192	DS60
WECC14055	1837	41504	40173	13621	21.8688078388677	DS60
WECC14058	3586	101997	94178	23099	26.2626882320134	DS60
WECC14060	2632	71832	67193	17490	25.5292553191489	DS60
WECC14061	1959	39178	39636	15314	20.2327718223583	DS60
WECC14062	1268	32411	23706	6601	18.6955835962145	DS60
WECC14063	1858	52313	40141	10355	21.6044133476857	DS60
WECC14064	3400	104054	79579	16863	23.4055882352941	DS60
WECC14065	4430	111514	104030	34625	23.4830699774266	DS60
WECC14067	1102	26393	18889	5451	17.1406533575318	DS60
WECC14070	1545	62124	47079	7707	30.4718446601942	DS60
WECC14071	1128	34069	26191	6215	23.2189716312057	DS60
WECC14073	672	13743	9607	3103	14.296130952381	DS60
WECC14074	3094	107742	82085	14374	26.5303813833226	DS60
WECC14075	1833	45864	41271	12958	22.5155482815057	DS60
WECC14076	3170	83211	78886	21642	24.8851735015773	DS60
WECC14078	1486	42247	31531	6650	21.2187079407806	DS60
WECC14079	2519	68636	59479	15744	23.6121476776499	DS60
WECC14081	5980	148002	144656	46678	24.189966555184	DS60
WECC14082	1038	26459	20347	6278	19.602119460501	DS60
WECC14083	1229	32391	22188	5717	18.0537021969081	DS60
WECC14084	703	13372	10059	3246	14.3086770981508	DS60
WECC14085	7520	228167	204056	57057	27.1351063829787	DS60
WECC14087	970	22472	17498	4742	18.039175257732	DS60
WECC14088	2319	41654	43878	17094	18.9210866752911	DS60
WECC14090	1164	29802	23337	7108	20.0489690721649	DS60
WECC14091	872	16599	13660	4932	15.6651376146789	DS60
WECC14092	1088	23788	17982	5356	16.5275735294118	DS60
WECC14094	2453	59076	55557	16815	22.6485935589075	DS60
WECC14096	710	19576	14756	3474	20.7830985915493	DS60
WECC14097	3956	107892	101784	31092	25.7290192113246	DS60
WECC14100	813	19545	20162	5484	24.79950799508	DS60
WECC14103	1694	41872	36206	13184	21.3730814639906	DS60
WECC14106	3141	82529	72988	21454	23.2371856096784	DS60
WECC14108	1247	32871	26462	6783	21.2205292702486	DS60
WECC14109	1072	20949	17993	6564	16.7845149253731	DS60
WECC14110	2265	95856	75446	11156	33.3094922737307	DS60
WECC14115	2611	74105	64581	20165	24.7342014553811	DS60
WECC14117	904	19146	15014	5023	16.608407079646	DS60
WECC14118	5986	153632	143448	46280	23.9639158035416	DS60
WECC14120	532	12703	8736	2875	16.421052631579	DS60
WECC14121	1557	38629	33102	10717	21.2601156069364	DS60
WECC14124	992	27935	21694	5426	21.8689516129032	DS60
WECC14125	1928	44434	40127	13206	20.8127593360996	DS60
WECC14126	5316	162480	154025	39496	28.9738525206923	DS60
WECC14127	1514	33034	29258	9739	19.3249669749009	DS60
WECC14128	1485	41685	37077	9720	24.9676767676768	DS60
WECC14130	780	15899	11858	3737	15.2025641025641	DS60
WECC14133	1572	37912	29604	8101	18.8320610687023	DS60
WECC14136	6529	165483	152891	51054	23.4172155000766	DS60
WECC14138	6755	188576	176502	51359	26.1290895632865	DS60
WECC14139	869	28109	19880	4042	22.8768699654776	DS60
WECC14140	3057	80313	76025	24210	24.8691527641479	DS60
WECC14141	4546	138784	117692	32937	25.8891333040035	DS60
WECC14143	1129	31949	23493	6261	20.8086802480071	DS60
WECC14145	1384	28337	26433	9954	19.0989884393064	DS60
WECC14148	1629	39124	32518	9479	19.9619398403929	DS60
WECC14149	1166	32718	25883	7024	22.1981132075472	DS60
WECC14150	1426	37175	30624	9192	21.4754558204769	DS60
WECC14152	1646	49841	37407	7545	22.7260024301337	DS60
WECC14154	1102	32059	23282	4418	21.1270417422868	DS60
WECC14155	1237	30718	26744	8584	21.6200485044462	DS60
WECC14157	394	9386	4485	1272	11.3832487309645	DS60
WECC14159	2784	70753	66803	21649	23.9953304597701	DS60
WECC14160	3368	134874	100004	23014	29.6923990498812	DS60
WECC14161	4140	112535	109524	31479	26.4550724637681	DS60
WECC14162	781	19874	15254	4242	19.5313700384123	DS60
WECC14163	1980	52815	48567	12077	24.5287878787879	DS60
WECC14164	2636	79888	70105	16268	26.595220030349	DS60
WECC14165	4335	250956	191119	20897	44.0874279123414	DS60
WECC14166	1092	32128	23890	4132	21.8772893772894	DS60
WECC14167	722	15738	10687	3031	14.8019390581717	DS60
WECC14168	4788	107394	106881	35569	22.3226817042607	DS60
WECC14169	892	30744	25234	6887	28.2892376681614	DS60
WECC14170	2842	108283	92001	13881	32.371921182266	DS60
WECC14171	1708	46966	39239	11685	22.9736533957845	DS60
WECC14173	904	25717	18702	4379	20.6880530973451	DS60
WECC14175	2010	57039	49635	14903	24.6940298507463	DS60
WECC14176	1892	62656	47343	9221	25.0227272727273	DS60
WECC14178	1852	35338	33562	12187	18.122030237581	DS60
WECC14180	1669	41469	35972	11719	21.5530257639305	DS60
WECC14183	1666	50063	44305	10715	26.593637454982	DS60
WECC14184	1053	29514	21830	6087	20.7312440645774	DS60
WECC14185	898	19528	16280	6073	18.1291759465479	DS60
WECC14186	6206	199334	169671	41181	27.3398324202385	DS60
WECC14189	910	19853	16555	5988	18.1923076923077	DS60
WECC14191	3968	92987	89960	29467	22.6713709677419	DS60
WECC14192	6439	195033	165123	40802	25.6441994098463	DS60
WECC14196	1639	42074	35144	10296	21.4423428920073	DS60
WECC14198	1676	38452	35280	11660	21.0501193317422	DS60
WECC14200	6757	214566	186754	41393	27.6385970105076	DS60
WECC14202	2071	45313	44832	16264	21.6475132786094	DS60
WECC14203	1413	29900	27030	9453	19.1295116772824	DS60
WECC14204	1513	36376	31446	10819	20.7838730998017	DS60
WECC14208	3289	88087	73411	22966	22.3201581027668	DS60
WECC14209	2043	64262	53567	12565	26.2197748409202	DS60
WECC14213	4457	127124	123127	37153	27.6255328696433	DS60
WECC14215	1893	54809	44267	10411	23.3845747490755	DS60
WECC14218	722	15448	8952	3028	12.398891966759	DS60
WECC14220	769	19502	13357	3112	17.369310793238	DS60
WECC14223	861	17819	11131	3198	12.9279907084785	DS60
WECC14226	726	17646	11646	2817	16.0413223140496	DS60
WECC14227	1500	37995	30015	9405	20.01	DS60
WECC14228	525	11851	5947	1600	11.327619047619	DS60
WECC14229	3852	97239	91843	26717	23.8429387331257	DS60
WECC14230	1277	40718	33257	7149	26.0430696945967	DS60
WECC14233	1440	34795	29034	9590	20.1625	DS60
WECC14234	5749	172286	152937	40761	26.602365628805	DS60
WECC14235	872	23917	15485	3225	17.7580275229358	DS60
WECC14236	2882	87843	74272	16152	25.7709923664122	DS60
WECC14238	6131	186829	173196	41977	28.2492252487359	DS60
WECC14239	1887	52809	45417	13865	24.0683624801272	DS60
WECC14240	834	21495	13175	3690	15.7973621103118	DS60
WECC14244	1285	34253	27342	7725	21.2778210116732	DS60
WECC14246	2881	106901	80224	18956	27.8458868448455	DS60
WECC14248	667	14734	9859	2855	14.7811094452774	DS60
WECC14249	2030	52870	44778	12362	22.0581280788177	DS60
WECC14252	2999	89156	79597	19435	26.5411803934645	DS60
WECC14253	5548	165074	153837	41982	27.7283705839942	DS60
WECC14256	1582	37968	33662	11228	21.2781289506953	DS60
WECC14259	961	24357	19634	6040	20.4308012486993	DS60
WECC14260	1112	27121	21401	5138	19.2455035971223	DS60
WECC14261	1100	33367	25600	5788	23.2727272727273	DS60
WECC14263	958	21998	19606	6177	20.4655532359081	DS60
WECC14265	2825	66205	65475	22032	23.1769911504425	DS60
WECC14268	6652	187320	179731	55158	27.0190920024053	DS60
WECC14269	2190	63118	52571	12856	24.0050228310502	DS60
WECC14270	948	20363	15881	4809	16.7521097046414	DS60
WECC14271	2436	68813	57296	15270	23.5205254515599	DS60
WECC14272	2639	71534	57079	14205	21.6290261462675	DS60
WECC14273	820	19321	14652	4704	17.8682926829268	DS60
WECC14274	2061	43512	42869	16179	20.8000970402717	DS60
WECC14275	1470	37891	30517	8218	20.7598639455782	DS60
WECC14276	2371	67316	57834	16313	24.3922395613665	DS60
WECC14277	1818	54931	50141	11758	27.5803080308031	DS60
WECC14278	1189	33345	26154	7006	21.9966358284273	DS60
WECC14279	810	25058	17969	4445	22.183950617284	DS60
WECC14280	1061	28793	21575	4763	20.3345900094251	DS60
WECC14281	1740	44925	39594	11147	22.7551724137931	DS60
WECC14282	2050	54728	49465	15724	24.1292682926829	DS60
WECC14283	370	8477	4427	1056	11.9648648648649	DS60
WECC14284	1145	33121	23853	5742	20.8323144104804	DS60
WECC14285	739	17284	11301	2805	15.2922868741543	DS60
WECC14287	2789	82428	70632	23181	25.325206167085	DS60
WECC14288	6855	180396	157665	41973	23	DS60
WECC14291	1222	30398	26713	9169	21.8600654664484	DS60
WECC14292	781	17070	12023	3681	15.3943661971831	DS60
WECC14293	1205	26473	21640	6811	17.9585062240664	DS60
WECC14294	2232	56513	52449	16977	23.4986559139785	DS60
WECC14297	2786	67709	70542	23565	25.3201722900215	DS60
WECC14300	1852	73904	54518	10158	29.4373650107991	DS60
WECC14302	1186	37753	28472	5513	24.0067453625632	DS60
WECC14304	1915	46568	38618	11363	20.1660574412533	DS60
WECC14306	4054	109141	101380	30665	25.007400098668	DS60
WECC14307	1343	33261	28222	9591	21.0141474311244	DS60
WECC14309	572	12664	9601	2895	16.784965034965	DS60
WECC14311	5502	117348	133655	48931	24.2920756088695	DS60
WECC14312	1225	35674	24521	5814	20.0171428571429	DS60
WECC14313	1079	21837	18683	6494	17.3151065801668	DS60
WECC14314	1759	35782	35611	13424	20.2450255827175	DS60
WECC14315	5888	173680	155583	43142	26.4237432065217	DS60
WECC14316	1566	32694	29754	11926	19	DS60
WECC14317	2178	67193	55332	13831	25.404958677686	DS60
WECC14319	988	24136	18418	5078	18.6417004048583	DS60
WECC14322	1580	36625	34318	11133	21.720253164557	DS60
WECC14324	1231	27748	21285	6070	17.2908204711617	DS60
WECC14325	967	22469	17521	5685	18.1189245087901	DS60
WECC14326	1274	34703	26684	7192	20.9450549450549	DS60
WECC14327	4236	108723	99383	26585	23.4615203021719	DS60
WECC14328	3961	107290	92737	24306	23.4125220903812	DS60
WECC14329	3050	115390	96256	17596	31.5593442622951	DS60
WECC14331	2876	80356	70510	19702	24.5166898470097	DS60
WECC14332	6041	185828	163915	43297	27.133752689952	DS60
WECC14333	1835	42907	38333	11834	20.8899182561308	DS60
WECC14340	1639	39419	31472	10530	19.2019524100061	DS60
WECC14341	1095	24454	17573	5648	16.048401826484	DS60
WECC14342	5175	155443	140852	34698	27.2177777777778	DS60
WECC14343	1831	43145	38642	11783	21.1043145821955	DS60
WECC14344	3683	92965	86609	28837	23.5158837903883	DS60
WECC14345	940	24666	15950	3542	16.968085106383	DS60
WECC14346	1452	48346	41256	8030	28.4132231404959	DS60
WECC14347	646	13096	8307	2529	12.859133126935	DS60
WECC14348	702	15679	10345	2948	14.7364672364672	DS60
WECC14349	1441	32725	27695	9383	19.2192921582235	DS60
WECC14351	1247	32062	25539	6697	20.4803528468324	DS60
WECC14352	2179	57180	56497	19967	25.9279486002754	DS60
WECC14353	3625	121768	96961	22291	26.7478620689655	DS60
WECC14355	3343	90182	84797	21462	25.3655399341909	DS60
WECC14356	1443	40998	35354	9144	24.5003465003465	DS60
WECC14358	1899	41892	36954	13310	19.4597156398104	DS60
WECC14359	2280	62647	53672	16381	23.540350877193	DS60
WECC14363	2519	78982	64560	14937	25.6292179436284	DS60
WECC14364	1597	37279	33610	10412	21.0457107075767	DS60
WECC14365	2086	66147	52546	13490	25.189837008629	DS60
WECC14366	3568	106654	98082	23239	27.4893497757848	DS60
WECC14367	1938	46858	42090	14461	21.71826625387	DS60
WECC14368	959	24558	17394	3646	18.1376433785193	DS60
WECC14369	1354	33040	28665	8971	21.1706056129985	DS60
WECC14370	3081	71743	72255	23340	23.4518013631938	DS60
WECC14371	3132	105697	79384	16417	25.3461047254151	DS60
WECC14373	1846	43961	40192	13946	21.7724810400867	DS60
WECC14374	8161	277096	231530	47344	28.3702977576277	DS60
WECC14376	1937	54076	44013	13060	22.722250903459	DS60
WECC14378	764	17797	13125	3860	17.1793193717278	DS60
WECC14379	2286	60452	54417	16995	23.8044619422572	DS60
WECC14380	900	25409	18709	4980	20.7877777777778	DS60
WECC14381	3957	109942	98698	28240	24.9426333080617	DS60
WECC14382	3925	89707	92263	31827	23.5064968152866	DS60
WECC14383	2692	75788	66136	20298	24.5676077265973	DS60
WECC15001	1021	22050	16991	4719	16.64152791381	DS60
WECC15004	5059	126248	114277	34513	22.5888515516901	DS60
WECC15006	2353	60454	53452	15275	22.7165320866978	DS60
WECC15007	1761	40584	33350	10345	18.9381033503691	DS60
WECC15008	3253	63621	59628	20708	18.3301567783584	DS60
WECC15009	641	15752	13001	3976	20.2823712948518	DS60
WECC15010	678	15085	7610	2359	11.2241887905605	DS60
WECC15012	3395	69998	72903	25528	21.4736377025037	DS60
WECC15013	2248	54887	42428	13592	18.873665480427	DS60
WECC15014	1718	34295	28381	8634	16.5197904540163	DS60
WECC15015	2113	47727	37700	12210	17.8419309039281	DS60
WECC15016	1122	25429	19458	5823	17.3422459893048	DS60
WECC15019	2959	62531	63196	22833	21.3572152754309	DS60
WECC15021	1339	28294	24881	9106	18.5817774458551	DS60
WECC15022	1638	35524	31188	11019	19.040293040293	DS60
WECC15023	1412	33370	26526	9562	18.78611898017	DS60
WECC15024	1460	36774	30856	10669	21.1342465753425	DS60
WECC15025	1597	37976	25191	6775	15.773951158422	DS60
WECC15026	5093	118206	115330	35752	22.6448065972904	DS60
WECC15027	2407	55087	50695	18093	21.0614873286248	DS60
WECC15028	3332	88514	77470	17934	23.250300120048	DS60
WECC15029	3750	83439	76347	26419	20.3592	DS60
WECC15030	5176	112364	113081	34287	21.8471792890263	DS60
WECC15031	3559	87244	76635	19595	21.5327339140208	DS60
WECC15032	3266	78775	72963	20538	22.340171463564	DS60
WECC15033	1953	46704	40200	13360	20.5837173579109	DS60
WECC15034	4681	104263	98214	33767	20.9814142277291	DS60
WECC15035	2230	53708	48607	14691	21.7968609865471	DS60
WECC15039	1398	27993	24179	8667	17.2954220314735	DS60
WECC15040	3189	73517	66286	25122	20.78582627783	DS60
WECC15041	2955	69422	63413	18905	21.4595600676819	DS60
WECC15042	3764	78699	71905	22806	19.1033475026568	DS60
WECC15043	2401	56473	51613	16257	21.4964598084132	DS60
WECC15044	1415	38298	28619	6530	20.2254416961131	DS60
WECC15045	1135	23660	18214	5143	16.047577092511	DS60
WECC15046	783	18418	10897	3345	13.9169859514687	DS60
WECC15047	1563	37583	26263	8047	16.8029430582214	DS60
WECC15048	2934	79856	61982	16023	21.1254260395365	DS60
WECC15049	1040	22652	14630	4422	14.0673076923077	DS60
WECC15056	2959	63638	57056	18082	19.2821899290301	DS60
WECC15057	985	22380	16936	5659	17.1939086294416	DS60
WECC15058	4178	98986	96416	29612	23.0770703685974	DS60
WECC15059	2837	76143	63453	22094	22.3662319351428	DS60
WECC15060	2968	61549	61740	20568	20.8018867924528	DS60
WECC15061	1035	24658	20496	5858	19.8028985507246	DS60
WECC15063	3530	109999	86749	17214	24.5747875354108	DS60
WECC15064	7360	163386	157424	50848	21.3891304347826	DS60
WECC15070	5941	193849	159999	32008	26.9313246928127	DS60
WECC15073	4625	115296	104447	33027	22.5831351351351	DS60
WECC15074	3642	81644	77696	24828	21.3333333333333	DS60
WECC15075	2173	47694	42003	16004	19.3294983893235	DS60
WECC15076	1081	25936	19498	6448	18.0370027752081	DS60
WECC15077	9569	283029	244961	52631	25.5994356777093	DS60
WECC15079	1485	39556	27586	6301	18.576430976431	DS60
WECC15080	4172	98788	90760	29281	21.7545541706616	DS60
WECC15081	1837	52221	36351	7374	19.7882416984213	DS60
WECC15082	2614	60138	53168	17795	20.3397092578424	DS60
WECC15083	3277	73950	64818	20836	19.7796765334147	DS60
WECC15084	1462	37461	26307	5985	17.9938440492476	DS60
WECC15085	2850	68802	60880	20128	21.3614035087719	DS60
WECC15087	1216	31263	23033	5463	18.9416118421053	DS60
WECC15088	1165	28468	20066	4683	17.224034334764	DS60
WECC15089	1584	32926	30226	10929	19.0820707070707	DS60
WECC15090	2565	57368	48718	16619	18.9933723196881	DS60
WECC15093	8778	253074	222491	61377	25.3464342674869	DS60
WECC15094	3630	80180	71814	22783	19.7834710743802	DS60
WECC15096	5218	136178	116046	31834	22.2395553852051	DS60
WECC15099	1533	33616	28876	9858	18.836268754077	DS60
WECC15100	2168	53744	45024	13262	20.7675276752768	DS60
WECC15101	713	18416	13209	2257	18.5259467040673	DS60
WECC15103	1752	40532	33213	11951	18.9571917808219	DS60
WECC15104	5118	135087	122263	34642	23.888823759281	DS60
WECC15107	555	11219	8544	2971	15.3945945945946	DS60
WECC15109	1169	22243	18692	6626	15.9897348160821	DS60
WECC15110	1559	35048	29413	9603	18.8665811417575	DS60
WECC15111	1022	25685	18902	5819	18.4951076320939	DS60
WECC15112	841	18902	13811	4097	16.4221165279429	DS60
WECC15115	1784	43401	36286	10812	20.3396860986547	DS60
WECC15118	687	18593	12286	3185	17.8835516739447	DS60
WECC15121	1209	29783	23662	8202	19.5715467328371	DS60
WECC15124	1366	37653	28887	7764	21.1471449487555	DS60
WECC15126	1140	24164	20403	8180	17.8973684210526	DS60
WECC15127	3199	62138	61876	20059	19.3422944670209	DS60
WECC15129	3320	98160	89494	17395	26.9560240963855	DS60
WECC15130	1485	32916	28982	9566	19.5164983164983	DS60
WECC15132	1882	57199	42433	10349	22.5467587672689	DS60
WECC15133	1225	35408	30233	6706	24.68	DS60
WECC15134	2187	47649	46646	13558	21.3287608596251	DS60
WECC15136	827	19434	13063	4188	15.7956469165659	DS60
WECC15138	5419	131672	122133	36148	22.5379221258535	DS60
WECC15141	705	16392	10726	2651	15.2141843971631	DS60
WECC15142	1751	52777	41097	8030	23.4705882352941	DS60
WECC15143	1985	42591	38665	13142	19.4785894206549	DS60
WECC15146	5523	127081	122346	32274	22.1520912547529	DS60
WECC15148	1670	36209	28800	9741	17.2455089820359	DS60
WECC15152	4898	114263	104432	36973	21.3213556553695	DS60
WECC15153	1158	26266	22181	7760	19.1545768566494	DS60
WECC15156	1704	38361	32148	10077	18.8661971830986	DS60
WECC15160	1436	38098	32925	9269	22.9282729805014	DS60
WECC15161	1181	28304	18241	5393	15.4453852667231	DS60
WECC15164	4584	113251	110652	36803	24.1387434554974	DS60
WECC15166	1054	25037	15311	4617	14.5265654648956	DS60
WECC15167	877	19032	12610	3620	14.3785632839225	DS60
WECC15168	3607	85366	76886	21576	21.3157748821736	DS60
WECC15169	1097	28524	22571	6358	20.5752051048314	DS60
WECC15170	1775	43307	36325	9326	20.4647887323944	DS60
WECC15171	816	17627	13976	3951	17.1274509803922	DS60
WECC15172	1137	28209	21846	7474	19.2137203166227	DS60
WECC15173	1826	44181	39463	11798	21.6117196056955	DS60
WECC15174	1611	42164	35813	10227	22.2302917442582	DS60
WECC15175	1046	31753	25187	4977	24.0793499043977	DS60
WECC15176	2244	49372	44993	16122	20.0503565062389	DS60
WECC15177	1369	32025	22988	8076	16.7918188458729	DS60
WECC15178	2350	53055	48246	16743	20.5302127659574	DS60
WECC15180	4127	105539	97970	29978	23.7387933123334	DS60
WECC15182	1621	31283	30113	11251	18.5768044417027	DS60
WECC15183	10090	263270	242302	63267	24.0140733399405	DS60
WECC15184	1908	47137	39065	11155	20.4743186582809	DS60
WECC15185	526	11866	7552	2489	14.3574144486692	DS60
WECC15188	1393	35834	28410	6575	20.3948312993539	DS60
WECC15189	1842	38480	36968	13018	20.0694896851249	DS60
WECC15191	848	17479	11197	3466	13.2040094339623	DS60
WECC15192	817	20325	14465	3916	17.7050183598531	DS60
WECC15195	2284	53994	46648	14217	20.4238178633975	DS60
WECC15199	1138	25091	19028	6182	16.7205623901582	DS60
WECC15202	867	18793	14281	4696	16.4717416378316	DS60
WECC15203	1076	29770	22424	5469	20.8401486988848	DS60
WECC15207	765	19750	11898	3658	15.5529411764706	DS60
WECC15208	2684	73627	61286	14549	22.8338301043219	DS60
WECC15209	1834	45222	38909	10206	21.2153762268266	DS60
WECC15210	1018	24445	20485	6240	20.12278978389	DS60
WECC15211	1007	24277	14983	3800	14.8788480635551	DS60
WECC15212	4519	117811	107041	26421	23.6868776277938	DS60
WECC15214	1807	37825	33219	12764	18.3835085777532	DS60
WECC15216	1014	27625	16462	4094	16.2347140039448	DS60
WECC15221	1411	30455	24539	8122	17.3912119064493	DS60
WECC15222	1310	29464	21954	7050	16.7587786259542	DS60
WECC15223	2425	69006	53086	15360	21.8911340206186	DS60
WECC15229	3794	88920	82183	25783	21.661307327359	DS60
WECC15232	3255	82295	76045	24924	23.3625192012289	DS60
WECC15233	5280	125905	113744	32868	21.5424242424242	DS60
WECC15235	4195	104097	77549	26195	18.4860548271752	DS60
WECC15237	2483	57172	54712	16248	22.0346355215465	DS60
WECC15239	3110	63199	65793	26623	21.1553054662379	DS60
WECC15241	1698	41878	33708	10482	19.8515901060071	DS60
WECC15242	2183	48164	43809	16037	20.0682546953733	DS60
WECC15243	1965	41838	39856	12856	20.282951653944	DS60
WECC15244	3878	112050	95837	21656	24.7129963898917	DS60
WECC15245	1255	29388	23391	6618	18.6382470119522	DS60
WECC15247	4541	116060	102555	28292	22.5842325478969	DS60
WECC15248	5134	112656	100991	33130	19.6710167510713	DS60
WECC15249	2028	45579	38988	12708	19.2248520710059	DS60
WECC15250	5589	113043	116420	40932	20.8302021828592	DS60
WECC15255	4164	89033	92963	33008	22.3254082612872	DS60
WECC15257	3238	71815	61261	19276	18.9193946880791	DS60
WECC15258	6911	152804	142806	45045	20.6635798003183	DS60
WECC15259	1739	38277	31677	10312	18.215641173088	DS60
WECC15260	2081	42143	37638	12962	18.0864968765017	DS60
WECC15261	1274	33778	27065	7186	21.2441130298273	DS60
WECC15262	1748	46412	35395	8660	20.2488558352403	DS60
WECC15263	701	15186	11196	3518	15.9714693295292	DS60
WECC15264	4686	127606	118010	30460	25.183525394793	DS60
WECC15265	3069	66605	61237	20640	19.9534050179211	DS60
WECC15267	5793	145342	139751	43763	24.124115311583	DS60
WECC15269	2191	48305	44772	12818	20.4345047923323	DS60
WECC15270	2206	44547	44438	15825	20.1441523118767	DS60
WECC15271	1389	33848	26312	7633	18.943124550036	DS60
WECC15273	3587	90031	78515	20580	21.8887649846669	DS60
WECC15274	2800	58476	52164	17275	18.63	DS60
WECC15275	7595	185593	173987	45774	22.9080974325214	DS60
WECC15278	1480	43028	30471	6861	20.5885135135135	DS60
WECC15280	4004	95884	87338	28668	21.8126873126873	DS60
WECC15281	857	17680	13398	4548	15.6336056009335	DS60
WECC15283	905	23571	16739	4394	18.4961325966851	DS60
WECC15284	14933	404555	347469	88362	23.2685327797496	DS60
WECC15285	1310	35071	25306	6275	19.3175572519084	DS60
WECC15287	835	18355	13439	4453	16.0946107784431	DS60
WECC15288	2055	40616	33876	11972	16.4846715328467	DS60
WECC15293	832	18019	12710	3174	15.2764423076923	DS60
WECC15294	2145	51495	46799	14109	21.8177156177156	DS60
WECC15295	3691	73077	69616	24867	18.8610132755351	DS60
WECC15296	4063	99711	86589	25904	21.3115924193945	DS60
WECC15297	614	15246	9165	2573	14.9267100977199	DS60
WECC15298	2576	54488	51126	17927	19.847049689441	DS60
WECC15299	1031	22347	15971	4328	15.4907856450049	DS60
WECC15300	1939	54724	46578	11521	24.0216606498195	DS60
WECC15301	1615	34560	29996	9584	18.5733746130031	DS60
WECC15302	1233	24749	20978	7629	17.0137875101379	DS60
WECC15303	1208	29588	18865	5518	15.6167218543046	DS60
WECC15304	3048	69915	62228	19455	20.4160104986877	DS60
WECC15308	547	13836	8046	2320	14.709323583181	DS60
WECC15309	1387	34376	30937	10390	22.3049747656813	DS60
WECC15310	2400	60028	55703	18558	23.2095833333333	DS60
WECC15311	886	21189	13139	3959	14.8295711060948	DS60
WECC15312	2508	78911	57996	12968	23.1244019138756	DS60
WECC15313	1470	37818	26742	7695	18.1918367346939	DS60
WECC15314	889	17795	11805	4201	13.2789651293588	DS60
WECC15315	4351	91192	92645	35452	21.2928062514365	DS60
WECC15316	772	18206	12587	3512	16.3044041450777	DS60
WECC15317	907	30618	19782	3915	21.8103638368247	DS60
WECC15318	1955	42283	37103	13932	18.9785166240409	DS60
WECC15319	1372	28691	21866	7919	15.9373177842566	DS60
WECC15321	870	21018	13890	3673	15.9655172413793	DS60
WECC15322	1005	23562	18341	5416	18.2497512437811	DS60
WECC15323	1394	26844	22171	7328	15.9045911047346	DS60
WECC15326	2424	53601	45617	16226	18.8188943894389	DS60
WECC15330	4437	116862	103091	31387	23.2343926076178	DS60
WECC15332	2071	39535	39036	14296	18.8488652824722	DS60
WECC15333	1502	36073	28752	8431	19.1424766977364	DS60
WECC15334	6192	120380	134112	46962	21.6589147286822	DS60
WECC15336	3205	59483	56726	19699	17.6992199687988	DS60
WECC15337	2164	49439	47033	17763	21.7342883548983	DS60
WECC15338	2493	62275	52982	14668	21.2523064580826	DS60
WECC15339	6065	144044	138694	40858	22.8679307502061	DS60
WECC15341	2476	60622	52160	15227	21.0662358642973	DS60
WECC15344	6409	156488	142634	39911	22.2552660321423	DS60
WECC15345	2962	74080	48632	14709	16.4186360567184	DS60
WECC15347	2244	48568	42064	14214	18.7450980392157	DS60
WECC15348	2439	55196	54807	19203	22.4710947109471	DS60
WECC15349	2754	60427	55881	18896	20.2908496732026	DS60
WECC15351	1861	47075	36020	10723	19.355185384202	DS60
WECC15352	1528	35560	30469	10699	19.940445026178	DS60
WECC15354	3107	74801	66057	19516	21.2607016414548	DS60
WECC15355	972	18055	14135	4227	14.5421810699588	DS60
WECC15356	2295	57068	49789	15846	21.6945533769063	DS60
WECC15357	1575	35227	29650	9405	18.8253968253968	DS60
WECC15358	3510	93576	76712	23304	21.8552706552707	DS60
WECC15360	916	21685	15106	4577	16.4912663755459	DS60
WECC15361	2978	64420	59425	19206	19.9546675621222	DS60
WECC15362	681	15747	9810	2914	14.4052863436123	DS60
WECC15364	3840	109863	89188	17812	23.2260416666667	DS60
WECC15365	2149	74269	56264	11487	26.181479758027	DS60
WECC15367	2189	57540	45249	13384	20.6710826861581	DS60
WECC15368	1051	21825	18549	5701	17.6489058039962	DS60
WECC15371	1598	31410	26041	8335	16.2959949937422	DS60
WECC15372	983	23307	15710	4021	15.9816887080366	DS60
WECC15373	6319	137467	138852	50421	21.9737300205729	DS60
WECC15374	1285	27958	20896	7729	16.2614785992218	DS60
WECC15376	1776	43996	34410	10497	19.375	DS60
WECC15377	798	19858	14573	4472	18.2619047619048	DS60
WECC15379	1422	30674	24609	7737	17.3059071729958	DS60
WECC15380	1883	54268	43255	10115	22.9713223579395	DS60
WECC15381	2647	52502	50610	17391	19.1197582168493	DS60
WECC15382	3790	92310	88203	25826	23.2725593667546	DS60
WECC16001	2662	76270	62379	17080	23.4331329827198	DS60
WECC16003	974	21542	15283	4116	15.6909650924025	DS60
WECC16005	3317	80547	71552	22023	21.5712993668978	DS60
WECC16006	3504	98746	78876	19773	22.5102739726027	DS60
WECC16007	841	23271	15754	3407	18.7324613555291	DS60
WECC16008	3828	98084	83018	25683	21.6870428422153	DS60
WECC16009	1552	39355	25323	7363	16.3163659793814	DS60
WECC16011	1062	25978	17498	5537	16.4764595103578	DS60
WECC16014	5723	128252	124407	40457	21.7380744364844	DS60
WECC16015	1593	36690	30180	9035	18.9453860640301	DS60
WECC16017	1364	33038	30876	8475	22.6363636363636	DS60
WECC16022	1362	32702	25854	8522	18.9823788546256	DS60
WECC16024	1472	32859	27636	8580	18.7744565217391	DS60
WECC16025	1937	43104	39634	13505	20.4615384615385	DS60
WECC16026	2426	54890	50634	17525	20.8713932399011	DS60
WECC16027	1385	32807	27375	8584	19.7653429602888	DS60
WECC16028	3416	71395	67892	25263	19.8747072599532	DS60
WECC16029	1778	41895	33223	11092	18.685601799775	DS60
WECC16030	1483	29971	27806	9946	18.7498314227916	DS60
WECC16031	861	19415	14093	3828	16.3681765389082	DS60
WECC16032	2465	67276	53880	19324	21.8580121703854	DS60
WECC16034	1469	31488	25893	9743	17.6262763784888	DS60
WECC16035	2257	48305	42562	15276	18.8577758085955	DS60
WECC16036	2502	56990	50979	19050	20.3752997601918	DS60
WECC16037	1913	50629	41813	11001	21.8572922111866	DS60
WECC16038	2000	38901	34651	12740	17.3255	DS60
WECC16040	3135	68250	65688	23895	20.9531100478469	DS60
WECC16041	2059	47427	40091	13798	19.4711024769306	DS60
WECC16042	1265	25837	19121	5221	15.1154150197628	DS60
WECC16044	743	20050	12818	3301	17.2516823687752	DS60
WECC16045	2441	56834	54005	17024	22.1241294551413	DS60
WECC16046	1997	42970	39654	14556	19.8567851777667	DS60
WECC16047	4625	171148	140204	22853	30.3143783783784	DS60
WECC16048	3686	84700	73224	23697	19.8654367878459	DS60
WECC16049	3897	85714	72546	24316	18.6158583525789	DS60
WECC16050	4482	111416	99752	32095	22.256135653726	DS60
WECC16051	1441	33080	22720	5838	15.7668285912561	DS60
WECC16052	714	17186	12368	4063	17.3221288515406	DS60
WECC16054	656	13454	9127	2647	13.9131097560976	DS60
WECC16057	1457	31096	25836	9248	17.732326698696	DS60
WECC16058	5851	140891	139671	47742	23.8713040505896	DS60
WECC16060	1955	44373	39859	13857	20.3882352941176	DS60
WECC16061	5299	120768	130281	48146	24.5859596150217	DS60
WECC16062	2446	52084	49304	17577	20.1569910057236	DS60
WECC16064	2333	49881	46723	14317	20.027003857694	DS60
WECC16065	1553	39003	27018	9787	17.3972955569865	DS60
WECC16066	1301	36845	25496	6747	19.5972328977709	DS60
WECC16068	3986	100429	94209	30435	23.6349724034119	DS60
WECC16070	1842	42332	40326	13184	21.8925081433225	DS60
WECC16071	3638	136221	119408	24509	32.8224299065421	DS60
WECC16072	1832	57443	45509	9478	24.8411572052402	DS60
WECC16073	3604	99410	86178	24602	23.9117647058824	DS60
WECC16074	2635	61705	53260	14843	20.2125237191651	DS60
WECC16075	1919	61404	49122	9335	25.597707139135	DS60
WECC16076	1631	39143	36035	11504	22.0938074800736	DS60
WECC16077	1571	35855	29235	9703	18.609166136219	DS60
WECC16078	1028	20110	15607	5094	15.181906614786	DS60
WECC16079	3438	83868	82953	25365	24.1282722513089	DS60
WECC16080	3283	86760	83137	22246	25.3234846177277	DS60
WECC16081	1350	32945	22942	6784	16.9940740740741	DS60
WECC16083	3487	74457	77684	26136	22.2781760825925	DS60
WECC16084	885	19618	12006	3463	13.5661016949153	DS60
WECC16087	870	22368	14728	3242	16.9287356321839	DS60
WECC16088	1774	42162	37674	11166	21.2367531003382	DS60
WECC16089	5316	135194	117826	33344	22.1644093303236	DS60
WECC16090	1293	33186	23885	6468	18.4725444702243	DS60
WECC16092	2553	69022	55533	12243	21.7520564042303	DS60
WECC16093	974	22171	16552	5145	16.993839835729	DS60
WECC16094	1115	29258	22968	6141	20.5991031390135	DS60
WECC16095	1269	34975	26396	5274	20.8006304176517	DS60
WECC16098	1915	47203	39611	12805	20.6845953002611	DS60
WECC16099	1545	36662	31887	9793	20.6388349514563	DS60
WECC16100	2492	99327	70686	12618	28.3651685393258	DS60
WECC16101	2067	46724	42795	10508	20.7039187227866	DS60
WECC16102	1538	44556	33732	9260	21.9323797139142	DS60
WECC16108	4119	97874	92449	28756	22.4445253702355	DS60
WECC16109	935	19200	11692	3566	12.5048128342246	DS60
WECC16111	1094	28141	20905	5455	19.1087751371115	DS60
WECC16114	3748	113613	96776	20814	25.820704375667	DS60
WECC16115	1890	42212	37329	13584	19.7507936507937	DS60
WECC16119	1582	38897	34734	11681	21.9557522123894	DS60
WECC16120	1185	30463	25484	6282	21.5054852320675	DS60
WECC16122	2491	43058	41141	15025	16.5158570855078	DS60
WECC16124	2729	63345	60688	19325	22.2381824844265	DS60
WECC16125	2938	74983	69269	22281	23.5769230769231	DS60
WECC16126	963	22116	14627	4461	15.1889927310488	DS60
WECC16132	686	15300	9647	2680	14.0626822157434	DS60
WECC16133	3518	93302	86028	22818	24.4536668561683	DS60
WECC16134	2278	55112	47771	13703	20.9705882352941	DS60
WECC16135	952	21366	16587	4736	17.4233193277311	DS60
WECC16136	3414	78008	73536	25001	21.5395430579965	DS60
WECC16137	1177	25950	19351	7206	16.4409515717927	DS60
WECC16138	6233	176890	159713	44753	25.6237766725493	DS60
WECC16139	3354	85756	82741	23769	24.6693500298152	DS60
WECC16140	1021	26770	21244	5799	20.8070519098923	DS60
WECC16142	2114	62303	51243	11062	24.2398297067171	DS60
WECC16143	1986	47141	41766	15187	21.0302114803625	DS60
WECC16146	88	913	536	102	6.09090909090909	DS60
WECC16147	813	20441	13748	4257	16.910209102091	DS60
WECC16149	615	14430	9381	2681	15.2536585365854	DS60
WECC16150	1142	23465	16861	5174	14.7644483362522	DS60
WECC16152	1835	42305	40383	12626	22.0070844686649	DS60
WECC16153	933	20642	14366	4630	15.3976420150054	DS60
WECC16154	1995	41389	36905	14003	18.4987468671679	DS60
WECC16155	2524	57783	54150	18645	21.4540412044374	DS60
WECC16157	493	8913	5587	1557	11.3326572008114	DS60
WECC16158	1005	22034	17671	5530	17.5830845771144	DS60
WECC16161	987	22561	13947	3878	14.1306990881459	DS60
WECC16162	947	21454	15302	5233	16.1583949313622	DS60
WECC16163	1120	26528	18792	5786	16.7785714285714	DS60
WECC16164	669	13956	10080	3105	15.067264573991	DS60
WECC16165	1499	29060	26197	9139	17.47631754503	DS60
WECC16167	3821	96275	91649	26719	23.9856058623397	DS60
WECC16170	760	18239	11849	3357	15.5907894736842	DS60
WECC16171	1011	20911	17984	6585	17.7883283877349	DS60
WECC16172	802	17382	10952	3442	13.6558603491272	DS60
WECC16173	583	15490	9624	2457	16.5077186963979	DS60
WECC16175	1163	29896	22053	5885	18.9621668099742	DS60
WECC16176	1704	44607	31647	8331	18.5721830985915	DS60
WECC16178	931	20068	14098	4433	15.1428571428571	DS60
WECC16179	2316	48705	48467	17577	20.9270293609672	DS60
WECC16181	1285	29165	24968	8711	19.4303501945525	DS60
WECC16182	1688	41839	36604	11259	21.6848341232228	DS60
WECC16183	1894	48241	43140	12523	22.7771911298838	DS60
WECC16184	4490	105512	107513	36180	23.9449888641425	DS60
WECC16185	1231	31874	24038	6217	19.5272136474411	DS60
WECC16186	3109	70644	69810	24521	22.4541653264715	DS60
WECC16187	1548	37855	33833	9243	21.8559431524548	DS60
WECC16190	4111	98026	88159	23374	21.4446606665045	DS60
WECC16192	1371	32981	23092	5662	16.8431801604668	DS60
WECC16193	734	14718	9469	2751	12.9005449591281	DS60
WECC16194	1878	46968	40078	12868	21.3407880724175	DS60
WECC16195	2346	58164	47112	14281	20.0818414322251	DS60
WECC16196	2186	58147	52057	15708	23.8138151875572	DS60
WECC16197	1225	27819	21153	6623	17.2677551020408	DS60
WECC16198	7962	219891	201667	56660	25.3286862597337	DS60
WECC16199	1798	47463	39389	10386	21.9071190211346	DS60
WECC16200	2883	81644	71832	16789	24.9157127991675	DS60
WECC16201	3637	103098	82461	20239	22.6728072587297	DS60
WECC16202	1924	43256	37162	11535	19.3149688149688	DS60
WECC16203	1387	31615	26568	9134	19.155010814708	DS60
WECC16207	3154	72376	71211	25606	22.5779961953075	DS60
WECC16208	1498	47524	35610	6667	23.7716955941255	DS60
WECC16210	1270	30724	25748	7903	20.2740157480315	DS60
WECC16212	1211	29051	20953	7124	17.3022295623452	DS60
WECC16214	4726	109668	105475	35124	22.3180279305967	DS60
WECC16215	1623	37654	33028	11631	20.3499691928527	DS60
WECC16216	3359	90737	76488	22569	22.7710628163144	DS60
WECC16217	1544	35152	27887	9372	18.0615284974093	DS60
WECC16219	1440	38027	26943	6741	18.7104166666667	DS60
WECC16220	1042	20597	17480	6155	16.7754318618042	DS60
WECC16221	1029	21909	19031	6710	18.4946550048591	DS60
WECC16227	955	23758	16160	5026	16.9214659685864	DS60
WECC16228	527	10456	6174	2034	11.7153700189753	DS60
WECC16230	1470	39251	35338	10442	24.0394557823129	DS60
WECC16231	4366	130940	121917	32564	27.9241868987632	DS60
WECC16233	1113	22926	18683	6576	16.7861635220126	DS60
WECC16234	934	20393	14816	4524	15.8629550321199	DS60
WECC16237	2515	61749	55670	18299	22.1351888667992	DS60
WECC16240	4710	141032	121850	29713	25.8704883227176	DS60
WECC16243	790	17451	10071	3044	12.7481012658228	DS60
WECC16245	1060	26534	19086	5708	18.0056603773585	DS60
WECC16246	1415	31149	27665	8957	19.5512367491166	DS60
WECC16247	11572	320391	308034	89673	26.6189077082613	DS60
WECC16248	1420	31005	23574	6562	16.6014084507042	DS60
WECC16250	957	22162	15358	4824	16.0480668756531	DS60
WECC16252	1055	20936	14066	4312	13.3327014218009	DS60
WECC16253	1131	28999	23882	8288	21.1158267020336	DS60
WECC16255	1013	25437	19460	6017	19.2102665350444	DS60
WECC16256	2583	60189	52862	16423	20.4653503677894	DS60
WECC16258	1558	27806	23657	8731	15.1842105263158	DS60
WECC16260	4338	83625	85591	30947	19.7305209774089	DS60
WECC16261	1741	37316	35720	13614	20.5169442848937	DS60
WECC16262	875	18422	13473	3716	15.3977142857143	DS60
WECC16263	723	15422	10974	3460	15.1784232365145	DS60
WECC16269	1778	37295	34600	12047	19.4600674915636	DS60
WECC16270	2347	51211	49356	17697	21.0293992330635	DS60
WECC16272	2883	72495	62971	18572	21.8421782865071	DS60
WECC16274	2849	62417	60253	19479	21.1488241488241	DS60
WECC16275	1476	62658	50049	8049	33.9085365853659	DS60
WECC16276	2970	87571	75715	17991	25.493265993266	DS60
WECC16277	2644	61275	59522	21219	22.5121028744327	DS60
WECC16282	7338	213343	181731	46938	24.7657399836468	DS60
WECC16283	766	16967	12537	4072	16.3668407310705	DS60
WECC16284	2338	71911	57957	13455	24.7891360136869	DS60
WECC16285	997	25110	21241	6045	21.3049147442327	DS60
WECC16286	672	16454	12055	3439	17.9389880952381	DS60
WECC16287	5289	173050	134698	29326	25.4675742106258	DS60
WECC16290	5339	138934	112601	36473	21.0902790784791	DS60
WECC16291	1281	31455	24792	7604	19.3536299765808	DS60
WECC16292	2400	57623	48732	16658	20.305	DS60
WECC16293	986	22547	16862	4719	17.1014198782961	DS60
WECC16294	3675	129315	105488	18625	28.7042176870748	DS60
WECC16295	1264	35658	27113	5963	21.4501582278481	DS60
WECC16296	1300	27729	24895	8898	19.15	DS60
WECC16297	1195	39292	30553	5323	25.5673640167364	DS60
WECC16298	2260	57620	41004	10842	18.1433628318584	DS60
WECC16299	3067	79078	73993	23064	24.1255298337137	DS60
WECC16300	1034	34973	25713	4986	24.8675048355899	DS60
WECC16301	1814	52686	40950	9997	22.574421168688	DS60
WECC16302	3218	85217	79722	21190	24.7737725295214	DS60
WECC16305	1365	31291	24834	8828	18.1934065934066	DS60
WECC16306	1230	25093	20282	7471	16.4894308943089	DS60
WECC16308	2417	64509	55714	17384	23.0508895324783	DS60
WECC16309	2047	64798	54967	11914	26.8524670249145	DS60
WECC16310	844	20990	14020	3974	16.6113744075829	DS60
WECC16312	1312	38994	26307	6442	20.0510670731707	DS60
WECC16315	926	21402	14718	4656	15.8941684665227	DS60
WECC16316	878	22393	14609	4519	16.6389521640091	DS60
WECC16318	1951	47547	40070	12203	20.5381855458739	DS60
WECC16319	1344	34247	25466	7557	18.9479166666667	DS60
WECC16321	855	18153	12222	3882	14.2947368421053	DS60
WECC16324	2181	61224	49185	14057	22.5515818431912	DS60
WECC16326	963	23139	16952	5034	17.6033229491173	DS60
WECC16327	3117	75792	73448	21531	23.5636830285531	DS60
WECC16328	1658	38964	27919	7755	16.8389626055489	DS60
WECC16329	4476	114996	106144	37170	23.7140303842717	DS60
WECC16330	1245	30856	20561	6598	16.514859437751	DS60
WECC16331	1084	28569	19537	5757	18.0230627306273	DS60
WECC16332	2043	42796	38388	15108	18.7900146842878	DS60
WECC16334	902	17891	12615	3716	13.9855875831486	DS60
WECC16335	2745	83152	64752	15511	23.5890710382514	DS60
WECC16336	1457	33242	26325	7009	18.0679478380233	DS60
WECC16337	3041	72848	62174	20442	20.4452482735942	DS60
WECC16338	5290	145629	138846	38998	26.2468809073724	DS60
WECC16340	2486	56501	52488	19511	21.113435237329	DS60
WECC16341	4186	111295	101885	29241	24.3394648829431	DS60
WECC16342	1859	44715	41212	14943	22.1689080150619	DS60
WECC16343	3860	80165	84736	30190	21.9523316062176	DS60
WECC16345	1138	24110	16218	5227	14.2513181019332	DS60
WECC16348	3207	83887	74663	24645	23.2812597443093	DS60
WECC16349	2117	49402	43062	16122	20.3410486537553	DS60
WECC16351	2179	53318	47393	14874	21.7498852684718	DS60
WECC16352	6727	194940	180735	53072	26.8671027203806	DS60
WECC16353	1620	34841	27243	9393	16.8166666666667	DS60
WECC16354	1261	35111	22794	6092	18.0761300555115	DS60
WECC16356	1170	28964	21811	6906	18.6418803418803	DS60
WECC16357	1665	34172	31524	11447	18.9333333333333	DS60
WECC16358	1647	46809	28074	7710	17.0455373406193	DS60
WECC16360	3027	73359	68562	24329	22.6501486620416	DS60
WECC16361	1240	36003	26577	6567	21.433064516129	DS60
WECC16364	882	21000	13422	3383	15.2176870748299	DS60
WECC16365	3172	73314	71185	24729	22.4416771752837	DS60
WECC16366	1159	29751	24742	7586	21.3477135461605	DS60
WECC16367	2255	58494	35013	9962	15.5268292682927	DS60
WECC16368	1793	36959	33753	12065	18.8248745119911	DS60
WECC16369	1680	33097	32582	13053	19.3940476190476	DS60
WECC16370	1258	36095	30063	7203	23.8974562798092	DS60
WECC16371	2839	57990	53357	18645	18.7942937654104	DS60
WECC16372	2354	52563	46415	18323	19.7175021240442	DS60
WECC16373	1962	41275	41745	16601	21.2767584097859	DS60
WECC16376	4139	122430	113284	31064	27.3698961101715	DS60
WECC16377	929	20034	16436	5411	17.692142088267	DS60
WECC16378	3702	100390	85702	25074	23.15018908698	DS60
WECC16379	1256	28431	21120	6487	16.8152866242038	DS60
WECC16380	974	23353	16620	4860	17.0636550308008	DS60
WECC16381	2612	68701	55638	17314	21.3009188361409	DS60
WECC16382	1242	33865	24261	6146	19.5338164251208	DS60
WECC16384	1477	30163	28634	9253	19.3865944482058	DS60
WECC17001	3822	86008	85530	31967	22.3783359497645	DS60
WECC17002	5639	136590	133989	44319	23.7611278595496	DS60
WECC17003	2691	47267	46158	18520	17.1527313266444	DS60
WECC17004	1090	24012	20632	6469	18.9284403669725	DS60
WECC17005	388	5584	2805	743	7.22938144329897	DS60
WECC17006	2191	54516	51144	16692	23.3427658603378	DS60
WECC17007	1853	41169	39518	12505	21.3264975715057	DS60
WECC17009	1512	38198	31505	8524	20.8366402116402	DS60
WECC17010	334	5759	2908	1011	8.70658682634731	DS60
WECC17011	1907	43143	37816	14543	19.8300996329313	DS60
WECC17014	1113	19254	17200	6069	15.4537286612758	DS60
WECC17015	2352	46200	48603	18324	20.6645408163265	DS60
WECC17016	855	15124	13196	4750	15.433918128655	DS60
WECC17018	1789	54771	44692	8606	24.981553940749	DS60
WECC17020	1302	31581	27834	8025	21.3778801843318	DS60
WECC17022	1412	30775	29483	11295	20.8803116147309	DS60
WECC17025	862	21991	13894	3302	16.1183294663573	DS60
WECC17026	868	16339	16077	5928	18.5218894009217	DS60
WECC17027	5350	114492	126526	45821	23.6497196261682	DS60
WECC17028	691	17543	12722	2468	18.410998552822	DS60
WECC17029	1736	34430	33734	13546	19.4320276497696	DS60
WECC17030	1685	38018	35934	10656	21.3258160237389	DS60
WECC17031	1633	34330	30826	11389	18.8769136558481	DS60
WECC17032	898	16722	14187	4992	15.7984409799555	DS60
WECC17033	2502	58500	54163	19826	21.6478816946443	DS60
WECC17034	2227	60801	53742	13402	24.1320161652447	DS60
WECC17035	501	11962	6854	1524	13.6806387225549	DS60
WECC17036	617	12221	8581	2723	13.9076175040519	DS60
WECC17037	1610	36889	32601	11398	20.2490683229814	DS60
WECC17038	959	19592	17472	6766	18.2189781021898	DS60
WECC17039	768	16845	12415	3862	16.1653645833333	DS60
WECC17040	802	15539	14576	5060	18.1745635910224	DS60
WECC17041	7650	199601	180522	55570	23.5976470588235	DS60
WECC17042	744	10830	7652	2290	10.2849462365591	DS60
WECC17043	1473	35726	28243	9292	19.173794976239	DS60
WECC17044	532	13762	8648	2523	16.2556390977444	DS60
WECC17045	1652	36946	33177	11992	20.0829297820823	DS60
WECC17046	838	18362	13820	4678	16.491646778043	DS60
WECC17047	4652	123547	110503	29607	23.7538693035254	DS60
WECC17048	1495	34275	27553	7991	18.4301003344482	DS60
WECC17049	2643	52396	51840	17841	19.6140749148695	DS60
WECC17052	1290	27881	28214	10016	21.8713178294574	DS60
WECC17053	4940	126327	116970	31652	23.6781376518219	DS60
WECC17054	1049	25652	20714	5220	19.7464251668256	DS60
WECC17056	897	20682	15694	4057	17.4960981047938	DS60
WECC17058	4738	128954	118865	31062	25.0875897002955	DS60
WECC17060	721	15931	12637	4790	17.5270457697642	DS60
WECC17061	919	19830	16674	6835	18.1436343852013	DS60
WECC17062	1789	54772	42897	9422	23.9782001117943	DS60
WECC17064	3167	63618	60879	21581	19.2229239027471	DS60
WECC17065	776	20065	15353	3069	19.784793814433	DS60
WECC17067	725	12386	11085	4248	15.2896551724138	DS60
WECC17068	2050	43018	44208	15517	21.5648780487805	DS60
WECC17069	674	15411	13348	3558	19.8041543026706	DS60
WECC17070	786	13823	11778	4396	14.9847328244275	DS60
WECC17071	1533	47322	38370	7241	25.0293542074364	DS60
WECC17074	1211	26695	20710	7221	17.1015689512799	DS60
WECC17075	911	25367	19798	4565	21.7321624588364	DS60
WECC17078	798	14804	12212	4070	15.3032581453634	DS60
WECC17079	3851	75987	85156	31186	22.1126980005193	DS60
WECC17081	4705	114687	103085	33024	21.9096705632306	DS60
WECC17084	2112	39008	41272	15509	19.5416666666667	DS60
WECC17085	3645	99293	90982	28617	24.960768175583	DS60
WECC17086	1877	45432	37968	11076	20.2280234416622	DS60
WECC17090	773	14562	12013	3592	15.5407503234153	DS60
WECC17091	785	14351	10405	3013	13.2547770700637	DS60
WECC17092	1485	27075	25877	10354	17.4255892255892	DS60
WECC17093	626	9103	4912	1440	7.84664536741214	DS60
WECC17094	814	17771	14900	4703	18.3046683046683	DS60
WECC17095	608	11139	6710	2088	11.0361842105263	DS60
WECC17096	494	9406	6795	2305	13.7550607287449	DS60
WECC17099	687	14252	11756	3472	17.1120815138282	DS60
WECC17100	3195	70571	67156	24173	21.0190923317684	DS60
WECC17101	403	6046	4511	1029	11.1935483870968	DS60
WECC17103	739	18561	15473	4050	20.9377537212449	DS60
WECC17104	3541	96716	88102	21236	24.8805422197119	DS60
WECC17105	2945	75773	74671	21486	25.3551782682513	DS60
WECC17107	938	19711	20256	7731	21.5948827292111	DS60
WECC17108	673	15266	11620	2706	17.2659732540862	DS60
WECC17109	2921	64993	60438	21992	20.6908592947621	DS60
WECC17110	1000	24658	19811	3487	19.811	DS60
WECC17112	1630	33280	32343	12506	19.8423312883436	DS60
WECC17114	1748	37974	37328	13495	21.3546910755149	DS60
WECC17115	922	22068	17911	5021	19.4262472885033	DS60
WECC17117	457	9535	6325	1645	13.8402625820569	DS60
WECC17118	5494	119826	127327	45321	23.1756461594467	DS60
WECC17119	1050	21829	19887	7188	18.94	DS60
WECC17120	2246	45280	51122	20054	22.7613535173642	DS60
WECC17121	1570	38458	34829	10823	22.184076433121	DS60
WECC17122	2056	39735	38114	13817	18.5379377431907	DS60
WECC17123	1490	34911	33045	10574	22.1778523489933	DS60
WECC17124	747	17464	13725	3277	18.3734939759036	DS60
WECC17125	1570	34451	33290	11821	21.203821656051	DS60
WECC17126	2097	53059	50838	13701	24.2432045779685	DS60
WECC17127	1278	29858	25879	7630	20.2496087636933	DS60
WECC17128	3162	71808	71544	25074	22.6261859582543	DS60
WECC17129	961	27064	21108	5373	21.9646201873049	DS60
WECC17130	3007	67338	64724	21813	21.5244429664117	DS60
WECC17132	1616	33531	32886	12176	20.3502475247525	DS60
WECC17133	500	8140	5534	1536	11.068	DS60
WECC17134	833	17807	13330	3268	16.0024009603842	DS60
WECC17135	899	15279	14621	5450	16.2636262513904	DS60
WECC17138	2417	64164	57731	18017	23.8853951179148	DS60
WECC17140	1814	67906	54095	8671	29.8208379272326	DS60
WECC17141	1419	25971	25666	9975	18.0873854827343	DS60
WECC17142	2364	41739	42435	14430	17.9505076142132	DS60
WECC17143	1676	54377	44749	8922	26.6998806682578	DS60
WECC17145	701	13133	10641	3492	15.1797432239658	DS60
WECC17146	803	17506	14821	3635	18.4570361145704	DS60
WECC17147	1328	29513	26933	9079	20.2808734939759	DS60
WECC17148	1162	24412	16742	5334	14.407917383821	DS60
WECC17149	474	12055	9328	2188	19.6793248945148	DS60
WECC17150	2131	45284	41093	14122	19.283435007039	DS60
WECC17151	2477	55079	53767	16563	21.7064997981429	DS60
WECC17152	868	17750	14153	4630	16.3052995391705	DS60
WECC17153	301	6304	3621	974	12.0299003322259	DS60
WECC17156	2804	63329	64345	23976	22.94757489301	DS60
WECC17159	1091	30973	24777	6045	22.7103574702108	DS60
WECC17160	12619	329790	310545	95027	24.6093192804501	DS60
WECC17162	1113	24859	23491	8974	21.1060197663971	DS60
WECC17163	880	20288	16379	4131	18.6125	DS60
WECC17164	743	17430	12204	3031	16.4253028263795	DS60
WECC17165	599	12476	7675	2173	12.8130217028381	DS60
WECC17167	1072	23531	20189	7021	18.8330223880597	DS60
WECC17168	2483	50470	51017	17209	20.5465163109142	DS60
WECC17169	2162	56260	49836	17311	23.0508788159112	DS60
WECC17171	2296	53857	53147	17851	23.1476480836237	DS60
WECC17172	2210	44683	40836	15395	18.4778280542986	DS60
WECC17173	820	16728	15751	5597	19.2085365853659	DS60
WECC17174	5252	153572	139605	38398	26.5813023610053	DS60
WECC17175	567	11429	8859	2999	15.6243386243386	DS60
WECC17176	938	24909	17969	3762	19.1567164179105	DS60
WECC17177	1401	28365	25486	8559	18.1912919343326	DS60
WECC17178	619	9006	6891	2432	11.1324717285945	DS60
WECC17179	1238	34133	27656	6999	22.3392568659128	DS60
WECC17180	342	6851	3592	956	10.5029239766082	DS60
WECC17181	1461	41162	33561	7303	22.9712525667351	DS60
WECC17182	771	16912	13511	3396	17.5239948119326	DS60
WECC17183	2399	50504	53654	20612	22.3651521467278	DS60
WECC17184	999	21985	16610	4638	16.6266266266266	DS60
WECC17185	1157	23388	23223	8661	20.0717372515125	DS60
WECC17186	1953	36904	38382	14638	19.652841781874	DS60
WECC17187	2186	50657	49061	15251	22.4432753888381	DS60
WECC17188	1047	30310	23256	4368	22.2120343839542	DS60
WECC17190	4338	106182	101432	25518	23.382203780544	DS60
WECC17191	1135	25132	21490	6305	18.9339207048458	DS60
WECC17195	2888	68310	66428	20438	23.0013850415513	DS60
WECC17196	585	11179	9821	3694	16.7880341880342	DS60
WECC17198	679	15689	11053	3334	16.2783505154639	DS60
WECC17199	1132	22131	19893	7073	17.5733215547703	DS60
WECC17200	1967	44864	43536	13736	22.133197763091	DS60
WECC17201	499	16127	11165	1854	22.374749498998	DS60
WECC17202	555	12206	10054	3504	18.1153153153153	DS60
WECC17203	1844	55587	46064	10572	24.9804772234273	DS60
WECC17206	1607	31333	30398	11282	18.9159925326696	DS60
WECC17207	738	14422	12293	3680	16.6571815718157	DS60
WECC17208	1395	31553	26216	8702	18.7928315412186	DS60
WECC17209	394	8990	6429	1482	16.3172588832487	DS60
WECC17210	674	17054	13895	3471	20.6157270029674	DS60
WECC17211	642	13614	9994	3097	15.5669781931464	DS60
WECC17212	622	11588	8010	2316	12.8778135048232	DS60
WECC17213	977	19678	19838	6467	20.3050153531218	DS60
WECC17214	1185	22023	21179	7165	17.8725738396625	DS60
WECC17215	1611	34540	31546	12280	19.5816263190565	DS60
WECC17217	1274	32111	28498	8733	22.3689167974882	DS60
WECC17218	1630	34821	30309	10957	18.5944785276074	DS60
WECC17220	2774	68410	65782	19461	23.7137707281903	DS60
WECC17221	1729	39541	37593	13654	21.7426257952574	DS60
WECC17222	599	12455	9329	2898	15.5742904841402	DS60
WECC17223	7024	165532	169939	60319	24.1940489749431	DS60
WECC17224	1600	34257	32757	11029	20.473125	DS60
WECC17225	6539	182044	170005	43472	25.9986236427588	DS60
WECC17226	1370	28933	25628	9125	18.7065693430657	DS60
WECC17229	1447	27888	26098	9392	18.0359364201797	DS60
WECC17230	5468	117433	134848	53403	24.6613021214338	DS60
WECC17231	4377	104020	96458	35167	22.0374685857894	DS60
WECC17232	2175	50717	49835	16125	22.9126436781609	DS60
WECC17233	2912	75804	66566	17563	22.8592032967033	DS60
WECC17234	981	24014	20558	6332	20.9561671763507	DS60
WECC17235	1363	32052	29162	9517	21.3954512105649	DS60
WECC17237	3030	78151	74829	20979	24.6960396039604	DS60
WECC17238	688	16900	12755	3830	18.5392441860465	DS60
WECC17240	762	16350	11657	3040	15.2979002624672	DS60
WECC17241	5362	180582	142842	26865	26.6396866840731	DS60
WECC17242	9284	202960	237081	91529	25.5365144334339	DS60
WECC17244	1058	28649	23100	6183	21.8336483931947	DS60
WECC17245	1094	36509	26777	4947	24.4762340036563	DS60
WECC17246	707	13021	10296	3721	14.5629420084866	DS60
WECC17249	2254	55670	50076	17532	22.2165039929015	DS60
WECC17250	1507	34525	30894	10826	20.5003317850033	DS60
WECC17252	1153	24925	19612	6278	17.009540329575	DS60
WECC17255	1411	32492	28493	10512	20.1934798015592	DS60
WECC17256	1087	23763	22930	8901	21.0947562097516	DS60
WECC17257	1933	46435	39787	11451	20.583031557165	DS60
WECC17258	1886	41248	38542	13231	20.4358430540827	DS60
WECC17260	3780	75083	75574	27780	19.9931216931217	DS60
WECC17261	2944	71281	70297	23155	23.8780570652174	DS60
WECC17264	2618	58225	63572	23674	24.2826585179526	DS60
WECC17266	511	8165	6669	2371	13.0508806262231	DS60
WECC17267	718	19648	14245	3087	19.8398328690808	DS60
WECC17268	1833	49416	43688	13582	23.8341516639389	DS60
WECC17269	1178	41669	28475	4887	24.1723259762309	DS60
WECC17271	2124	55476	51150	15831	24.0819209039548	DS60
WECC17272	719	16217	12709	3137	17.6759388038943	DS60
WECC17273	910	25812	18443	3969	20.267032967033	DS60
WECC17274	1051	17524	17318	7081	16.4776403425309	DS60
WECC17276	682	13393	11444	3985	16.7800586510264	DS60
WECC17277	958	24834	20340	5649	21.231732776618	DS60
WECC17279	2640	59807	62298	22088	23.5977272727273	DS60
WECC17280	6386	178938	139097	39648	21.7815533980583	DS60
WECC17281	1886	42782	37817	12382	20.0514316012725	DS60
WECC17282	723	15974	11368	2966	15.7233748271093	DS60
WECC17283	2662	67885	59229	17654	22.2498121712998	DS60
WECC17284	671	12229	8205	2181	12.2280178837556	DS60
WECC17285	801	16208	14083	4778	17.58177278402	DS60
WECC17287	1189	28302	24037	7302	20.2161480235492	DS60
WECC17288	6707	141184	133095	45560	19.8441926345609	DS60
WECC17290	438	9662	5467	1517	12.4817351598174	DS60
WECC17291	6274	146767	157656	55046	25.1284666879184	DS60
WECC17292	1076	22471	20610	7698	19.1542750929368	DS60
WECC17293	452	6848	4285	1320	9.48008849557522	DS60
WECC17294	1253	35043	28460	6855	22.7134876296888	DS60
WECC17295	1032	19817	18448	6018	17.8759689922481	DS60
WECC17296	669	14404	12883	4480	19.2571001494768	DS60
WECC17297	1062	24636	22226	7667	20.9284369114878	DS60
WECC17298	2136	59515	47629	10671	22.2982209737828	DS60
WECC17299	976	21178	19871	6858	20.359631147541	DS60
WECC17301	2367	44798	46264	18137	19.545416138572	DS60
WECC17303	1576	35608	33334	11765	21.1510152284264	DS60
WECC17304	4500	94126	92156	31021	20.4791111111111	DS60
WECC17305	1059	26042	19299	5799	18.2237960339943	DS60
WECC17307	437	7981	4258	939	9.74370709382151	DS60
WECC17308	1001	28598	23710	5212	23.6863136863137	DS60
WECC17309	492	10169	7285	2161	14.8069105691057	DS60
WECC17310	4247	102095	104432	35213	24.5895926536379	DS60
WECC17311	663	14771	12637	4348	19.0603318250377	DS60
WECC17314	1766	43376	35991	9653	20.3799546998868	DS60
WECC17315	3034	61400	67824	25572	22.3546473302571	DS60
WECC17316	4509	117189	114918	30741	25.4863606121091	DS60
WECC17317	1158	26927	24586	8380	21.2314335060449	DS60
WECC17318	1620	39382	30243	9072	18.6685185185185	DS60
WECC17319	7255	142184	151112	50055	20.8286698828394	DS60
WECC17320	1382	27715	27501	11012	19.8994211287988	DS60
WECC17323	2421	44811	46145	17637	19.0603056588187	DS60
WECC17325	2979	64250	65207	23881	21.8888888888889	DS60
WECC17326	1812	44659	40333	10250	22.2588300220751	DS60
WECC17328	3731	76449	79344	30339	21.2661484856607	DS60
WECC17329	952	10757	7137	2134	7.4968487394958	DS60
WECC17330	1434	34165	27812	9222	19.39470013947	DS60
WECC17332	4732	121683	120907	38798	25.5509298393914	DS60
WECC17334	4432	93495	97472	36079	21.9927797833935	DS60
WECC17335	863	17505	14218	5054	16.4750869061414	DS60
WECC17336	810	17443	13048	4064	16.1086419753086	DS60
WECC17337	737	15672	12511	3364	16.9755766621438	DS60
WECC17338	727	18464	12617	3151	17.3548830811554	DS60
WECC17340	1229	26769	26577	10554	21.6248982912937	DS60
WECC17341	1590	33194	30840	11375	19.3962264150943	DS60
WECC17342	2892	72613	65263	21170	22.5667358229599	DS60
WECC17344	2196	43280	45558	17385	20.7459016393443	DS60
WECC17346	1179	38268	29054	6414	24.6429177268872	DS60
WECC17347	3026	113487	83327	17213	27.5370125578321	DS60
WECC17348	799	18158	16025	5276	20.0563204005006	DS60
WECC17349	4497	105179	102943	36498	22.8914832110296	DS60
WECC17350	3918	107893	89155	30103	22.7552322613578	DS60
WECC17353	1103	25790	19120	5464	17.3345421577516	DS60
WECC17354	1533	34943	32144	12405	20.9680365296804	DS60
WECC17355	1487	23736	23884	9618	16.0618695359785	DS60
WECC17356	3759	106284	101804	24634	27.0827347698856	DS60
WECC17357	2748	59850	57311	21463	20.8555312954876	DS60
WECC17358	12483	329403	335589	93417	26.8836818072579	DS60
WECC17359	1501	35668	35289	13242	23.510326449034	DS60
WECC17360	1300	29346	26597	7978	20.4592307692308	DS60
WECC17362	1976	44990	40715	13910	20.6047570850202	DS60
WECC17363	3603	76416	83754	32931	23.2456286427977	DS60
WECC17364	980	18065	16112	5660	16.4408163265306	DS60
WECC17365	2516	54452	54386	20687	21.6160572337043	DS60
WECC17366	2951	98076	81426	15200	27.592680447306	DS60
WECC17367	854	19201	16242	5193	19.0187353629977	DS60
WECC17368	2127	51125	43494	13252	20.4485190409027	DS60
WECC17369	2266	46394	49146	20062	21.6884377758164	DS60
WECC17371	1272	23847	20432	7179	16.062893081761	DS60
WECC17372	1012	29905	22962	4798	22.6897233201581	DS60
WECC17374	3763	89429	86303	27273	22.9346266276907	DS60
WECC17375	1341	32739	28205	8487	21.0328113348248	DS60
WECC17376	978	24708	19178	4871	19.6094069529652	DS60
WECC17377	1347	35077	31310	9487	23.2442464736451	DS60
WECC17378	1933	60463	50506	9270	26.1282979824108	DS60
WECC17379	1983	52708	44209	12901	22.2939989914271	DS60
WECC17380	4799	122714	111817	37338	23.3000625130236	DS60
WECC17381	2664	61103	56680	17570	21.2762762762763	DS60
WECC17382	6840	179666	167087	56803	24.4279239766082	DS60
WECC17383	1911	40793	36371	10937	19.0324437467295	DS60
WECC17384	1155	26811	21726	5963	18.8103896103896	DS60
WECC18002	1174	23512	22265	7871	18.9650766609881	DS60
WECC18004	2482	50684	56043	19831	22.5797743755036	DS60
WECC18005	390	6397	7163	2805	18.3666666666667	DS60
WECC18006	1774	34754	39296	14565	22.1510710259301	DS60
WECC18007	1004	22949	23006	6380	22.9143426294821	DS60
WECC18008	867	29850	22006	3098	25.3817762399077	DS60
WECC18011	1796	37203	40640	13257	22.6280623608018	DS60
WECC18013	1190	19077	19630	7944	16.4957983193277	DS60
WECC18014	1312	21414	25990	10104	19.8094512195122	DS60
WECC18016	1128	18758	21230	8069	18.8209219858156	DS60
WECC18019	361	8356	7842	1993	21.7229916897507	DS60
WECC18020	637	10038	10081	3871	15.8257456828885	DS60
WECC18021	1026	20700	20127	8006	19.6169590643275	DS60
WECC18022	1604	31885	36555	12955	22.7899002493766	DS60
WECC18023	311	5170	4033	1306	12.967845659164	DS60
WECC18024	603	14143	11654	3422	19.3266998341625	DS60
WECC18025	1606	42971	40327	10529	25.1102117061021	DS60
WECC18026	806	16090	16798	4967	20.8411910669975	DS60
WECC18027	765	15166	14321	4852	18.7202614379085	DS60
WECC18028	1608	34545	34399	10552	21.3924129353234	DS60
WECC18029	291	3838	2934	934	10.0824742268041	DS60
WECC18030	816	15473	16406	5583	20.1053921568627	DS60
WECC18031	3424	69643	68595	24621	20.0335864485981	DS60
WECC18032	1758	34801	33785	13042	19.2178612059158	DS60
WECC18033	1409	34465	33455	9125	23.7437899219304	DS60
WECC18035	459	10185	8879	2200	19.3442265795207	DS60
WECC18036	385	8714	6504	1568	16.8935064935065	DS60
WECC18037	1128	18998	21445	8760	19.011524822695	DS60
WECC18038	540	10326	9416	3231	17.437037037037	DS60
WECC18039	578	10887	9081	3157	15.7110726643599	DS60
WECC18040	281	4194	2414	789	8.59074733096085	DS60
WECC18041	2488	46469	53187	20358	21.3774115755627	DS60
WECC18042	1744	33753	35865	12072	20.5647935779817	DS60
WECC18044	811	21910	20719	3992	25.5474722564735	DS60
WECC18045	1599	32606	32704	10602	20.4527829893684	DS60
WECC18046	1029	17678	19778	7893	19.220602526725	DS60
WECC18047	1280	28692	26796	8174	20.934375	DS60
WECC18048	1847	39784	39798	13162	21.5473741201949	DS60
WECC18049	321	4512	3492	1189	10.8785046728972	DS60
WECC18054	3620	88762	87550	24214	24.1850828729282	DS60
WECC18055	1150	24855	24958	7044	21.7026086956522	DS60
WECC18056	1600	29216	30155	10988	18.846875	DS60
WECC18058	1548	38140	37121	9533	23.9799741602067	DS60
WECC18060	665	16286	14754	4382	22.1864661654135	DS60
WECC18061	1246	27298	27492	9579	22.0642054574639	DS60
WECC18062	1777	37636	40897	13540	23.014631401238	DS60
WECC18063	1940	44614	45622	12373	23.5164948453608	DS60
WECC18064	3370	74920	72330	21259	21.4629080118694	DS60
WECC18065	1347	29999	30274	9762	22.4751299183371	DS60
WECC18067	512	12227	10232	2495	19.984375	DS60
WECC18068	451	10057	7544	2190	16.7272727272727	DS60
WECC18069	2670	87545	81158	13460	30.3962546816479	DS60
WECC18070	779	13006	12703	4486	16.3068035943517	DS60
WECC18072	1231	24410	26380	9311	21.429731925264	DS60
WECC18073	1094	29421	26383	7287	24.1160877513711	DS60
WECC18074	2073	40352	44707	14625	21.5663289917993	DS60
WECC18075	1642	34052	34317	12656	20.8995127892814	DS60
WECC18076	726	18686	16926	4315	23.3140495867769	DS60
WECC18079	6789	156147	165736	50612	24.4124318750921	DS60
WECC18080	602	14098	12029	3123	19.9817275747508	DS60
WECC18081	3076	71428	71700	23152	23.3094928478544	DS60
WECC18082	539	15298	12535	2393	23.2560296846011	DS60
WECC18083	1187	19592	22867	8833	19.2645324347094	DS60
WECC18084	959	17230	16894	5832	17.6162669447341	DS60
WECC18085	1417	25570	30430	11365	21.4749470712773	DS60
WECC18087	1431	32509	33900	9202	23.6897274633124	DS60
WECC18089	516	12787	11238	2217	21.7790697674419	DS60
WECC18090	303	3235	1797	601	5.93069306930693	DS60
WECC18091	2408	45389	45931	18466	19.0743355481728	DS60
WECC18092	786	11287	10602	4080	13.4885496183206	DS60
WECC18096	2002	47243	46289	13928	23.1213786213786	DS60
WECC18099	955	24034	21870	5972	22.9005235602094	DS60
WECC18104	3350	91893	86118	21386	25.7068656716418	DS60
WECC18105	571	9634	11129	3972	19.4903677758319	DS60
WECC18106	1780	36601	37590	11254	21.1179775280899	DS60
WECC18107	1286	29916	30279	9496	23.545101088647	DS60
WECC18108	381	6736	5578	1550	14.6404199475066	DS60
WECC18109	7069	146641	162880	55449	23.0414485782996	DS60
WECC18112	1831	33829	36885	13769	20.1447296559257	DS60
WECC18113	318	6152	4415	1037	13.8836477987421	DS60
WECC18114	686	15015	14151	3911	20.6282798833819	DS60
WECC18115	820	15371	15097	6049	18.4109756097561	DS60
WECC18117	909	19630	17583	6193	19.3432343234323	DS60
WECC18118	553	10588	9547	2991	17.2640144665461	DS60
WECC18119	589	14442	11858	4432	20.1324278438031	DS60
WECC18120	3631	90676	83787	18918	23.0754613054255	DS60
WECC18121	499	9993	9563	2899	19.1643286573146	DS60
WECC18124	1895	25025	33567	13298	17.7134564643799	DS60
WECC18125	1100	20940	22663	7886	20.6027272727273	DS60
WECC18126	677	17975	16195	5398	23.9217134416544	DS60
WECC18127	1112	21882	20805	6400	18.7095323741007	DS60
WECC18128	925	18688	18322	6157	19.8075675675676	DS60
WECC18129	543	11371	10526	3877	19.3848987108656	DS60
WECC18135	430	8790	6998	1746	16.2744186046512	DS60
WECC18136	2135	40284	42526	14173	19.9185011709602	DS60
WECC18138	447	8447	7847	2186	17.5548098434005	DS60
WECC18139	780	17424	17536	4283	22.4820512820513	DS60
WECC18140	1132	26621	25575	8912	22.5927561837456	DS60
WECC18141	668	14355	14105	4916	21.1152694610778	DS60
WECC18142	2802	53566	56393	20757	20.1259814418273	DS60
WECC18143	1180	20957	22921	7870	19.4245762711864	DS60
WECC18144	882	25014	22138	4338	25.0997732426304	DS60
WECC18146	475	6511	6141	2096	12.9284210526316	DS60
WECC18147	2403	47000	50863	18048	21.1664585934249	DS60
WECC18148	320	5538	4130	1326	12.90625	DS60
WECC18150	584	12415	9368	2231	16.041095890411	DS60
WECC18151	1575	31006	30955	12260	19.6539682539683	DS60
WECC18152	502	10920	9002	2338	17.9322709163347	DS60
WECC18154	588	10843	9898	3378	16.8333333333333	DS60
WECC18155	2257	47243	50832	16945	22.5219317678334	DS60
WECC18156	965	19515	18993	6234	19.6818652849741	DS60
WECC18159	1949	40168	43510	15670	22.3242688558235	DS60
WECC18160	811	14474	12915	3923	15.924784217016	DS60
WECC18161	219	3549	1735	553	7.92237442922374	DS60
WECC18163	1404	28864	27752	10886	19.7663817663818	DS60
WECC18165	1759	47477	42520	10209	24.1728254690165	DS60
WECC18167	686	17008	14828	3749	21.6151603498542	DS60
WECC18168	1871	33973	35140	13127	18.7814003206841	DS60
WECC18169	476	10043	8211	2202	17.25	DS60
WECC18170	645	13527	12653	3392	19.6170542635659	DS60
WECC18171	562	12525	11704	3952	20.8256227758007	DS60
WECC18172	565	7767	7389	2982	13.0778761061947	DS60
WECC18173	904	17563	20248	7673	22.3982300884956	DS60
WECC18174	1260	28646	29490	8569	23.4047619047619	DS60
WECC18178	398	7276	6644	1948	16.6934673366834	DS60
WECC18180	717	12287	13301	4903	18.5509065550907	DS60
WECC18182	898	18946	17251	4607	19.2104677060134	DS60
WECC18183	1701	37224	37613	12184	22.1122868900647	DS60
WECC18184	2119	46292	44490	16431	20.9957527135441	DS60
WECC18185	514	7946	7661	3212	14.9046692607004	DS60
WECC18186	830	12472	13190	5074	15.8915662650602	DS60
WECC18187	972	18779	20524	6888	21.1152263374486	DS60
WECC18188	706	10803	11405	4169	16.1543909348442	DS60
WECC18189	1863	38903	40387	12561	21.6784755770263	DS60
WECC18190	2853	73308	70222	15240	24.6133894146512	DS60
WECC18191	475	6540	6504	2479	13.6926315789474	DS60
WECC18192	649	10737	10278	3657	15.8366718027735	DS60
WECC18193	227	4213	3235	777	14.2511013215859	DS60
WECC18194	1761	40294	44306	15788	25.1595684270301	DS60
WECC18195	1944	44844	46353	13357	23.8441358024691	DS60
WECC18197	712	13965	13091	4811	18.3862359550562	DS60
WECC18198	3041	74123	76287	22206	25.0861558697797	DS60
WECC18199	641	13650	12463	4123	19.4430577223089	DS60
WECC18200	2618	97799	81838	12955	31.2597402597403	DS60
WECC18201	185	3083	2799	945	15.1297297297297	DS60
WECC18203	188	3152	1812	590	9.63829787234043	DS60
WECC18204	595	11492	11850	3960	19.9159663865546	DS60
WECC18205	471	8826	8894	2716	18.8832271762208	DS60
WECC18206	2347	52184	50952	17271	21.7094162760971	DS60
WECC18207	427	8490	7276	2530	17.03981264637	DS60
WECC18208	1417	31503	30883	9041	21.7946365561044	DS60
WECC18210	1525	44358	41171	8600	26.9973770491803	DS60
WECC18212	716	15236	13751	4070	19.2053072625698	DS60
WECC18213	2253	41470	50433	19427	22.3848202396804	DS60
WECC18215	1401	26065	28450	10220	20.3069236259814	DS60
WECC18216	2189	48468	50897	16940	23.251256281407	DS60
WECC18217	636	11355	11773	4270	18.5110062893082	DS60
WECC18220	879	19176	19054	5412	21.6769055745165	DS60
WECC18221	347	5561	4250	1433	12.2478386167147	DS60
WECC18222	816	19677	17747	4384	21.7487745098039	DS60
WECC18223	1241	21808	23038	8754	18.5640612409347	DS60
WECC18225	594	12509	11187	3096	18.8333333333333	DS60
WECC18227	788	12699	15438	6268	19.5913705583756	DS60
WECC18229	4139	74423	87421	32615	21.1212853346219	DS60
WECC18230	591	11239	11223	4196	18.989847715736	DS60
WECC18231	275	5027	4326	1283	15.7309090909091	DS60
WECC18232	485	6763	6468	2326	13.3360824742268	DS60
WECC18233	1057	17403	18297	7553	17.3103122043519	DS60
WECC18234	645	14260	14155	4077	21.9457364341085	DS60
WECC18236	1227	29358	26337	9258	21.4645476772616	DS60
WECC18237	2461	65860	66614	14517	27.0678585940675	DS60
WECC18238	252	4478	3351	1117	13.297619047619	DS60
WECC18240	2459	59944	57555	15156	23.4058560390403	DS60
WECC18241	2079	56413	51231	11520	24.6421356421356	DS60
WECC18242	361	6147	4223	1074	11.6980609418283	DS60
WECC18243	5977	117573	125475	45686	20.9929730634097	DS60
WECC18244	3884	76497	89813	33668	23.1238414006179	DS60
WECC18245	587	10753	10380	3166	17.6831345826235	DS60
WECC18246	751	13649	14670	4794	19.5339547270306	DS60
WECC18247	1839	44021	44254	13173	24.0641653072322	DS60
WECC18248	6539	128344	130335	42995	19.9319467808533	DS60
WECC18249	2740	111823	84399	11674	30.8025547445256	DS60
WECC18250	873	21587	18797	4982	21.5315005727377	DS60
WECC18253	1160	21909	24980	10671	21.5344827586207	DS60
WECC18254	137	2313	678	187	4.94890510948905	DS60
WECC18255	965	19302	19639	6987	20.3512953367876	DS60
WECC18256	1670	38314	39515	13328	23.6616766467066	DS60
WECC18257	3440	76510	74705	23452	21.7165697674419	DS60
WECC18258	471	8989	7852	2496	16.6709129511677	DS60
WECC18259	1992	37817	41674	17065	20.9206827309237	DS60
WECC18260	2889	54857	54516	19192	18.8701973001038	DS60
WECC18261	1650	75287	63059	5159	38.2175757575758	DS60
WECC18262	1013	28873	24288	5678	23.9763079960513	DS60
WECC18263	669	14358	14106	4378	21.085201793722	DS60
WECC18264	279	4955	3236	909	11.5985663082437	DS60
WECC18266	885	14432	14245	5349	16.0960451977401	DS60
WECC18268	1530	32448	33747	11437	22.056862745098	DS60
WECC18269	1391	25245	27337	10559	19.6527677929547	DS60
WECC18274	340	7432	5265	844	15.4852941176471	DS60
WECC18275	669	11270	11535	3928	17.2421524663677	DS60
WECC18276	2172	50566	50902	14122	23.4355432780847	DS60
WECC18277	1283	24393	26827	9949	20.9095869056898	DS60
WECC18278	1422	42399	38861	8684	27.3284106891702	DS60
WECC18280	528	13439	11125	2651	21.0700757575758	DS60
WECC18281	3934	85326	91199	32080	23.1822572445348	DS60
WECC18283	558	9780	9565	3592	17.1415770609319	DS60
WECC18285	1284	32756	30098	8445	23.4408099688474	DS60
WECC18286	819	18749	16948	4808	20.6935286935287	DS60
WECC18287	1355	28912	29206	9725	21.5542435424354	DS60
WECC18290	622	12993	12595	4175	20.2491961414791	DS60
WECC18291	411	8039	6538	1932	15.9075425790754	DS60
WECC18292	857	19781	18114	5501	21.1365227537923	DS60
WECC18293	1304	22060	24167	10155	18.5329754601227	DS60
WECC18295	2135	50497	49638	13982	23.2496487119438	DS60
WECC18296	577	13832	12248	3470	21.2270363951473	DS60
WECC18297	374	8450	7131	2703	19.0668449197861	DS60
WECC18298	931	14485	15681	6147	16.843179377014	DS60
WECC18300	1129	26171	28023	9310	24.8210806023029	DS60
WECC18301	1209	22377	24705	9459	20.4342431761787	DS60
WECC18303	1453	27343	28518	11001	19.6269786648314	DS60
WECC18304	579	10244	8964	2113	15.4818652849741	DS60
WECC18305	301	6105	4722	1238	15.687707641196	DS60
WECC18309	507	7861	9710	4129	19.1518737672584	DS60
WECC18310	244	4184	2484	564	10.1803278688525	DS60
WECC18311	670	15229	13316	5225	19.8746268656716	DS60
WECC18312	5083	123636	128400	39629	25.2606728310053	DS60
WECC18313	517	7302	6546	2576	12.6615087040619	DS60
WECC18315	307	3560	1789	401	5.82736156351792	DS60
WECC18316	2533	51437	55672	21854	21.9786814054481	DS60
WECC18317	718	16153	14933	5367	20.7980501392758	DS60
WECC18318	442	5797	5949	2170	13.4592760180995	DS60
WECC18319	3308	61614	70493	23832	21.3098548972189	DS60
WECC18321	433	7751	6828	2368	15.7690531177829	DS60
WECC18322	805	14826	12382	5009	15.3813664596273	DS60
WECC18323	1762	32876	34923	11684	19.8200908059024	DS60
WECC18324	810	18487	16090	4705	19.8641975308642	DS60
WECC18326	845	22785	19517	4010	23.0970414201183	DS60
WECC18327	978	23622	21173	6172	21.6492842535787	DS60
WECC18328	3916	88018	86533	24986	22.0972931562819	DS60
WECC18329	933	11792	11258	3951	12.0664523043944	DS60
WECC18330	790	14082	12078	3318	15.2886075949367	DS60
WECC18333	320	5263	4665	1496	14.578125	DS60
WECC18334	641	11567	10044	2978	15.6692667706708	DS60
WECC18335	2825	60824	63518	19873	22.4842477876106	DS60
WECC18336	2425	54250	52048	14107	21.4630927835052	DS60
WECC18337	546	10711	10931	3898	20.0201465201465	DS60
WECC18338	334	6723	5698	1620	17.059880239521	DS60
WECC18339	306	6276	5081	1555	16.6045751633987	DS60
WECC18341	2977	58108	62739	22755	21.0745717164931	DS60
WECC18342	305	6501	4971	898	16.2983606557377	DS60
WECC18343	780	11490	12685	4950	16.2628205128205	DS60
WECC18344	2094	45850	44428	14808	21.2168099331423	DS60
WECC18346	1067	21787	23079	7733	21.6298031865042	DS60
WECC18350	731	18316	17355	3868	23.7414500683995	DS60
WECC18351	867	18419	18751	6507	21.6274509803922	DS60
WECC18352	2648	51827	54970	19586	20.7590634441088	DS60
WECC18353	1040	16695	18655	7425	17.9375	DS60
WECC18354	844	14674	16473	6274	19.5177725118483	DS60
WECC18356	4660	123921	123904	32650	26.5888412017167	DS60
WECC18358	846	17735	16519	4698	19.5260047281324	DS60
WECC18359	853	17585	16985	5445	19.9120750293083	DS60
WECC18360	1108	24671	24721	7013	22.3113718411552	DS60
WECC18362	1595	32506	33983	13555	21.3059561128527	DS60
WECC18363	1328	26890	28323	10311	21.3275602409639	DS60
WECC18364	1291	17814	21028	8367	16.288148721921	DS60
WECC18365	1483	27881	28714	9355	19.3621038435604	DS60
WECC18366	718	15101	15317	4344	21.3328690807799	DS60
WECC18368	5917	128048	129343	39794	21.8595572080446	DS60
WECC18369	416	8155	6187	1848	14.8725961538462	DS60
WECC18370	1455	42977	39721	8601	27.2996563573883	DS60
WECC18371	1316	22305	23731	8666	18.0326747720365	DS60
WECC18372	964	18655	20124	7388	20.8755186721992	DS60
WECC18373	1388	31619	29451	10185	21.2182997118156	DS60
WECC18374	2598	55947	56220	18495	21.6397228637413	DS60
WECC18375	776	16229	16439	5135	21.1842783505155	DS60
WECC18376	5542	127400	134591	44847	24.2856369541682	DS60
WECC18377	1689	39534	37669	11867	22.3025458851391	DS60
WECC18378	667	11637	9744	4004	14.6086956521739	DS60
WECC18380	408	5635	4100	1208	10.0490196078431	DS60
WECC18381	2055	51519	41579	14560	20.2330900243309	DS60
WECC18382	835	18006	15577	4468	18.6550898203593	DS60
WECC18383	1970	59826	48795	11169	24.7690355329949	DS60
WECC18384	1112	20295	21130	6386	19.0017985611511	DS60
WECC19001	3133	72881	67290	20734	21.4778167890201	DS60
WECC19002	1431	36069	29978	8141	20.9489867225716	DS60
WECC19004	4447	133312	107785	28181	24.2376883292107	DS60
WECC19005	574	12721	9286	2289	16.1777003484321	DS60
WECC19006	697	13659	12999	4991	18.6499282639885	DS60
WECC19007	4756	120933	108596	31137	22.8334735071489	DS60
WECC19008	3852	96814	81553	20707	21.1715991692627	DS60
WECC19009	6139	155941	140737	32468	22.9250692295162	DS60
WECC19011	1358	25792	24899	8513	18.3350515463918	DS60
WECC19012	3319	67749	70968	23515	21.382344079542	DS60
WECC19014	873	18974	16636	4467	19.0561282932417	DS60
WECC19015	766	17776	14709	5005	19.2023498694517	DS60
WECC19016	2080	54589	47193	12070	22.6889423076923	DS60
WECC19019	969	25645	19848	4858	20.4829721362229	DS60
WECC19020	1604	29506	32551	11996	20.2936408977556	DS60
WECC19021	1469	31012	33138	12692	22.5582028590878	DS60
WECC19022	738	15442	13701	4520	18.5650406504065	DS60
WECC19023	237	3309	968	257	4.08438818565401	DS60
WECC19025	1113	22488	19597	5985	17.607367475292	DS60
WECC19026	3029	59838	62916	24652	20.771211620997	DS60
WECC19027	464	8896	5714	1611	12.3146551724138	DS60
WECC19029	1536	34757	31463	9562	20.4837239583333	DS60
WECC19030	712	14215	12148	3776	17.061797752809	DS60
WECC19032	597	12468	8946	2965	14.9849246231156	DS60
WECC19033	470	6501	3843	1025	8.17659574468085	DS60
WECC19034	552	10306	9898	3952	17.9311594202899	DS60
WECC19035	2904	67615	66330	17758	22.8409090909091	DS60
WECC19036	1492	37078	33498	11162	22.4517426273458	DS60
WECC19037	4064	116463	96265	27354	23.6872539370079	DS60
WECC19040	2081	50940	45323	11864	21.7794329649207	DS60
WECC19041	1347	30744	15805	5084	11.7334818114328	DS60
WECC19042	1107	23183	19202	6108	17.3459801264679	DS60
WECC19043	3351	72352	71382	23572	21.3017009847807	DS60
WECC19045	538	15833	10919	1486	20.2955390334572	DS60
WECC19047	1951	41914	38986	13008	19.9825730394669	DS60
WECC19050	4271	86751	92093	31754	21.5623975649731	DS60
WECC19052	1594	32812	33103	11256	20.767252195734	DS60
WECC19054	1596	38274	33608	9170	21.0576441102757	DS60
WECC19055	575	10821	9136	2950	15.8886956521739	DS60
WECC19056	1492	34034	30608	8363	20.514745308311	DS60
WECC19058	1234	27520	24714	9309	20.0275526742302	DS60
WECC19059	1275	25868	26489	10338	20.7756862745098	DS60
WECC19060	1665	40803	34738	8874	20.8636636636637	DS60
WECC19062	609	12839	10337	3605	16.9737274220033	DS60
WECC19063	300	3826	1238	365	4.12666666666667	DS60
WECC19065	1956	49065	40999	9344	20.9606339468303	DS60
WECC19066	1023	18880	18161	6824	17.752688172043	DS60
WECC19067	623	13965	11100	3373	17.8170144462279	DS60
WECC19069	1793	43522	37355	10876	20.8337981037368	DS60
WECC19070	1698	41115	38387	11132	22.6071849234393	DS60
WECC19071	911	18028	18354	6521	20.1470911086718	DS60
WECC19073	819	21618	17977	4362	21.949938949939	DS60
WECC19074	4860	115991	110785	26157	22.7952674897119	DS60
WECC19076	2684	49456	53841	21905	20.0599850968703	DS60
WECC19077	1620	41366	34722	10885	21.4333333333333	DS60
WECC19078	2535	57727	55124	17551	21.74516765286	DS60
WECC19081	1930	40577	38908	13635	20.159585492228	DS60
WECC19082	1734	38154	37708	11640	21.7462514417532	DS60
WECC19083	3386	72013	70326	23603	20.7696396928529	DS60
WECC19084	699	18057	11321	3976	16.1959942775393	DS60
WECC19086	4745	109643	110117	36074	23.2069546891465	DS60
WECC19088	5031	132804	108373	23972	21.5410455177897	DS60
WECC19089	7402	194269	172949	39987	23.3651715752499	DS60
WECC19091	3664	100720	84798	21087	23.1435589519651	DS60
WECC19093	3118	74385	73490	23700	23.5695958948044	DS60
WECC19094	3480	85350	71711	18866	20.6066091954023	DS60
WECC19096	759	15063	13861	4996	18.262187088274	DS60
WECC19097	1797	47082	37730	8251	20.9961046188091	DS60
WECC19098	2304	64551	50456	11165	21.8993055555556	DS60
WECC19099	1187	25987	25398	9852	21.396798652064	DS60
WECC19100	1598	36686	34047	10492	21.3060075093867	DS60
WECC19102	708	18186	15803	4554	22.3206214689266	DS60
WECC19103	1512	40070	35649	7746	23.577380952381	DS60
WECC19104	690	15769	13746	3791	19.9217391304348	DS60
WECC19105	336	5719	4774	1902	14.2083333333333	DS60
WECC19106	3572	76958	71763	24055	20.0904255319149	DS60
WECC19107	884	30149	23748	3811	26.8642533936652	DS60
WECC19108	2266	51835	49176	15161	21.7016769638129	DS60
WECC19109	802	20740	15559	3332	19.4002493765586	DS60
WECC19110	3176	82075	73510	15490	23.1454659949622	DS60
WECC19111	3702	94097	81462	17724	22.0048622366288	DS60
WECC19112	2802	59458	60607	22602	21.6299072091363	DS60
WECC19113	452	9026	6890	2517	15.2433628318584	DS60
WECC19114	1005	22926	20357	6374	20.2557213930348	DS60
WECC19115	3561	98483	81320	18025	22.8362819432744	DS60
WECC19117	595	11851	10686	3859	17.9596638655462	DS60
WECC19118	358	3208	2273	626	6.34916201117319	DS60
WECC19119	1970	40500	41969	16129	21.3040609137056	DS60
WECC19120	3370	86970	75899	12422	22.5219584569733	DS60
WECC19121	456	7386	6513	2391	14.2828947368421	DS60
WECC19123	1713	39786	40402	12989	23.5855224751897	DS60
WECC19124	568	22184	14994	2565	26.3978873239437	DS60
WECC19125	2059	54810	47901	14111	23.2642059252064	DS60
WECC19126	1395	41412	32691	6002	23.4344086021505	DS60
WECC19127	667	12322	12322	4289	18.4737631184408	DS60
WECC19128	1144	25531	22165	6208	19.375	DS60
WECC19130	5946	123322	130510	46601	21.9492095526404	DS60
WECC19132	6235	158256	149441	40339	23.9680834001604	DS60
WECC19134	2508	50207	54851	20942	21.8704146730463	DS60
WECC19136	1581	34739	32652	9543	20.6527514231499	DS60
WECC19137	850	19521	17589	4440	20.6929411764706	DS60
WECC19139	367	8676	6096	1225	16.6103542234332	DS60
WECC19141	2396	63681	53869	13183	22.4828881469115	DS60
WECC19142	862	16260	15042	5043	17.4501160092807	DS60
WECC19143	562	10625	8488	2789	15.1032028469751	DS60
WECC19145	2036	49935	45686	15370	22.4390962671906	DS60
WECC19148	2455	53832	51531	18949	20.9902240325866	DS60
WECC19150	462	8502	6860	1958	14.8484848484848	DS60
WECC19151	782	16503	14311	5275	18.3005115089514	DS60
WECC19152	3645	88689	77243	20632	21.1914951989026	DS60
WECC19153	280	6460	4372	1317	15.6142857142857	DS60
WECC19154	2370	55235	54746	16437	23.0995780590717	DS60
WECC19155	2049	38306	44585	18380	21.7593948267448	DS60
WECC19156	422	7855	7063	2819	16.7369668246446	DS60
WECC19158	839	18550	17551	3893	20.9189511323004	DS60
WECC19159	640	13163	10446	2544	16.321875	DS60
WECC19160	1256	30929	23202	4485	18.4729299363057	DS60
WECC19161	378	5931	4342	1300	11.4867724867725	DS60
WECC19162	676	13670	12343	5116	18.258875739645	DS60
WECC19163	2095	48982	43611	11105	20.8167064439141	DS60
WECC19164	433	8430	5131	1136	11.8498845265589	DS60
WECC19166	1254	30070	30435	10837	24.2703349282297	DS60
WECC19167	2945	58152	64653	26485	21.953480475382	DS60
WECC19168	3416	82505	67404	17708	19.731850117096	DS60
WECC19169	672	14024	12368	4708	18.4047619047619	DS60
WECC19170	834	25296	20278	2988	24.3141486810552	DS60
WECC19171	570	11366	11019	3522	19.3315789473684	DS60
WECC19173	950	18518	20681	7662	21.7694736842105	DS60
WECC19175	582	9751	8982	3550	15.4329896907217	DS60
WECC19176	874	18929	17173	5550	19.6487414187643	DS60
WECC19178	2128	44183	46299	15234	21.7570488721805	DS60
WECC19179	2308	50114	48645	14942	21.0766897746967	DS60
WECC19180	785	17185	15139	5656	19.2853503184713	DS60
WECC19181	701	13343	13762	4835	19.6319543509273	DS60
WECC19182	2956	58011	64109	25302	21.6877537212449	DS60
WECC19183	238	2913	1078	286	4.52941176470588	DS60
WECC19184	2951	72349	64423	16308	21.8309047780413	DS60
WECC19186	1050	21330	20193	6752	19.2314285714286	DS60
WECC19187	2567	62471	58877	18495	22.9361121932217	DS60
WECC19188	651	14492	12562	4100	19.2964669738863	DS60
WECC19190	2860	62094	57848	15528	20.2265734265734	DS60
WECC19191	543	8879	7554	2481	13.9116022099448	DS60
WECC19192	3999	99140	90923	20830	22.7364341085271	DS60
WECC19193	1259	30136	28395	8319	22.5536139793487	DS60
WECC19194	742	15008	12937	4015	17.4353099730458	DS60
WECC19197	5973	153116	138297	37007	23.1536916122551	DS60
WECC19198	8471	203635	191042	56997	22.5524731436666	DS60
WECC19199	630	13518	9654	1873	15.3238095238095	DS60
WECC19201	1298	27824	27216	8170	20.9676425269646	DS60
WECC19203	932	21612	18698	5202	20.0622317596567	DS60
WECC19204	548	9686	8769	3140	16.0018248175182	DS60
WECC19207	804	20849	16519	5706	20.5460199004975	DS60
WECC19208	3174	85053	69801	17059	21.9914933837429	DS60
WECC19209	657	15441	12147	4078	18.4885844748858	DS60
WECC19210	1129	24232	23367	8202	20.6970770593446	DS60
WECC19212	1278	27565	26204	7698	20.5039123630673	DS60
WECC19213	1355	30221	27423	8141	20.2383763837638	DS60
WECC19215	245	4176	1791	431	7.31020408163265	DS60
WECC19216	1978	54329	46445	11667	23.4807886754297	DS60
WECC19217	1243	26702	24162	9534	19.4384553499598	DS60
WECC19218	2952	70945	69237	20916	23.4542682926829	DS60
WECC19221	919	17112	17330	6715	18.8574537540805	DS60
WECC19222	374	7627	5507	1460	14.7245989304813	DS60
WECC19223	970	27998	18907	4169	19.4917525773196	DS60
WECC19227	2059	50000	46182	14875	22.4293346284604	DS60
WECC19229	979	19350	17124	6431	17.491317671093	DS60
WECC19231	1075	26368	23043	7454	21.4353488372093	DS60
WECC19232	7858	198181	195156	61253	24.8353270552303	DS60
WECC19233	4119	87690	90842	29849	22.0543821315853	DS60
WECC19234	526	9031	6676	2068	12.6920152091255	DS60
WECC19236	3294	73725	72236	19650	21.9295689131755	DS60
WECC19237	792	14400	13580	4956	17.1464646464646	DS60
WECC19238	408	5429	4205	1471	10.3063725490196	DS60
WECC19240	258	4205	1859	480	7.20542635658915	DS60
WECC19241	4586	117909	110843	33181	24.1698648059311	DS60
WECC19242	4195	111744	100930	22672	24.0595947556615	DS60
WECC19243	3045	62838	63636	19447	20.8985221674877	DS60
WECC19244	2017	40327	43735	16004	21.6831928606842	DS60
WECC19246	3371	93398	76177	16160	22.5977454761199	DS60
WECC19247	1234	36494	32875	5626	26.6410048622366	DS60
WECC19248	446	6835	4578	1424	10.2645739910314	DS60
WECC19249	3458	88360	80104	26345	23.1648351648352	DS60
WECC19250	2160	44201	44517	15738	20.6097222222222	DS60
WECC19252	1498	32306	28683	9511	19.1475300400534	DS60
WECC19253	3105	57207	68344	28601	22.0109500805153	DS60
WECC19256	6358	152768	144246	43063	22.6873230575653	DS60
WECC19257	5524	156988	130822	34415	23.6824764663288	DS60
WECC19258	566	8973	8201	2971	14.4893992932862	DS60
WECC19260	3201	84526	73572	13233	22.9840674789128	DS60
WECC19261	714	14386	12545	4637	17.5700280112045	DS60
WECC19263	3952	82464	86305	30008	21.8383097165992	DS60
WECC19264	896	21325	19532	6798	21.7991071428571	DS60
WECC19265	1182	24903	23992	8356	20.2978003384095	DS60
WECC19268	2055	42016	40477	14909	19.6968369829684	DS60
WECC19270	480	11466	8719	2414	18.1645833333333	DS60
WECC19271	851	17509	16432	6083	19.3090481786134	DS60
WECC19272	3198	66890	66218	20893	20.7060662914321	DS60
WECC19274	826	17011	14808	4060	17.9273607748184	DS60
WECC19277	769	19077	16892	4979	21.9661898569571	DS60
WECC19280	2612	61539	58303	16853	22.3212098009188	DS60
WECC19281	1698	38057	33451	10803	19.7002355712603	DS60
WECC19282	4216	107206	91524	24194	21.7087286527514	DS60
WECC19283	6056	157895	137677	37832	22.7339828269485	DS60
WECC19284	396	10674	6495	1430	16.4015151515152	DS60
WECC19286	599	11982	10524	3550	17.5692821368948	DS60
WECC19287	2972	71059	67496	21845	22.7106325706595	DS60
WECC19288	1460	28083	25900	8069	17.7397260273973	DS60
WECC19290	9306	263129	230198	63462	24.7365140769396	DS60
WECC19291	2278	54991	51072	14124	22.4196663740123	DS60
WECC19292	3588	93600	82810	22783	23.0797101449275	DS60
WECC19295	763	16117	12860	3167	16.8545216251638	DS60
WECC19296	926	24909	20746	5528	22.4038876889849	DS60
WECC19297	551	9505	7379	2465	13.3920145190563	DS60
WECC19299	6455	152037	154910	45386	23.998450813323	DS60
WECC19300	2439	60874	56068	18500	22.9881098810988	DS60
WECC19301	6633	165450	157889	51723	23.8035579677371	DS60
WECC19303	2099	43136	44607	16613	21.2515483563602	DS60
WECC19304	995	20036	17928	5853	18.0180904522613	DS60
WECC19305	6800	175489	164409	41352	24.1777941176471	DS60
WECC19306	2077	51140	45849	12074	22.0746268656716	DS60
WECC19308	664	15135	12461	4222	18.7665662650602	DS60
WECC19309	403	7448	7316	3034	18.1538461538462	DS60
WECC19311	1385	38598	28791	5053	20.787725631769	DS60
WECC19312	5665	132126	130045	42397	22.9558693733451	DS60
WECC19314	1227	31208	23743	5694	19.3504482477588	DS60
WECC19315	1012	16442	16871	6536	16.6709486166008	DS60
WECC19316	635	16986	13608	3056	21.4299212598425	DS60
WECC19317	1741	40749	35871	8445	20.6036760482481	DS60
WECC19318	1428	35246	30328	6802	21.2380952380952	DS60
WECC19319	763	14753	13717	3800	17.9777195281782	DS60
WECC19320	2843	67864	67359	23318	23.6929300035174	DS60
WECC19321	1597	36335	34466	13039	21.5817157169693	DS60
WECC19322	252	4815	2363	699	9.37698412698413	DS60
WECC19324	1603	36735	33346	8903	20.8022457891454	DS60
WECC19325	5750	119456	127813	43958	22.228347826087	DS60
WECC19326	516	9152	8287	2727	16.0600775193798	DS60
WECC19328	1908	36601	35349	12903	18.5267295597484	DS60
WECC19329	884	25130	19282	5127	21.8122171945701	DS60
WECC19331	1356	29526	28315	8203	20.8812684365782	DS60
WECC19332	476	6428	5105	1678	10.7247899159664	DS60
WECC19333	1126	30771	23658	5371	21.0106571936057	DS60
WECC19335	8714	196798	196179	61216	22.5130823961441	DS60
WECC19336	769	10084	9137	3216	11.8816644993498	DS60
WECC19337	3946	79211	90516	35780	22.9386720729853	DS60
WECC19339	571	13026	10219	3095	17.8966725043783	DS60
WECC19340	460	11282	8007	1392	17.4065217391304	DS60
WECC19341	588	10819	8708	2554	14.8095238095238	DS60
WECC19342	2421	58698	54939	14578	22.6926889714994	DS60
WECC19343	425	7713	6184	2305	14.5505882352941	DS60
WECC19344	1757	51556	38422	7739	21.8679567444508	DS60
WECC19345	2625	50003	51323	18339	19.5516190476191	DS60
WECC19346	823	18544	15977	3965	19.4131227217497	DS60
WECC19348	1000	20355	17901	4992	17.901	DS60
WECC19349	597	8812	8256	3273	13.8291457286432	DS60
WECC19351	505	10893	8859	2594	17.5425742574257	DS60
WECC19352	5862	139296	142830	46402	24.3654042988741	DS60
WECC19353	1616	31732	33162	13169	20.5210396039604	DS60
WECC19354	2292	48472	52585	19090	22.9428446771379	DS60
WECC19357	1632	36643	36492	12661	22.3602941176471	DS60
WECC19358	2016	42435	43329	15027	21.4925595238095	DS60
WECC19359	581	13387	10334	2796	17.7865748709122	DS60
WECC19361	489	9175	6837	1919	13.9815950920245	DS60
WECC19363	1776	38372	38428	13319	21.6373873873874	DS60
WECC19364	1199	26258	22861	4948	19.0667222685571	DS60
WECC19365	1811	40619	36192	14231	19.9845389287686	DS60
WECC19366	417	7105	5301	1534	12.7122302158273	DS60
WECC19367	1984	66068	51333	8822	25.8734879032258	DS60
WECC19368	5261	154241	120203	24848	22.8479376544383	DS60
WECC19369	623	15624	11686	2868	18.7576243980738	DS60
WECC19371	2172	40536	42302	15503	19.47605893186	DS60
WECC19373	755	14706	13176	4941	17.4516556291391	DS60
WECC19374	665	12071	8386	1771	12.6105263157895	DS60
WECC19376	1262	32060	24067	4920	19.0705229793978	DS60
WECC19378	24663	637887	576215	165840	23.3635405262945	DS60
WECC19382	1047	26362	22040	5177	21.0506208213945	DS60
WECC20001	1711	35297	33764	11869	19.7334891876096	DS60
WECC20002	936	25459	18928	3716	20.2222222222222	DS60
WECC20003	1352	26970	23372	6842	17.2869822485207	DS60
WECC20006	1186	34267	27070	6715	22.8246205733558	DS60
WECC20007	3371	78061	69839	21454	20.7175912192228	DS60
WECC20011	1818	33692	34760	12244	19.1199119911991	DS60
WECC20012	1504	34789	32915	9754	21.8849734042553	DS60
WECC20013	551	9957	7241	2175	13.1415607985481	DS60
WECC20014	1365	28245	25757	8156	18.8695970695971	DS60
WECC20015	1080	17596	17574	6530	16.2722222222222	DS60
WECC20017	579	11208	10328	3565	17.8376511226252	DS60
WECC20018	1833	48911	47097	11987	25.6939443535188	DS60
WECC20019	2233	41333	43552	16463	19.5038065382893	DS60
WECC20020	471	7702	5504	1620	11.6857749469214	DS60
WECC20022	1262	31984	29639	9258	23.4857369255151	DS60
WECC20023	766	18026	15163	4907	19.7950391644909	DS60
WECC20024	863	14785	15464	6074	17.9188876013905	DS60
WECC20025	1123	26839	25199	7297	22.4390026714158	DS60
WECC20026	782	17963	14734	3552	18.8414322250639	DS60
WECC20027	6138	138358	144065	44995	23.471000325839	DS60
WECC20028	1253	21178	20054	6496	16.0047885075818	DS60
WECC20029	1777	36624	37159	12147	20.9110861001688	DS60
WECC20030	2387	47161	49549	15837	20.7578550481776	DS60
WECC20031	1780	38407	35412	12046	19.8943820224719	DS60
WECC20032	476	9728	8040	2231	16.890756302521	DS60
WECC20033	2281	44399	42912	15753	18.8128014028935	DS60
WECC20034	2487	59262	56999	17569	22.9187776437475	DS60
WECC20035	7540	167045	159355	49810	21.1346153846154	DS60
WECC20036	1598	30309	29299	10109	18.3347934918648	DS60
WECC20039	2575	63731	55723	14836	21.64	DS60
WECC20041	1041	21344	19110	5709	18.35734870317	DS60
WECC20042	2437	44991	42902	13738	17.604431678293	DS60
WECC20043	657	15283	9696	2656	14.7579908675799	DS60
WECC20044	2289	51365	50430	13482	22.0314547837484	DS60
WECC20045	3889	68585	74410	27750	19.1334533299049	DS60
WECC20046	419	8378	7163	1794	17.0954653937948	DS60
WECC20047	1198	22482	23204	7326	19.3689482470785	DS60
WECC20048	2295	49852	45742	14216	19.9311546840959	DS60
WECC20049	704	12001	9798	2686	13.9176136363636	DS60
WECC20050	2439	45014	43602	15422	17.8769987699877	DS60
WECC20051	1529	28642	27143	9064	17.7521255722695	DS60
WECC20052	1286	28150	25716	9106	19.9968895800933	DS60
WECC20053	814	17546	14597	3959	17.9324324324324	DS60
WECC20055	1882	41877	41693	11787	22.153560042508	DS60
WECC20056	1308	35851	28791	5797	22.0114678899083	DS60
WECC20057	979	18900	17273	6588	17.6435137895812	DS60
WECC20058	2383	57745	43133	12484	18.1002937473773	DS60
WECC20059	2783	92688	74038	14478	26.603665109594	DS60
WECC20060	3440	70318	72608	24846	21.106976744186	DS60
WECC20063	1316	23239	22506	8320	17.1018237082067	DS60
WECC20064	2605	64382	60942	14953	23.3942418426104	DS60
WECC20065	1050	22497	21214	7148	20.2038095238095	DS60
WECC20066	1608	34781	30333	9419	18.8638059701493	DS60
WECC20067	3644	75272	75897	26606	20.8279363336992	DS60
WECC20069	2284	64552	59262	11898	25.946584938704	DS60
WECC20070	2401	59637	53658	13870	22.3481882548938	DS60
WECC20071	2022	40235	41073	15054	20.313056379822	DS60
WECC20072	1922	39023	39245	13031	20.4188345473465	DS60
WECC20073	1781	42109	31632	9103	17.7608085345312	DS60
WECC20074	1094	21154	18884	5469	17.2614259597806	DS60
WECC20075	2029	39402	40028	13659	19.7279448003943	DS60
WECC20076	482	10148	7016	1787	14.5560165975104	DS60
WECC20077	2827	84449	70801	15207	25.0445702157764	DS60
WECC20078	1436	27238	24409	8058	16.9979108635097	DS60
WECC20079	883	16872	13799	4642	15.6274065685164	DS60
WECC20081	2078	49396	48003	13970	23.1005774783446	DS60
WECC20082	3600	83106	79102	20613	21.9727777777778	DS60
WECC20083	1912	32056	33976	12868	17.7698744769874	DS60
WECC20084	1733	43976	37216	8797	21.4748990190421	DS60
WECC20085	694	16786	13259	3309	19.1051873198847	DS60
WECC20086	1797	39125	37422	9613	20.8247078464107	DS60
WECC20087	3149	63326	63637	21352	20.2086376627501	DS60
WECC20088	1954	45749	39611	12051	20.2717502558854	DS60
WECC20089	5318	124662	115274	30361	21.6761940579165	DS60
WECC20090	851	13492	12873	4934	15.1269095182139	DS60
WECC20091	745	18170	15160	2555	20.3489932885906	DS60
WECC20092	6443	126139	133291	43581	20.6877231103523	DS60
WECC20093	2068	49176	45683	12857	22.0904255319149	DS60
WECC20095	15797	468835	435560	84181	27.5723238589606	DS60
WECC20096	1168	22855	23564	8036	20.1746575342466	DS60
WECC20098	923	21043	17867	3885	19.3575297941495	DS60
WECC20099	4795	120103	109810	27964	22.9009384775808	DS60
WECC20100	1842	43298	39861	12224	21.6400651465798	DS60
WECC20102	2120	43293	41428	14406	19.5415094339623	DS60
WECC20103	1118	31112	27395	6188	24.5035778175313	DS60
WECC20104	1184	25804	25282	8779	21.3530405405405	DS60
WECC20106	2033	38568	40393	13634	19.8686669945893	DS60
WECC20108	451	7277	6049	1782	13.4124168514412	DS60
WECC20109	1465	26838	27908	9862	19.0498293515358	DS60
WECC20110	656	13435	13613	4399	20.7515243902439	DS60
WECC20111	1265	24111	22709	8594	17.9517786561265	DS60
WECC20112	455	8896	7303	2292	16.0505494505495	DS60
WECC20114	2395	49406	48366	14138	20.1945720250522	DS60
WECC20115	436	7869	5454	1512	12.5091743119266	DS60
WECC20116	945	15112	16310	6099	17.2592592592593	DS60
WECC20117	924	15761	14464	5668	15.6536796536797	DS60
WECC20118	802	15569	14114	5314	17.5985037406484	DS60
WECC20119	1544	37920	30021	9393	19.4436528497409	DS60
WECC20120	3060	68686	66109	19364	21.6042483660131	DS60
WECC20121	1210	26462	22367	7972	18.4851239669421	DS60
WECC20122	1796	42249	35488	9006	19.7594654788419	DS60
WECC20123	375	7496	6105	1818	16.28	DS60
WECC20124	443	8110	5900	1990	13.3182844243792	DS60
WECC20125	890	21205	18196	5372	20.4449438202247	DS60
WECC20126	1144	26457	26101	7340	22.8155594405594	DS60
WECC20127	705	16903	13597	2554	19.286524822695	DS60
WECC20128	836	18241	15213	3996	18.1973684210526	DS60
WECC20132	647	11738	10095	3829	15.6027820710974	DS60
WECC20133	699	10803	10050	3470	14.3776824034335	DS60
WECC20134	602	9620	8662	2545	14.3887043189369	DS60
WECC20137	991	26694	22074	6137	22.2744702320888	DS60
WECC20139	836	21938	19157	4519	22.9150717703349	DS60
WECC20141	462	7106	5846	2062	12.6536796536797	DS60
WECC20143	1314	28944	25479	8137	19.3904109589041	DS60
WECC20144	765	19050	16339	5112	21.3581699346405	DS60
WECC20147	1376	32624	28430	7163	20.6613372093023	DS60
WECC20148	1695	39673	35372	8942	20.8684365781711	DS60
WECC20149	1135	26337	23761	7330	20.9348017621145	DS60
WECC20150	423	10925	8414	1965	19.8912529550827	DS60
WECC20151	1317	32195	27756	6077	21.0751708428246	DS60
WECC20152	2651	52648	54066	20204	20.3945680875141	DS60
WECC20154	1669	37981	32268	9754	19.3337327741162	DS60
WECC20156	750	14636	12113	4501	16.1506666666667	DS60
WECC20158	506	11227	8114	2280	16.0355731225296	DS60
WECC20160	1376	30470	27659	8143	20.1010174418605	DS60
WECC20161	736	11751	10657	4178	14.4796195652174	DS60
WECC20162	3174	72316	67557	19920	21.2844990548204	DS60
WECC20163	1421	25798	26999	9324	19	DS60
WECC20164	802	16389	15445	5007	19.2581047381546	DS60
WECC20167	5842	118451	117981	39734	20.1953098254023	DS60
WECC20168	2469	47830	45881	14139	18.5828270554881	DS60
WECC20169	2343	46440	52033	20353	22.2078531796842	DS60
WECC20170	3329	75373	65309	20494	19.6182036647642	DS60
WECC20172	2031	50651	47993	11296	23.630231413097	DS60
WECC20177	856	17379	16390	4593	19.1471962616822	DS60
WECC20178	4247	84740	88913	30484	20.9354838709677	DS60
WECC20179	1581	40076	36718	10721	23.224541429475	DS60
WECC20180	805	18696	15474	4968	19.2223602484472	DS60
WECC20181	546	12348	9340	2267	17.1062271062271	DS60
WECC20182	1411	39019	33277	7075	23.5839829907867	DS60
WECC20183	1464	30531	28827	9740	19.6905737704918	DS60
WECC20184	3804	95745	85352	26904	22.4374342797056	DS60
WECC20185	2508	48307	49739	16441	19.8321371610845	DS60
WECC20187	1579	31657	32258	10839	20.4293856871438	DS60
WECC20188	3255	75903	74090	19735	22.7619047619048	DS60
WECC20189	4199	92998	91678	26166	21.8332936413432	DS60
WECC20190	1174	23102	19705	5538	16.7844974446337	DS60
WECC20191	1281	25602	23507	7687	18.3505074160812	DS60
WECC20192	614	12695	10359	2686	16.871335504886	DS60
WECC20193	605	10391	9757	3494	16.1272727272727	DS60
WECC20197	630	15808	13085	4427	20.7698412698413	DS60
WECC20198	870	17375	15642	5136	17.9793103448276	DS60
WECC20199	611	13418	9790	2668	16.0229132569558	DS60
WECC20200	1233	34813	27905	6095	22.6317923763179	DS60
WECC20202	1374	30796	28152	8046	20.4890829694323	DS60
WECC20203	1336	32755	27647	8118	20.6938622754491	DS60
WECC20204	807	15539	14449	5042	17.90458488228	DS60
WECC20205	2755	53732	58178	18592	21.1172413793103	DS60
WECC20206	375	7713	6521	2114	17.3893333333333	DS60
WECC20207	750	19656	17397	5675	23.196	DS60
WECC20208	687	13514	11405	3554	16.6011644832606	DS60
WECC20209	2812	64639	58004	18897	20.6273115220484	DS60
WECC20210	3134	66618	66544	21738	21.2329291640077	DS60
WECC20211	4474	121819	110711	30240	24.7454179704962	DS60
WECC20212	3796	76331	81249	25369	21.4038461538462	DS60
WECC20213	1228	23729	23302	8267	18.9755700325733	DS60
WECC20214	2562	51667	52841	17353	20.6249024199844	DS60
WECC20215	3627	82334	79779	24156	21.9958643507031	DS60
WECC20216	1870	38719	37253	12791	19.9213903743316	DS60
WECC20219	1037	24957	21452	5707	20.6865959498554	DS60
WECC20220	1845	37232	36254	10862	19.649864498645	DS60
WECC20221	1032	20206	20299	7755	19.6695736434109	DS60
WECC20222	1227	23504	24178	8259	19.7049714751426	DS60
WECC20223	714	13198	12751	4137	17.8585434173669	DS60
WECC20224	1963	35901	34404	12824	17.5262353540499	DS60
WECC20225	2042	55770	48201	10695	23.6047992164545	DS60
WECC20226	3299	72684	70708	21611	21.4331615641103	DS60
WECC20227	1490	29209	28539	8292	19.1536912751678	DS60
WECC20228	238	3451	1797	556	7.55042016806723	DS60
WECC20229	733	14568	12791	3647	17.450204638472	DS60
WECC20230	1033	23416	20763	7641	20.0997095837367	DS60
WECC20231	1011	25110	22256	5042	22.0138476755687	DS60
WECC20232	1651	42428	33330	10873	20.1877649909146	DS60
WECC20233	2128	45044	43753	13424	20.5606203007519	DS60
WECC20234	2770	59456	56311	20430	20.328880866426	DS60
WECC20235	373	7217	5034	1299	13.4959785522788	DS60
WECC20236	5489	138410	134959	35582	24.5871743486974	DS60
WECC20237	2505	60259	58152	13668	23.214371257485	DS60
WECC20238	1683	39900	37623	10287	22.3547237076649	DS60
WECC20239	1460	30578	28622	9128	19.6041095890411	DS60
WECC20240	1587	31868	32965	11538	20.7718966603655	DS60
WECC20241	1357	27155	24689	7895	18.1938098747237	DS60
WECC20242	1144	25022	20879	6555	18.2508741258741	DS60
WECC20244	2652	67306	57648	19710	21.737556561086	DS60
WECC20245	838	22497	18023	5360	21.5071599045346	DS60
WECC20246	1134	23439	22045	7549	19.4400352733686	DS60
WECC20247	1384	30627	29875	8896	21.5859826589595	DS60
WECC20248	1722	37156	32480	8848	18.8617886178862	DS60
WECC20249	517	11064	6705	1880	12.9690522243714	DS60
WECC20250	1833	45186	40858	11121	22.2902345881069	DS60
WECC20256	2419	56912	54669	16293	22.5998346424142	DS60
WECC20257	2933	67226	51014	15230	17.3931128537334	DS60
WECC20258	1390	23170	23082	8221	16.6057553956835	DS60
WECC20259	1658	37439	33614	8412	20.2738238841978	DS60
WECC20261	622	13482	11992	3939	19.2797427652733	DS60
WECC20262	1460	29115	28250	9827	19.3493150684932	DS60
WECC20263	394	8410	5470	1533	13.8832487309645	DS60
WECC20264	2379	52445	49650	13738	20.8701134930643	DS60
WECC20265	2610	50721	50604	17997	19.3885057471264	DS60
WECC20266	616	10585	9101	2100	14.7743506493507	DS60
WECC20268	3033	72172	68806	20035	22.685789647214	DS60
WECC20270	2551	54775	54688	17644	21.43786750294	DS60
WECC20272	482	8991	6725	2091	13.9522821576763	DS60
WECC20273	1203	26062	22282	6854	18.5220282626766	DS60
WECC20274	1795	53665	46517	8517	25.9147632311978	DS60
WECC20275	587	9789	8249	2437	14.0528109028961	DS60
WECC20276	439	10014	7422	1617	16.9066059225513	DS60
WECC20277	1570	41693	36918	9209	23.5146496815287	DS60
WECC20279	2520	57935	55232	18843	21.9174603174603	DS60
WECC20281	1870	32033	33687	13741	18.0144385026738	DS60
WECC20283	4560	172737	135264	25039	29.6631578947368	DS60
WECC20284	836	16373	14418	4177	17.2464114832536	DS60
WECC20287	2558	58516	52919	16870	20.6876465989054	DS60
WECC20288	778	14007	10907	3171	14.0192802056555	DS60
WECC20291	4406	97709	101392	32309	23.0122560145256	DS60
WECC20292	1766	33632	30878	11388	17.484711211778	DS60
WECC20293	2356	45164	44576	15529	18.9202037351443	DS60
WECC20294	1806	31241	33680	13191	18.6489479512735	DS60
WECC20295	2683	49571	51023	17198	19.0171449869549	DS60
WECC20296	4102	89930	89292	30264	21.7679180887372	DS60
WECC20299	1355	23531	25790	9287	19.0332103321033	DS60
WECC20301	463	8437	6049	1912	13.0647948164147	DS60
WECC20302	541	8674	7484	2442	13.8336414048059	DS60
WECC20303	5599	138768	131456	36349	23.4784782996964	DS60
WECC20304	5903	118273	120719	38933	20.4504489242758	DS60
WECC20306	1314	19956	21984	8994	16.7305936073059	DS60
WECC20307	1046	25387	21947	4935	20.9818355640535	DS60
WECC20308	2090	51161	36170	11746	17.3062200956938	DS60
WECC20309	1499	27259	29044	10184	19.3755837224817	DS60
WECC20310	2308	48017	50050	15862	21.6854419410745	DS60
WECC20312	1021	21710	20079	6404	19.666013712047	DS60
WECC20313	5472	132926	121788	33001	22.2565789473684	DS60
WECC20316	679	12774	12138	4419	17.8762886597938	DS60
WECC20317	2034	37784	43651	16274	21.460668633235	DS60
WECC20319	546	12527	10807	2177	19.7930402930403	DS60
WECC20320	1579	31964	32826	10901	20.7891070297657	DS60
WECC20321	1965	37663	38624	14087	19.6559796437659	DS60
WECC20322	2143	42519	42100	14631	19.6453569762016	DS60
WECC20325	2249	52748	49379	16157	21.9559804357492	DS60
WECC20326	517	9977	8997	2712	17.4023210831721	DS60
WECC20327	1581	27554	30382	10265	19.2169512966477	DS60
WECC20329	1428	32001	30997	9673	21.7065826330532	DS60
WECC20330	1957	47840	37123	9391	18.9693408277977	DS60
WECC20331	1858	43188	39390	11364	21.200215285253	DS60
WECC20332	1683	41637	37065	9946	22.0231729055259	DS60
WECC20334	1057	16784	18591	7416	17.5884578997162	DS60
WECC20337	1908	41674	40548	13597	21.251572327044	DS60
WECC20338	4465	89621	86997	32319	19.4842105263158	DS60
WECC20341	1590	34106	29362	10246	18.4666666666667	DS60
WECC20342	1600	35530	34908	11024	21.8175	DS60
WECC20343	1972	43075	39323	11252	19.9406693711968	DS60
WECC20345	3178	76791	75758	18451	23.8382630585274	DS60
WECC20346	3176	54482	65015	26016	20.470717884131	DS60
WECC20347	1007	21958	18128	5308	18.0019860973188	DS60
WECC20348	1300	32274	30391	7383	23.3776923076923	DS60
WECC20349	2267	56486	44259	12806	19.5231583590648	DS60
WECC20350	1153	26659	23836	7633	20.6730268863834	DS60
WECC20352	6077	132283	132824	39844	21.8568372552246	DS60
WECC20354	1002	29731	24379	5515	24.3303393213573	DS60
WECC20356	11175	262381	278040	82445	24.8805369127517	DS60
WECC20357	571	12405	9938	2462	17.4045534150613	DS60
WECC20359	1297	36200	30882	8071	23.8103315343099	DS60
WECC20360	971	24795	21712	6468	22.3604531410917	DS60
WECC20361	1360	32377	21610	6795	15.8897058823529	DS60
WECC20362	7257	156352	159162	47868	21.9322033898305	DS60
WECC20363	2247	53360	45851	15651	20.4054294615042	DS60
WECC20364	871	12552	12567	4915	14.4282433983927	DS60
WECC20365	2322	59541	51133	11257	22.0211024978467	DS60
WECC20366	664	16869	14161	3621	21.3268072289157	DS60
WECC20367	2605	51939	53562	17858	20.5612284069098	DS60
WECC20368	1509	25824	26261	9793	17.4029158383035	DS60
WECC20370	1831	52739	46560	8761	25.4287274713271	DS60
WECC20371	1788	30599	31472	11051	17.6017897091723	DS60
WECC20373	2364	51475	51176	15922	21.6480541455161	DS60
WECC20374	1207	19599	18726	5772	15.5144987572494	DS60
WECC20375	1154	32889	25787	8669	22.3457538994801	DS60
WECC20378	2493	61755	55209	17302	22.1456077015644	DS60
WECC20379	1166	24057	21470	6933	18.4133790737564	DS60
WECC20380	1750	50327	43190	9698	24.68	DS60
WECC20381	3593	65999	70153	26773	19.5249095463401	DS60
WECC20382	1846	36776	36406	13008	19.7215601300108	DS60
WECC20383	1950	42124	41457	13947	21.26	DS60
WECC20384	787	16948	13938	2591	17.710292249047	DS60
WECC21001	734	19468	15065	3265	20.5245231607629	DS60
WECC21002	4461	117369	108405	28691	24.3006052454607	DS60
WECC21003	210	3049	2124	516	10.1142857142857	DS60
WECC21004	3720	95825	86931	24516	23.3685483870968	DS60
WECC21005	875	17280	17472	6834	19.968	DS60
WECC21006	536	11514	10698	3884	19.9589552238806	DS60
WECC21008	1164	24027	23250	7797	19.9742268041237	DS60
WECC21009	2862	93370	74451	11698	26.0136268343816	DS60
WECC21013	527	10141	7533	2655	14.2941176470588	DS60
WECC21015	5774	117580	128892	45259	22.3228264634569	DS60
WECC21016	995	18883	19653	6859	19.7517587939699	DS60
WECC21017	484	9961	8996	3108	18.5867768595041	DS60
WECC21018	938	21369	20382	6850	21.72921108742	DS60
WECC21019	1252	28755	26960	9292	21.5335463258786	DS60
WECC21020	333	6491	5923	1764	17.7867867867868	DS60
WECC21022	589	11054	10334	3347	17.5449915110357	DS60
WECC21023	1944	43161	42084	16180	21.6481481481482	DS60
WECC21024	485	10391	9030	2691	18.6185567010309	DS60
WECC21025	2085	45902	45163	14012	21.6609112709832	DS60
WECC21026	1883	52309	46183	10057	24.5262878385555	DS60
WECC21031	1106	20010	23308	8929	21.0741410488246	DS60
WECC21032	1527	36629	33635	10811	22.0268500327439	DS60
WECC21033	286	4696	2695	639	9.42307692307692	DS60
WECC21035	577	13529	11314	3790	19.6083188908146	DS60
WECC21036	1621	47481	40840	7618	25.1943244910549	DS60
WECC21038	774	13636	14608	5988	18.8733850129199	DS60
WECC21039	659	14447	12424	2915	18.8528072837633	DS60
WECC21040	634	11381	11055	3971	17.4369085173502	DS60
WECC21045	844	18427	15877	4911	18.8116113744076	DS60
WECC21047	1605	34944	33952	10598	21.1538940809969	DS60
WECC21048	1146	48727	33673	4629	29.3830715532286	DS60
WECC21049	542	10778	7952	2402	14.6715867158672	DS60
WECC21050	564	14770	10913	2577	19.3492907801418	DS60
WECC21051	731	14985	12998	3895	17.781121751026	DS60
WECC21053	892	16937	17687	6631	19.8284753363229	DS60
WECC21054	1284	24929	25294	10061	19.6993769470405	DS60
WECC21055	3962	109118	96156	22139	24.2695608278647	DS60
WECC21057	2753	62234	58066	19528	21.0918997457319	DS60
WECC21058	1062	22501	21546	8761	20.2881355932203	DS60
WECC21060	2124	45337	50032	17650	23.5555555555556	DS60
WECC21061	1324	27171	30539	10864	23.0657099697885	DS60
WECC21062	992	19195	19462	7702	19.6189516129032	DS60
WECC21065	1477	31145	29162	9794	19.7440758293839	DS60
WECC21066	1911	36023	38772	14608	20.2888540031397	DS60
WECC21067	1589	30271	35125	13613	22.1050975456262	DS60
WECC21069	1115	22164	23617	8726	21.1811659192825	DS60
WECC21072	730	15770	14950	3496	20.4794520547945	DS60
WECC21074	5366	120876	127148	40194	23.6951174058889	DS60
WECC21075	560	13889	10182	2588	18.1821428571429	DS60
WECC21077	1032	20477	20035	6879	19.4137596899225	DS60
WECC21078	5456	126715	125727	41334	23.0438049853372	DS60
WECC21079	3557	83834	80656	27052	22.6752881641833	DS60
WECC21080	2346	51701	56987	18055	24.2911338448423	DS60
WECC21082	971	23336	21753	7985	22.4026776519053	DS60
WECC21083	1403	28444	28604	9859	20.3877405559515	DS60
WECC21084	2700	59659	55382	17405	20.5118518518519	DS60
WECC21085	613	13002	13023	4249	21.2446982055465	DS60
WECC21086	387	5202	4882	1697	12.6149870801034	DS60
WECC21087	1278	26905	27390	7434	21.4319248826291	DS60
WECC21089	898	19283	17987	5841	20.0300668151448	DS60
WECC21091	5168	120127	117782	38052	22.7906346749226	DS60
WECC21092	605	11646	10044	2531	16.601652892562	DS60
WECC21093	1017	20335	20979	6838	20.6283185840708	DS60
WECC21094	1851	45105	41964	11435	22.6709886547812	DS60
WECC21095	2766	68989	63145	18425	22.8289949385394	DS60
WECC21098	2435	52861	54139	19395	22.2336755646817	DS60
WECC21099	430	8288	6794	1792	15.8	DS60
WECC21100	1899	48362	42931	11590	22.6071616640337	DS60
WECC21102	343	6159	5324	1451	15.5218658892128	DS60
WECC21103	1360	36789	34646	8551	25.475	DS60
WECC21104	1438	35440	31308	8559	21.7719054242003	DS60
WECC21106	905	27854	21790	5500	24.0773480662983	DS60
WECC21109	804	13129	14764	5639	18.363184079602	DS60
WECC21110	3012	67276	70952	23237	23.5564409030544	DS60
WECC21112	1137	23444	24898	8316	21.8979771328056	DS60
WECC21115	1296	31851	31046	8608	23.9552469135802	DS60
WECC21117	1148	27377	24961	7219	21.743031358885	DS60
WECC21118	752	13839	14497	5154	19.2779255319149	DS60
WECC21121	323	4891	4251	1434	13.1609907120743	DS60
WECC21122	9315	179057	189613	61611	20.3556629092861	DS60
WECC21123	407	8637	7834	2691	19.2481572481573	DS60
WECC21124	243	3529	2686	805	11.0534979423868	DS60
WECC21126	338	7253	6229	2075	18.4289940828402	DS60
WECC21127	518	10695	9552	3411	18.4401544401544	DS60
WECC21128	5505	142167	134054	35880	24.3513169845595	DS60
WECC21129	2928	66811	70415	22715	24.0488387978142	DS60
WECC21130	1196	24921	25189	7986	21.0610367892977	DS60
WECC21132	3239	68156	75273	25029	23.2395801173202	DS60
WECC21133	1271	29893	27972	6508	22.0078678206137	DS60
WECC21135	1333	33025	31715	7139	23.7921980495124	DS60
WECC21136	2594	61218	61150	17096	23.5736314572089	DS60
WECC21137	667	16497	15546	5549	23.3073463268366	DS60
WECC21138	1074	24899	22018	8194	20.5009310986965	DS60
WECC21142	1536	31060	30455	11319	19.8274739583333	DS60
WECC21143	4935	138384	128169	30161	25.9714285714286	DS60
WECC21148	156	1758	1024	308	6.56410256410256	DS60
WECC21150	774	16971	16193	4621	20.921188630491	DS60
WECC21151	758	12277	13342	5046	17.6015831134565	DS60
WECC21152	146	1880	1255	343	8.59589041095891	DS60
WECC21154	2640	53020	59018	21807	22.355303030303	DS60
WECC21156	510	12336	10355	2576	20.3039215686275	DS60
WECC21159	3797	82370	85674	29209	22.5636028443508	DS60
WECC21161	577	13280	12084	3604	20.9428076256499	DS60
WECC21163	2085	46595	48719	13919	23.3664268585132	DS60
WECC21165	418	8648	7328	2061	17.5311004784689	DS60
WECC21169	1916	39019	44543	17677	23.2479123173278	DS60
WECC21170	572	16169	13048	2575	22.8111888111888	DS60
WECC21171	478	10432	9305	3393	19.4665271966527	DS60
WECC21173	1333	29919	30748	9966	23.0667666916729	DS60
WECC21174	1250	30639	28362	8252	22.6896	DS60
WECC21176	1772	42600	40279	11500	22.7308126410835	DS60
WECC21177	3177	70280	72221	23318	22.732451998741	DS60
WECC21178	1108	25015	24088	7223	21.7400722021661	DS60
WECC21179	469	10474	9037	2820	19.2686567164179	DS60
WECC21180	1453	29479	32733	12011	22.5278733654508	DS60
WECC21181	1909	38013	42712	15979	22.3740178103719	DS60
WECC21182	1123	20254	21241	8226	18.9145146927872	DS60
WECC21183	443	9831	8250	1871	18.6230248306998	DS60
WECC21185	821	16250	16901	6075	20.5858708891596	DS60
WECC21186	1089	26210	23041	6212	21.157943067034	DS60
WECC21187	3493	72565	79633	28868	22.7978814772402	DS60
WECC21188	661	15482	12443	3233	18.8245083207262	DS60
WECC21190	5045	133675	119108	25172	23.609117938553	DS60
WECC21191	1251	25261	25920	9531	20.7194244604317	DS60
WECC21192	449	11038	10565	2644	23.5300668151448	DS60
WECC21194	615	16121	13406	3077	21.7983739837398	DS60
WECC21195	528	11266	10637	3061	20.1458333333333	DS60
WECC21197	3322	59555	67979	27403	20.4632751354606	DS60
WECC21198	1181	23264	24393	9519	20.6545300592718	DS60
WECC21202	1393	34956	31964	6106	22.9461593682699	DS60
WECC21203	586	11751	11037	3782	18.8344709897611	DS60
WECC21204	632	15647	13097	3696	20.7231012658228	DS60
WECC21205	1048	20846	21257	7408	20.2833969465649	DS60
WECC21206	1340	25395	26271	9254	19.605223880597	DS60
WECC21208	299	4668	3928	1224	13.1371237458194	DS60
WECC21210	749	19631	16709	3188	22.3084112149533	DS60
WECC21211	247	4592	2750	669	11.1336032388664	DS60
WECC21212	2074	53154	50173	12153	24.1914175506268	DS60
WECC21213	1016	20289	20934	7340	20.6043307086614	DS60
WECC21215	805	25111	20608	5202	25.6	DS60
WECC21216	800	18864	17165	5707	21.45625	DS60
WECC21217	3257	84664	77041	21735	23.6539760515812	DS60
WECC21218	168	2303	1176	291	7	DS60
WECC21219	570	8196	7683	3156	13.4789473684211	DS60
WECC21222	5556	147760	132084	33407	23.7732181425486	DS60
WECC21223	660	12517	13515	4741	20.4772727272727	DS60
WECC21224	1267	23340	23017	8525	18.1665351223362	DS60
WECC21226	415	10226	7508	1576	18.0915662650602	DS60
WECC21227	3091	79570	76372	21834	24.7078615334843	DS60
WECC21229	817	15597	14351	5772	17.5654834761322	DS60
WECC21230	789	15129	17428	6558	22.0887198986058	DS60
WECC21231	1089	24988	25405	9137	23.3287419651056	DS60
WECC21232	3158	85177	79313	19069	25.1149461684611	DS60
WECC21233	7143	150702	155716	58300	21.7998040039199	DS60
WECC21236	372	7313	5877	1630	15.7983870967742	DS60
WECC21238	1142	24077	26950	9769	23.5989492119089	DS60
WECC21239	933	17433	19078	7710	20.4480171489818	DS60
WECC21240	2286	55006	50575	13675	22.1237970253718	DS60
WECC21241	300	6135	4503	920	15.01	DS60
WECC21243	1066	21690	20196	6781	18.9455909943715	DS60
WECC21244	2087	69050	56428	10166	27.0378533780546	DS60
WECC21247	3126	70786	71683	25166	22.9312220089571	DS60
WECC21248	888	16102	14911	5683	16.7916666666667	DS60
WECC21249	648	12113	11520	3823	17.7777777777778	DS60
WECC21252	2959	78591	74645	19103	25.2264278472457	DS60
WECC21253	951	20340	19572	5987	20.5804416403786	DS60
WECC21254	105	1733	887	271	8.44761904761905	DS60
WECC21256	908	20854	20217	7033	22.2654185022026	DS60
WECC21257	859	20615	16443	3797	19.1420256111758	DS60
WECC21263	6595	170181	164447	45546	24.9351023502654	DS60
WECC21266	190	2749	2182	731	11.4842105263158	DS60
WECC21268	686	22138	16333	2709	23.8090379008746	DS60
WECC21269	1518	36647	34373	10125	22.6436100131752	DS60
WECC21270	1467	42029	35423	7998	24.1465576005453	DS60
WECC21273	3777	96955	83999	24304	22.2396081546201	DS60
WECC21274	687	15982	15019	5145	21.8617176128093	DS60
WECC21276	598	12042	10469	3375	17.5066889632107	DS60
WECC21277	1040	20646	20305	7621	19.5240384615385	DS60
WECC21278	789	15936	15196	4706	19.2598225602028	DS60
WECC21280	1974	43063	46010	14931	23.3080040526849	DS60
WECC21281	605	15000	11780	2937	19.4710743801653	DS60
WECC21282	2959	68853	64448	20865	21.7803311929706	DS60
WECC21283	1877	41761	39708	13730	21.1550346297283	DS60
WECC21284	2572	64698	53966	17115	20.9821150855365	DS60
WECC21285	1792	44621	40411	11071	22.55078125	DS60
WECC21286	3405	75590	73564	27277	21.6046989720999	DS60
WECC21287	706	13289	12334	4528	17.4702549575071	DS60
WECC21288	1773	37766	35859	11656	20.2250423011844	DS60
WECC21290	1053	28174	25075	6708	23.8129154795821	DS60
WECC21292	609	12487	11409	3676	18.7339901477833	DS60
WECC21293	1809	41186	39838	10713	22.0221116639027	DS60
WECC21294	426	8914	8158	2444	19.150234741784	DS60
WECC21296	1081	24337	24983	9297	23.1110083256244	DS60
WECC21297	1587	38131	36662	13719	23.1014492753623	DS60
WECC21301	1258	26709	25438	8664	20.2209856915739	DS60
WECC21302	432	8178	7469	2315	17.2893518518519	DS60
WECC21303	1825	40072	39709	10930	21.7583561643836	DS60
WECC21305	1412	37468	35025	9455	24.8052407932011	DS60
WECC21306	495	7630	7465	2778	15.0808080808081	DS60
WECC21307	220	3301	2272	605	10.3272727272727	DS60
WECC21308	678	18070	16100	4233	23.7463126843658	DS60
WECC21310	939	22024	20975	7810	22.3375931842386	DS60
WECC21311	711	14019	15061	5912	21.182841068917	DS60
WECC21313	1354	33732	32177	8929	23.7644017725259	DS60
WECC21314	2431	44273	49379	18354	20.3122171945701	DS60
WECC21315	4064	106486	96632	22033	23.7775590551181	DS60
WECC21317	8264	215585	206557	61846	24.9947967086157	DS60
WECC21318	605	13492	12185	3531	20.1404958677686	DS60
WECC21319	425	6541	7111	3034	16.7317647058824	DS60
WECC21320	347	7307	6437	2055	18.5504322766571	DS60
WECC21321	1985	54498	49421	14664	24.8972292191436	DS60
WECC21322	4368	124262	110300	27003	25.2518315018315	DS60
WECC21324	541	14285	11923	1917	22.0388170055453	DS60
WECC21325	2929	71532	68475	20911	23.3782861044725	DS60
WECC21326	1242	31687	27664	8897	22.2737520128824	DS60
WECC21327	776	13428	13679	5158	17.6275773195876	DS60
WECC21328	2013	39479	42985	16902	21.3537009438649	DS60
WECC21329	1423	36854	30979	10637	21.7702037947997	DS60
WECC21331	637	12427	13901	5106	21.8226059654631	DS60
WECC21332	432	10109	8844	2620	20.4722222222222	DS60
WECC21333	2571	61536	59204	18510	23.0276157137301	DS60
WECC21336	1151	17960	18332	6882	15.9270199826238	DS60
WECC21337	581	12747	11332	3326	19.5043029259897	DS60
WECC21340	1860	42985	41719	12745	22.4295698924731	DS60
WECC21342	274	6473	5501	1235	20.0766423357664	DS60
WECC21343	699	11871	12805	4959	18.3190271816881	DS60
WECC21345	2831	71707	71340	15985	25.1995761215118	DS60
WECC21346	3063	78919	77913	24977	25.4368266405485	DS60
WECC21347	472	13368	9855	1573	20.8792372881356	DS60
WECC21348	997	19777	23572	9385	23.6429287863591	DS60
WECC21349	432	10093	8324	2632	19.2685185185185	DS60
WECC21350	611	13356	13216	4288	21.6301145662848	DS60
WECC21351	1475	34563	33398	10073	22.6427118644068	DS60
WECC21352	3649	88822	89933	30628	24.6459303918882	DS60
WECC21353	3143	126902	90577	14848	28.8186446070633	DS60
WECC21355	401	6030	5531	1935	13.7930174563591	DS60
WECC21356	674	14315	13004	3344	19.2937685459941	DS60
WECC21359	906	22039	21534	6593	23.7682119205298	DS60
WECC21360	1390	30350	29173	9027	20.9877697841727	DS60
WECC21362	886	20589	19117	5923	21.5767494356659	DS60
WECC21363	3820	112613	98162	23532	25.6968586387435	DS60
WECC21365	617	14450	12659	3946	20.517017828201	DS60
WECC21367	1542	34166	34712	11840	22.5110246433204	DS60
WECC21369	1685	39421	37798	12840	22.4320474777448	DS60
WECC21370	318	5881	4376	1219	13.7610062893082	DS60
WECC21371	2276	42089	41448	16198	18.2108963093146	DS60
WECC21375	560	14051	11695	2857	20.8839285714286	DS60
WECC21376	3614	109192	96231	19968	26.6272827891533	DS60
WECC21378	1618	37871	34967	10595	21.6112484548826	DS60
WECC21379	2716	61894	60601	18052	22.3125920471281	DS60
WECC21380	583	12558	11674	3823	20.0240137221269	DS60
WECC21381	336	5015	3268	830	9.72619047619048	DS60
WECC21383	4396	95320	99776	34324	22.6969972702457	DS60
WECC21384	1724	45741	43217	8799	25.0678654292343	DS60
WECC22001	1004	22498	18090	5312	18.0179282868526	DS60
WECC22002	1232	26261	21813	8027	17.7053571428571	DS60
WECC22003	898	14711	14678	4972	16.3452115812918	DS60
WECC22004	2300	53378	48207	14137	20.9595652173913	DS60
WECC22006	983	25166	20886	5644	21.2472024415056	DS60
WECC22007	1692	41769	36758	10025	21.7245862884161	DS60
WECC22008	634	11986	8813	2615	13.9006309148265	DS60
WECC22012	770	18603	13837	3334	17.9701298701299	DS60
WECC22013	1275	26184	25023	8029	19.6258823529412	DS60
WECC22014	1771	34971	32912	10910	18.583850931677	DS60
WECC22015	677	12665	10508	3780	15.5214180206795	DS60
WECC22017	466	10783	9256	2689	19.862660944206	DS60
WECC22018	1006	33199	25681	4131	25.5278330019881	DS60
WECC22019	1405	25899	26640	10667	18.9608540925267	DS60
WECC22020	1387	23867	25893	9701	18.6683489545782	DS60
WECC22021	672	15330	13741	4517	20.4479166666667	DS60
WECC22022	2027	56210	49565	12363	24.4523926985693	DS60
WECC22023	1151	23496	19908	7407	17.2962641181581	DS60
WECC22024	727	15025	11230	3706	15.4470426409904	DS60
WECC22025	805	19135	15728	4176	19.5378881987578	DS60
WECC22027	2286	48979	49178	15739	21.5126859142607	DS60
WECC22028	723	13444	11383	3819	15.7441217150761	DS60
WECC22030	958	16930	17021	6451	17.7672233820459	DS60
WECC22032	1249	20740	21345	8250	17.0896717373899	DS60
WECC22033	1745	38892	35074	11122	20.0997134670487	DS60
WECC22034	767	17440	15083	5111	19.6649282920469	DS60
WECC22035	1811	51411	42869	8775	23.6714522363335	DS60
WECC22036	3560	90289	81203	21516	22.8098314606742	DS60
WECC22038	938	18103	17403	6151	18.5533049040512	DS60
WECC22039	2594	62034	56615	16167	21.825366229761	DS60
WECC22041	529	12313	8578	2853	16.2155009451796	DS60
WECC22044	1594	29847	30879	12111	19.3720200752823	DS60
WECC22045	2122	34352	39727	15842	18.7214891611687	DS60
WECC22046	1504	36000	29416	11281	19.5585106382979	DS60
WECC22047	3341	68699	71600	25082	21.4307093684526	DS60
WECC22048	622	12560	9175	2848	14.7508038585209	DS60
WECC22050	983	22432	19236	5695	19.5686673448627	DS60
WECC22051	4419	85926	88210	30207	19.9615297578638	DS60
WECC22052	630	14000	11826	3996	18.7714285714286	DS60
WECC22054	2606	55201	53272	19548	20.4420567920184	DS60
WECC22057	1205	26454	21047	6008	17.4663900414938	DS60
WECC22061	808	17357	15853	5198	19.6200495049505	DS60
WECC22062	1462	32995	31687	11041	21.6737346101231	DS60
WECC22065	828	19877	16017	4079	19.3442028985507	DS60
WECC22066	901	17439	16221	5081	18.0033296337403	DS60
WECC22067	622	15347	10852	3273	17.4469453376206	DS60
WECC22068	1770	29476	32793	12425	18.5271186440678	DS60
WECC22069	1050	21228	20985	6794	19.9857142857143	DS60
WECC22070	917	20670	16209	5296	17.6761177753544	DS60
WECC22074	583	10640	7811	2151	13.3979416809606	DS60
WECC22075	1293	26950	24814	8245	19.1910286156226	DS60
WECC22077	1453	27835	27084	9898	18.6400550584997	DS60
WECC22078	1811	45063	41143	8850	22.718387631143	DS60
WECC22079	1360	38419	32777	7859	24.1007352941177	DS60
WECC22080	1508	31629	31624	11987	20.9708222811671	DS60
WECC22081	2943	69197	63245	17879	21.4899762147469	DS60
WECC22082	1075	23686	19051	5093	17.7218604651163	DS60
WECC22083	2467	47812	48901	16605	19.8220510741792	DS60
WECC22084	3118	63760	62537	19638	20.0567671584349	DS60
WECC22085	1033	25299	23113	7131	22.3746369796709	DS60
WECC22086	1096	21661	18275	5838	16.6742700729927	DS60
WECC22087	2332	79674	67991	11808	29.1556603773585	DS60
WECC22088	2292	48233	45803	15715	19.9838568935428	DS60
WECC22089	1018	20102	17547	5129	17.2367387033399	DS60
WECC22091	706	16618	12320	3244	17.4504249291785	DS60
WECC22092	3006	72402	63985	15807	21.2857618097139	DS60
WECC22093	762	20171	16128	3541	21.1653543307087	DS60
WECC22094	1171	22254	22615	8471	19.3125533731853	DS60
WECC22095	1376	31451	28586	9433	20.7747093023256	DS60
WECC22096	497	10301	8559	2525	17.2213279678068	DS60
WECC22098	2353	48716	48278	14846	20.5176370590735	DS60
WECC22100	740	15545	13724	4377	18.5459459459459	DS60
WECC22103	1198	28419	26633	9198	22.2312186978297	DS60
WECC22105	2413	59124	56204	14883	23.2921674264401	DS60
WECC22106	2224	49120	45240	12925	20.341726618705	DS60
WECC22108	2147	46615	43777	12695	20.3898462971588	DS60
WECC22109	1588	33904	31196	9990	19.6448362720403	DS60
WECC22110	1267	32006	29434	7531	23.2312549329124	DS60
WECC22114	724	14006	11413	3715	15.7638121546961	DS60
WECC22118	1339	28220	26102	8677	19.4936519790889	DS60
WECC22122	1425	25607	23304	7810	16.3536842105263	DS60
WECC22123	1034	23116	21052	7186	20.3597678916828	DS60
WECC22124	941	18162	16344	5559	17.3687566418704	DS60
WECC22125	552	11423	10711	3618	19.4039855072464	DS60
WECC22126	1341	29566	27545	9520	20.5406413124534	DS60
WECC22127	881	17343	16006	4394	18.1679909194098	DS60
WECC22128	508	12290	9631	2537	18.9586614173228	DS60
WECC22130	1792	32280	32763	12514	18.2829241071429	DS60
WECC22132	439	9610	7424	2266	16.9111617312073	DS60
WECC22133	2657	51113	51463	16608	19.3688370342492	DS60
WECC22134	1234	28880	26081	6719	21.1353322528363	DS60
WECC22135	702	12764	10910	3804	15.5413105413105	DS60
WECC22136	2195	52529	48595	14654	22.1389521640091	DS60
WECC22137	614	12086	10738	3263	17.4885993485342	DS60
WECC22138	1188	23854	22920	8283	19.2929292929293	DS60
WECC22139	2109	48059	46719	13317	22.1522048364154	DS60
WECC22144	2780	66753	63923	19104	22.9938848920863	DS60
WECC22146	1157	21726	20211	6765	17.4684528954192	DS60
WECC22147	772	15553	15133	4542	19.6023316062176	DS60
WECC22148	502	9158	6308	1996	12.5657370517928	DS60
WECC22149	1555	27791	31763	12333	20.4263665594855	DS60
WECC22150	2186	42612	41310	13446	18.8975297346752	DS60
WECC22151	786	16153	14610	4996	18.587786259542	DS60
WECC22152	884	18003	16868	5104	19.0814479638009	DS60
WECC22154	868	16467	16054	5645	18.4953917050691	DS60
WECC22155	1489	27478	30193	11068	20.2773673606447	DS60
WECC22156	739	15364	13119	3771	17.7523680649526	DS60
WECC22158	599	13085	10500	2584	17.5292153589316	DS60
WECC22160	693	16594	13981	4517	20.1746031746032	DS60
WECC22163	585	9380	7400	2346	12.6495726495727	DS60
WECC22164	2416	46945	48859	16153	20.2230960264901	DS60
WECC22165	4723	86784	94462	34569	20.0004234596655	DS60
WECC22166	757	18998	15239	3537	20.1307793923382	DS60
WECC22168	3279	61169	65484	23130	19.9707227813358	DS60
WECC22169	2117	47308	48905	18067	23.1010864430798	DS60
WECC22170	4068	75910	85180	31890	20.9390363815143	DS60
WECC22171	1099	29826	25586	5930	23.2811646951774	DS60
WECC22172	1641	31409	32999	11474	20.1090798293723	DS60
WECC22173	386	8979	5959	1331	15.4378238341969	DS60
WECC22174	422	12346	7366	2095	17.4549763033175	DS60
WECC22175	876	19024	17434	5428	19.9018264840183	DS60
WECC22176	915	21326	17084	4494	18.6710382513661	DS60
WECC22178	1685	34144	33411	11653	19.8284866468843	DS60
WECC22179	835	16657	14542	5347	17.4155688622755	DS60
WECC22180	549	11880	8861	2518	16.1402550091075	DS60
WECC22181	443	9214	7829	2749	17.6726862302483	DS60
WECC22182	1453	30488	26295	8192	18.0970406056435	DS60
WECC22183	2428	54365	54636	15355	22.502471169687	DS60
WECC22185	1440	26401	28001	10224	19.4451388888889	DS60
WECC22186	519	10410	7353	1967	14.1676300578035	DS60
WECC22189	613	13193	10556	2978	17.2202283849918	DS60
WECC22190	440	8542	5587	1522	12.6977272727273	DS60
WECC22191	1519	33386	32309	10303	21.2699144173799	DS60
WECC22193	672	13187	11443	3869	17.0282738095238	DS60
WECC22194	1877	41980	39574	12614	21.0836441129462	DS60
WECC22195	856	18971	16588	4916	19.3785046728972	DS60
WECC22196	1039	24143	22545	6779	21.6987487969201	DS60
WECC22197	2457	49044	53679	20793	21.8473748473749	DS60
WECC22198	2359	58592	52106	16156	22.0881729546418	DS60
WECC22199	886	18183	16265	5277	18.3577878103837	DS60
WECC22200	1097	26564	21400	6358	19.5077484047402	DS60
WECC22201	3680	95488	89431	23995	24.301902173913	DS60
WECC22202	432	9727	7689	2495	17.7986111111111	DS60
WECC22205	681	17172	14573	3761	21.3994126284875	DS60
WECC22207	2398	52169	45297	15619	18.8894912427023	DS60
WECC22208	2858	63050	55877	16794	19.5510846745976	DS60
WECC22209	394	9479	7387	2365	18.748730964467	DS60
WECC22212	3295	79499	76415	21887	23.1911987860395	DS60
WECC22214	2559	49567	49270	18041	19.2536146932396	DS60
WECC22215	678	14305	10407	3428	15.3495575221239	DS60
WECC22216	1180	24149	21735	8020	18.4194915254237	DS60
WECC22217	1040	22445	19778	6134	19.0173076923077	DS60
WECC22221	823	18123	17426	4730	21.1737545565006	DS60
WECC22222	1608	34132	34245	12972	21.2966417910448	DS60
WECC22223	754	15855	12158	4079	16.1246684350133	DS60
WECC22224	2883	63854	56902	20248	19.7370794311481	DS60
WECC22225	1460	32692	28709	7320	19.663698630137	DS60
WECC22226	1394	30161	29668	8933	21.2826398852224	DS60
WECC22227	3708	125810	102534	17573	27.6521035598706	DS60
WECC22228	260	5350	3458	1039	13.3	DS60
WECC22229	1072	20694	18532	6629	17.2873134328358	DS60
WECC22230	1008	21828	20754	7152	20.5892857142857	DS60
WECC22231	3424	78157	75956	21750	22.1834112149533	DS60
WECC22232	2427	56021	53855	16599	22.1899464359291	DS60
WECC22235	1932	43047	42266	13874	21.8768115942029	DS60
WECC22236	2933	71921	65398	18033	22.2973065121037	DS60
WECC22237	1155	24697	24148	7105	20.9073593073593	DS60
WECC22238	1126	27029	22823	7838	20.2690941385435	DS60
WECC22240	1500	41499	34670	7205	23.1133333333333	DS60
WECC22241	3288	72020	71442	21488	21.728102189781	DS60
WECC22242	839	20496	16518	4384	19.6877234803337	DS60
WECC22243	1242	22230	20626	8196	16.6070853462158	DS60
WECC22247	727	16455	13484	3454	18.5474552957359	DS60
WECC22248	1277	26429	23795	7312	18.6335160532498	DS60
WECC22251	1620	37692	33574	9636	20.7246913580247	DS60
WECC22252	2748	65984	60866	15347	22.1491994177584	DS60
WECC22256	2062	41075	43149	15232	20.9258001939864	DS60
WECC22258	1107	22639	20045	6724	18.1074977416441	DS60
WECC22259	767	15999	14199	4885	18.5123859191656	DS60
WECC22260	1151	18480	17403	6281	15.1198957428323	DS60
WECC22261	1014	20743	19932	6784	19.6568047337278	DS60
WECC22262	1735	43074	38575	11564	22.2334293948127	DS60
WECC22263	2148	42436	43387	15310	20.1987895716946	DS60
WECC22265	819	19842	16274	4549	19.8705738705739	DS60
WECC22266	1442	38511	33032	6174	22.9070735090153	DS60
WECC22268	4261	110530	104878	29171	24.6134710161934	DS60
WECC22269	964	19960	17212	5398	17.8547717842324	DS60
WECC22270	743	17042	14081	3642	18.9515477792732	DS60
WECC22271	1034	27819	22792	4799	22.0425531914894	DS60
WECC22272	530	10342	7310	2180	13.7924528301887	DS60
WECC22273	1638	39931	33454	10637	20.4236874236874	DS60
WECC22275	625	11824	9537	2880	15.2592	DS60
WECC22279	445	8789	6373	1713	14.3213483146067	DS60
WECC22280	1172	34189	29111	6468	24.8387372013652	DS60
WECC22285	1726	34753	35846	12259	20.7682502896871	DS60
WECC22287	975	29367	22882	4697	23.468717948718	DS60
WECC22288	4300	109334	87983	16705	20.4611627906977	DS60
WECC22291	1238	30271	27048	7454	21.8481421647819	DS60
WECC22292	950	26006	20943	5210	22.0452631578947	DS60
WECC22293	1559	33745	29490	8653	18.91597177678	DS60
WECC22294	529	11538	8873	2445	16.773156899811	DS60
WECC22295	1448	25730	25426	9464	17.5593922651934	DS60
WECC22296	606	12488	10226	3375	16.8745874587459	DS60
WECC22297	3701	84993	84880	26355	22.9343420697109	DS60
WECC22298	1012	23890	19760	5637	19.5256916996047	DS60
WECC22299	1668	50631	46350	5682	27.7877697841727	DS60
WECC22300	837	18800	15255	4823	18.2258064516129	DS60
WECC22301	1104	23956	19504	5392	17.6666666666667	DS60
WECC22302	1510	30638	30834	10547	20.4198675496689	DS60
WECC22304	858	17594	13778	3910	16.0582750582751	DS60
WECC22305	1123	26117	22329	6840	19.8833481745325	DS60
WECC22307	4058	89557	88147	29465	21.7217841301134	DS60
WECC22308	1008	20751	19240	7116	19.0873015873016	DS60
WECC22309	852	17602	16912	6152	19.849765258216	DS60
WECC22310	1319	26385	26152	9066	19.8271417740713	DS60
WECC22311	697	18192	13909	3738	19.9555236728838	DS60
WECC22312	1324	34922	26363	6195	19.9116314199396	DS60
WECC22313	5260	132751	124684	32739	23.7041825095057	DS60
WECC22316	1335	26400	27957	11404	20.9415730337079	DS60
WECC22317	3418	70125	77459	29726	22.662083089526	DS60
WECC22318	745	15600	12302	4280	16.5127516778524	DS60
WECC22322	998	22969	21134	6346	21.1763527054108	DS60
WECC22323	671	14297	10815	2917	16.1177347242921	DS60
WECC22324	1385	29869	26287	9363	18.9797833935018	DS60
WECC22325	837	17162	14865	5355	17.7598566308244	DS60
WECC22327	832	15104	13649	4087	16.4050480769231	DS60
WECC22328	1698	35046	30841	8467	18.1631330977621	DS60
WECC22329	940	22812	17619	4304	18.7436170212766	DS60
WECC22331	1170	25048	22524	7727	19.2512820512821	DS60
WECC22333	1766	36243	39055	12355	22.1149490373726	DS60
WECC22334	1457	25622	25896	9634	17.7735072065889	DS60
WECC22335	2541	64735	54925	12168	21.6155057064148	DS60
WECC22336	2036	40298	37957	11884	18.6429273084479	DS60
WECC22337	1065	19573	20074	6853	18.8488262910798	DS60
WECC22339	1226	23556	23164	8283	18.8939641109299	DS60
WECC22341	1059	20723	16880	5281	15.9395656279509	DS60
WECC22344	5984	129674	128177	43370	21.4199532085562	DS60
WECC22346	1955	47650	42900	11522	21.9437340153453	DS60
WECC22347	766	15411	14446	4998	18.8590078328982	DS60
WECC22348	3088	63679	65838	23147	21.3205958549223	DS60
WECC22349	4688	115033	112363	31098	23.9682167235495	DS60
WECC22350	1694	44621	39398	8502	23.2573789846517	DS60
WECC22351	762	14287	12844	4286	16.8556430446194	DS60
WECC22352	1602	31982	29957	11258	18.6997503121099	DS60
WECC22353	996	27421	22213	4960	22.3022088353414	DS60
WECC22355	1448	26836	27095	8735	18.7120165745856	DS60
WECC22357	739	13182	13124	4772	17.7591339648173	DS60
WECC22358	3959	81586	85497	31208	21.5956049507451	DS60
WECC22360	881	21130	18789	4837	21.3269012485812	DS60
WECC22361	1506	32652	30385	9899	20.175962815405	DS60
WECC22362	500	9455	6962	2172	13.924	DS60
WECC22363	1498	33403	31749	10917	21.194259012016	DS60
WECC22365	1876	39930	37518	12562	19.998933901919	DS60
WECC22366	1428	32620	31267	9061	21.8956582633053	DS60
WECC22368	2555	51039	50532	17977	19.7776908023483	DS60
WECC22370	578	10582	8432	2407	14.5882352941176	DS60
WECC22371	4206	87434	86165	27534	20.4862101759391	DS60
WECC22372	770	14543	14540	5068	18.8831168831169	DS60
WECC22373	765	15690	12529	3873	16.3777777777778	DS60
WECC22374	2479	45583	47952	17143	19.3432835820896	DS60
WECC22376	1626	44669	37742	7789	23.2115621156212	DS60
WECC22377	1537	29235	32159	11998	20.9232270657124	DS60
WECC22378	1518	32077	28443	8800	18.7371541501976	DS60
WECC22379	2472	60972	53071	14629	21.4688511326861	DS60
WECC22380	1276	30164	25541	7014	20.0164576802508	DS60
WECC22381	1550	28423	27227	9863	17.5658064516129	DS60
WECC22384	1475	25112	23608	8317	16.0054237288136	DS60
WECC23002	631	18013	14618	3278	23.1664025356577	DS60
WECC23003	3488	74200	72541	21206	20.7973050458716	DS60
WECC23004	448	14084	9455	1179	21.1049107142857	DS60
WECC23005	1010	29938	24349	5254	24.1079207920792	DS60
WECC23006	178	3120	2226	585	12.5056179775281	DS60
WECC23008	1912	64662	50503	9032	26.4137029288703	DS60
WECC23012	702	14179	13897	4359	19.7962962962963	DS60
WECC23013	664	10416	11968	4947	18.0240963855422	DS60
WECC23014	1269	27272	27372	9261	21.5697399527187	DS60
WECC23015	1753	37199	34491	12048	19.6754135767256	DS60
WECC23016	400	5996	6058	2391	15.145	DS60
WECC23018	3708	102632	97650	26383	26.3349514563107	DS60
WECC23020	464	11301	9772	2525	21.0603448275862	DS60
WECC23026	1355	32781	31667	8654	23.3704797047971	DS60
WECC23027	695	13718	13070	4169	18.8057553956835	DS60
WECC23029	1766	42857	41695	11407	23.6098527746319	DS60
WECC23032	1006	20115	22146	7566	22.013916500994	DS60
WECC23033	295	6159	3447	869	11.6847457627119	DS60
WECC23034	892	18707	18859	5975	21.1423766816144	DS60
WECC23035	624	12578	11842	4037	18.9775641025641	DS60
WECC23036	948	18162	19491	7473	20.5601265822785	DS60
WECC23038	1047	22712	23664	6560	22.6017191977077	DS60
WECC23039	277	3994	3722	1185	13.4368231046931	DS60
WECC23040	954	17105	19636	7731	20.5828092243187	DS60
WECC23041	4586	125875	110982	28393	24.2001744439599	DS60
WECC23042	1867	38993	37596	10745	20.1371183717193	DS60
WECC23044	1645	33579	38435	14063	23.3647416413374	DS60
WECC23046	2386	49126	54737	20623	22.9409052808047	DS60
WECC23048	1692	29709	35328	14054	20.8794326241135	DS60
WECC23050	290	5111	3786	873	13.0551724137931	DS60
WECC23051	623	13899	11941	3466	19.1669341894061	DS60
WECC23053	244	4259	2857	926	11.7090163934426	DS60
WECC23055	2034	40966	46624	17585	22.9223205506391	DS60
WECC23056	931	17340	18285	6237	19.640171858217	DS60
WECC23057	1478	35897	33260	8118	22.5033829499323	DS60
WECC23058	3297	85765	79786	20941	24.1995753715499	DS60
WECC23059	1014	21403	22210	7476	21.9033530571992	DS60
WECC23060	349	9655	7254	1683	20.785100286533	DS60
WECC23061	325	5896	5759	1993	17.72	DS60
WECC23062	2526	52732	57115	20291	22.610847189232	DS60
WECC23063	4491	121113	112753	26277	25.106435092407	DS60
WECC23064	2736	62596	64393	18687	23.5354532163743	DS60
WECC23065	627	11611	11013	3768	17.5645933014354	DS60
WECC23066	2175	67227	52034	11246	23.9236781609195	DS60
WECC23068	1335	24558	26021	9456	19.4913857677903	DS60
WECC23069	970	20988	20210	6650	20.8350515463918	DS60
WECC23070	1713	35896	38864	13027	22.687682428488	DS60
WECC23071	3484	88186	84751	25094	24.3257749712974	DS60
WECC23073	805	22873	18663	4621	23.183850931677	DS60
WECC23074	921	21679	19899	5325	21.6058631921824	DS60
WECC23075	1887	44242	43085	15841	22.8325384207737	DS60
WECC23076	1003	19133	22738	8350	22.6699900299103	DS60
WECC23079	1029	28165	23056	4535	22.4062196307094	DS60
WECC23080	334	8590	7051	1350	21.1107784431138	DS60
WECC23081	308	4977	3312	905	10.7532467532468	DS60
WECC23083	1497	38178	32131	8358	21.4635938543754	DS60
WECC23084	629	13592	11609	3151	18.456279809221	DS60
WECC23086	1288	25222	25511	8326	19.8066770186335	DS60
WECC23087	1509	41649	36120	8906	23.9363817097416	DS60
WECC23090	2075	42666	45726	15644	22.0366265060241	DS60
WECC23091	1162	28081	26873	7391	23.1265060240964	DS60
WECC23092	4718	93811	102810	35480	21.7910131411615	DS60
WECC23094	366	9011	7347	1527	20.0737704918033	DS60
WECC23097	225	5501	4152	894	18.4533333333333	DS60
WECC23098	563	10703	10604	3667	18.8348134991119	DS60
WECC23099	2999	70252	74263	23306	24.7625875291764	DS60
WECC23100	546	11593	11967	3627	21.9175824175824	DS60
WECC23101	240	4237	3603	797	15.0125	DS60
WECC23102	3492	94055	86742	20522	24.840206185567	DS60
WECC23103	342	7128	7089	2618	20.7280701754386	DS60
WECC23104	980	20292	20329	6723	20.7438775510204	DS60
WECC23106	647	15089	12910	2998	19.9536321483771	DS60
WECC23111	1191	22553	26875	10961	22.5650713685978	DS60
WECC23112	185	3192	2465	681	13.3243243243243	DS60
WECC23115	2096	43385	47647	17111	22.7323473282443	DS60
WECC23117	298	4931	4394	1296	14.744966442953	DS60
WECC23119	144	2596	1811	495	12.5763888888889	DS60
WECC23120	290	6329	4807	1384	16.5758620689655	DS60
WECC23121	914	18366	19424	7079	21.2516411378556	DS60
WECC23122	2273	45508	47808	15869	21.0329960404751	DS60
WECC23124	175	3623	2771	781	15.8342857142857	DS60
WECC23126	621	13308	12743	4541	20.5201288244767	DS60
WECC23128	3943	99170	95430	27986	24.2023839715952	DS60
WECC23134	1831	40942	40439	11218	22.0857454942654	DS60
WECC23137	814	18491	18935	5853	23.2616707616708	DS60
WECC23139	315	7978	6201	1006	19.6857142857143	DS60
WECC23140	964	21658	23443	8387	24.3184647302905	DS60
WECC23141	597	11914	12469	3952	20.8860971524288	DS60
WECC23142	864	15453	16657	5887	19.2789351851852	DS60
WECC23143	2232	45091	51300	19900	22.9838709677419	DS60
WECC23145	1069	23090	22623	6599	21.1627689429373	DS60
WECC23148	225	4158	3157	653	14.0311111111111	DS60
WECC23151	1346	29474	29859	10124	22.1835066864785	DS60
WECC23152	616	18631	14800	3290	24.025974025974	DS60
WECC23153	130	2600	2128	610	16.3692307692308	DS60
WECC23154	1913	42797	44399	14892	23.209095661265	DS60
WECC23155	1312	31196	29129	7482	22.2019817073171	DS60
WECC23158	311	6551	5820	1559	18.7138263665595	DS60
WECC23159	1566	41392	38108	10112	24.3346104725415	DS60
WECC23160	5777	144861	136332	41318	23.5990998788298	DS60
WECC23161	638	14971	13218	3998	20.717868338558	DS60
WECC23163	866	21244	18890	5910	21.8129330254042	DS60
WECC23164	1168	21418	24689	9408	21.1378424657534	DS60
WECC23165	1730	32866	34543	12754	19.9670520231214	DS60
WECC23166	373	9467	7007	2013	18.7855227882038	DS60
WECC23168	679	16014	13175	2962	19.4035346097202	DS60
WECC23169	517	11480	11662	3140	22.5570599613153	DS60
WECC23170	296	5406	4111	1058	13.8885135135135	DS60
WECC23171	273	7091	5507	1338	20.1721611721612	DS60
WECC23172	3906	98227	90409	24096	23.1461853558628	DS60
WECC23176	1048	22386	23290	8109	22.2232824427481	DS60
WECC23178	428	9711	7908	1940	18.4766355140187	DS60
WECC23180	714	12888	16316	6028	22.8515406162465	DS60
WECC23181	170	2759	2115	487	12.4411764705882	DS60
WECC23182	1070	20806	20854	7515	19.4897196261682	DS60
WECC23183	2082	53747	50145	11148	24.0850144092219	DS60
WECC23184	4740	114036	111455	33785	23.5137130801688	DS60
WECC23185	828	15082	15865	5871	19.1606280193237	DS60
WECC23186	1777	34430	38054	14091	21.4147439504783	DS60
WECC23187	907	20836	20011	6015	22.0628445424476	DS60
WECC23190	390	8917	6862	1120	17.5948717948718	DS60
WECC23191	523	10698	9809	2574	18.755258126195	DS60
WECC23192	879	18740	17018	5450	19.3606370875995	DS60
WECC23197	1842	54626	47016	9907	25.5244299674267	DS60
WECC23198	360	7091	5760	1456	16	DS60
WECC23199	349	5629	4339	773	12.432664756447	DS60
WECC23200	2639	61605	60391	16157	22.8840469874953	DS60
WECC23201	427	9373	9173	3033	21.4824355971897	DS60
WECC23204	3455	79555	81086	24917	23.4691751085384	DS60
WECC23206	541	10981	10250	3414	18.9463955637708	DS60
WECC23207	4265	105809	103023	26789	24.1554513481829	DS60
WECC23213	316	5688	5040	1436	15.9493670886076	DS60
WECC23216	203	5178	3700	572	18.2266009852217	DS60
WECC23218	486	9382	8496	2769	17.4814814814815	DS60
WECC23222	1621	42170	40061	7728	24.7137569401604	DS60
WECC23223	583	17052	12597	2044	21.6072041166381	DS60
WECC23224	431	7780	7646	2445	17.7401392111369	DS60
WECC23226	775	16987	16239	4755	20.9535483870968	DS60
WECC23229	376	7608	5928	1724	15.7659574468085	DS60
WECC23230	692	15064	16347	5258	23.6228323699422	DS60
WECC23231	826	19023	17855	4755	21.6162227602906	DS60
WECC23232	3402	79104	82908	27949	24.3703703703704	DS60
WECC23236	2263	51646	54510	15373	24.0874944763588	DS60
WECC23237	531	9836	10454	3017	19.6873822975518	DS60
WECC23238	427	9204	9006	2692	21.0913348946136	DS60
WECC23239	648	13163	13810	5177	21.3117283950617	DS60
WECC23240	5978	136579	149194	45294	24.9571763131482	DS60
WECC23242	459	9713	9726	3043	21.1895424836601	DS60
WECC23243	299	4335	3414	945	11.4180602006689	DS60
WECC23244	449	8377	8050	2209	17.9287305122494	DS60
WECC23245	406	8527	8015	2605	19.7413793103448	DS60
WECC23246	1112	24462	26477	8639	23.8102517985612	DS60
WECC23247	797	17082	16149	6164	20.2622333751568	DS60
WECC23248	1398	21539	24004	8657	17.170243204578	DS60
WECC23252	277	4545	3392	1026	12.2454873646209	DS60
WECC23253	614	11815	12099	4344	19.7052117263844	DS60
WECC23255	1352	29572	30861	8835	22.8261834319527	DS60
WECC23256	264	3959	3075	829	11.6477272727273	DS60
WECC23257	2623	62257	57143	17391	21.7853602744949	DS60
WECC23258	1146	19958	21309	7855	18.5942408376963	DS60
WECC23259	2069	70067	57855	11168	27.9627839536008	DS60
WECC23260	731	20010	16342	3211	22.3556771545828	DS60
WECC23261	2670	64042	63071	15275	23.6220973782772	DS60
WECC23262	411	8427	7546	2053	18.360097323601	DS60
WECC23263	255	4407	3180	701	12.4705882352941	DS60
WECC23268	1338	29330	28928	9100	21.6203288490284	DS60
WECC23269	352	7039	6308	1703	17.9204545454545	DS60
WECC23270	1214	20662	24174	9476	19.9126853377265	DS60
WECC23271	2093	59451	50398	12233	24.0793119923555	DS60
WECC23272	500	16026	12524	2425	25.048	DS60
WECC23274	362	6151	5781	2234	15.9696132596685	DS60
WECC23275	1297	30262	28210	8161	21.7501927525058	DS60
WECC23276	1728	44719	41138	10476	23.806712962963	DS60
WECC23278	2663	66103	67103	20614	25.1982726248592	DS60
WECC23279	611	13034	11675	3672	19.1080196399345	DS60
WECC23281	541	11838	10100	3117	18.6691312384473	DS60
WECC23282	5034	146667	119990	28901	23.8359157727453	DS60
WECC23283	194	3854	2548	738	13.1340206185567	DS60
WECC23284	1013	19978	20906	6666	20.6377097729516	DS60
WECC23285	2359	68582	61942	13827	26.2577363289529	DS60
WECC23286	1138	24810	26102	9582	22.9367311072056	DS60
WECC23287	1273	27277	28849	9580	22.6622152395915	DS60
WECC23290	186	3517	2527	707	13.5860215053763	DS60
WECC23292	384	9563	7999	2109	20.8307291666667	DS60
WECC23293	516	8217	9295	3835	18.0135658914729	DS60
WECC23295	921	19438	18494	5523	20.0803474484256	DS60
WECC23297	698	13909	14510	4925	20.7879656160458	DS60
WECC23298	319	7899	5868	1327	18.3949843260188	DS60
WECC23300	2869	81532	74481	19305	25.9606134541652	DS60
WECC23301	971	21364	20090	7658	20.6900102986612	DS60
WECC23302	4021	96017	97691	27206	24.2952001989555	DS60
WECC23305	1419	32349	34173	11828	24.0824524312896	DS60
WECC23306	769	14961	15444	5950	20.0832249674902	DS60
WECC23307	805	17180	16300	4682	20.2484472049689	DS60
WECC23310	162	1925	1626	648	10.037037037037	DS60
WECC23312	539	12631	11174	2619	20.7309833024119	DS60
WECC23313	1162	20377	22371	8391	19.2521514629948	DS60
WECC23315	1128	23327	23489	8139	20.8235815602837	DS60
WECC23316	851	16055	17378	6576	20.4206815511163	DS60
WECC23317	230	2990	2221	815	9.65652173913043	DS60
WECC23318	1311	26650	27930	9507	21.304347826087	DS60
WECC23319	2050	35096	40852	14541	19.9278048780488	DS60
WECC23320	385	8642	7030	1743	18.2597402597403	DS60
WECC23321	1691	39643	38177	12726	22.5765819041987	DS60
WECC23322	953	30529	24042	4651	25.2277019937041	DS60
WECC23325	4842	109240	119857	37777	24.7536142090045	DS60
WECC23326	2283	54216	57518	16604	25.1940429259746	DS60
WECC23328	696	14155	12893	3408	18.5244252873563	DS60
WECC23329	16099	400686	418725	136398	26.009379464563	DS60
WECC23330	1787	40086	39342	13059	22.0156687185227	DS60
WECC23335	819	13919	12931	4184	15.7887667887668	DS60
WECC23336	1268	20722	22905	8472	18.063880126183	DS60
WECC23338	333	6421	5570	1270	16.7267267267267	DS60
WECC23340	1022	24439	22304	6389	21.8238747553816	DS60
WECC23341	449	9863	7865	2112	17.5167037861915	DS60
WECC23342	1638	30509	39087	16074	23.8626373626374	DS60
WECC23343	3456	70416	75816	27279	21.9375	DS60
WECC23346	1809	34796	37620	13234	20.7960199004975	DS60
WECC23347	272	4795	3471	907	12.7610294117647	DS60
WECC23348	909	16762	18075	6665	19.8844884488449	DS60
WECC23349	344	5794	5216	1348	15.1627906976744	DS60
WECC23350	979	23462	22475	6408	22.9570990806946	DS60
WECC23352	526	8007	9383	3822	17.8384030418251	DS60
WECC23353	750	14809	13207	4714	17.6093333333333	DS60
WECC23354	1574	36976	36116	11387	22.9453621346887	DS60
WECC23357	3394	74190	80642	24423	23.7601649970536	DS60
WECC23358	2237	49988	50647	19428	22.6405900759946	DS60
WECC23359	1563	39024	37233	12379	23.8214971209213	DS60
WECC23360	1084	25116	23892	7366	22.0405904059041	DS60
WECC23361	484	9056	8529	3256	17.6219008264463	DS60
WECC23362	699	19469	17262	4191	24.6952789699571	DS60
WECC23363	742	21674	16768	3535	22.5983827493261	DS60
WECC23364	680	12530	12634	4545	18.5794117647059	DS60
WECC23365	2611	90899	70706	14263	27.0800459594025	DS60
WECC23366	270	6035	4966	1073	18.3925925925926	DS60
WECC23368	2400	54271	50538	16174	21.0575	DS60
WECC23369	1806	41846	40180	12767	22.2480620155039	DS60
WECC23370	963	29115	26536	4771	27.5555555555556	DS60
WECC23371	987	19737	17920	4916	18.1560283687943	DS60
WECC23372	1340	27927	29373	9063	21.9201492537313	DS60
WECC23373	887	16360	17801	6728	20.0687711386697	DS60
WECC23376	1306	28791	30016	10839	22.9831546707504	DS60
WECC23378	2723	62241	64618	21357	23.7304443628351	DS60
WECC23380	1376	28717	31288	11191	22.7383720930233	DS60
WECC23381	1045	27436	23502	6177	22.4899521531101	DS60
WECC23382	1037	25742	24012	7741	23.1552555448409	DS60
WECC23383	1682	38093	37458	12684	22.2699167657551	DS60
WECC23384	266	4456	3605	790	13.5526315789474	DS60
WECC24001	2519	48016	48469	18720	19.2413656212783	DS60
WECC24004	866	17785	16012	4966	18.4896073903002	DS60
WECC24005	2916	65290	65275	20484	22.3851165980796	DS60
WECC24006	3171	60478	71105	26000	22.4235257016714	DS60
WECC24007	7538	181813	181235	48993	24.0428495622181	DS60
WECC24008	920	17478	17123	5083	18.6119565217391	DS60
WECC24009	516	9559	8240	2141	15.968992248062	DS60
WECC24010	195	2354	874	275	4.48205128205128	DS60
WECC24011	2287	37129	45348	17703	19.8285964145168	DS60
WECC24012	2930	54982	58326	21448	19.9064846416382	DS60
WECC24013	443	11185	8810	1450	19.8871331828442	DS60
WECC24014	375	5590	4456	1272	11.8826666666667	DS60
WECC24015	635	9782	9240	2857	14.5511811023622	DS60
WECC24017	2936	70600	72041	19514	24.5371253405995	DS60
WECC24019	745	14896	13836	4057	18.5718120805369	DS60
WECC24020	709	11656	12307	4421	17.3582510578279	DS60
WECC24021	1839	34599	38325	14281	20.8401305057096	DS60
WECC24022	508	9517	9189	2764	18.0885826771654	DS60
WECC24023	670	13315	11948	3650	17.8328358208955	DS60
WECC24024	499	9049	8834	2727	17.7034068136273	DS60
WECC24025	4766	130845	119987	30405	25.1756189676878	DS60
WECC24026	524	10306	9535	2238	18.1965648854962	DS60
WECC24027	498	5154	4362	1272	8.75903614457831	DS60
WECC24028	2000	34474	38845	14754	19.4225	DS60
WECC24029	2490	51693	55235	16456	22.1827309236948	DS60
WECC24030	473	7522	7504	2077	15.8646934460888	DS60
WECC24031	489	9686	7929	1599	16.2147239263804	DS60
WECC24032	2315	53624	53743	15580	23.2151187904968	DS60
WECC24033	1722	34262	32718	11995	19	DS60
WECC24034	2130	40928	46104	16322	21.6450704225352	DS60
WECC24035	1521	30583	30098	10003	19.7882971729126	DS60
WECC24037	927	18704	17058	5726	18.4012944983819	DS60
WECC24038	740	22652	20332	3119	27.4756756756757	DS60
WECC24039	454	7901	6809	2100	14.9977973568282	DS60
WECC24041	1052	24567	21198	7198	20.1501901140684	DS60
WECC24042	1693	23312	25742	10764	15.2049616066155	DS60
WECC24043	2103	47069	47254	15777	22.4698050404185	DS60
WECC24044	883	23360	21461	4190	24.3046432616082	DS60
WECC24045	1135	19108	20351	7766	17.9303964757709	DS60
WECC24046	658	10667	12011	4934	18.2537993920973	DS60
WECC24047	3586	77096	77753	24457	21.6823759063023	DS60
WECC24049	2589	43284	49611	17915	19.162224797219	DS60
WECC24050	837	14532	13791	5457	16.4767025089606	DS60
WECC24052	368	6834	5821	1552	15.8179347826087	DS60
WECC24053	820	13535	12390	4698	15.109756097561	DS60
WECC24054	1477	30526	32892	10492	22.2694651320244	DS60
WECC24057	894	22099	19122	5727	21.3892617449664	DS60
WECC24058	5071	106763	113299	38832	22.3425359889568	DS60
WECC24059	4240	89601	99055	33129	23.3620283018868	DS60
WECC24060	406	7483	6727	2042	16.5689655172414	DS60
WECC24062	2227	63251	58589	12054	26.30848675348	DS60
WECC24064	2057	36327	39301	14293	19.1059795819154	DS60
WECC24065	1625	30592	30150	11034	18.5538461538462	DS60
WECC24066	1813	40303	36316	10919	20.030888030888	DS60
WECC24067	3328	62265	70102	26780	21.0643028846154	DS60
WECC24068	404	5664	5194	1416	12.8564356435644	DS60
WECC24069	623	13704	12412	2634	19.9229534510433	DS60
WECC24070	2474	47173	55249	21641	22.3318512530315	DS60
WECC24073	803	17108	14759	3658	18.3798256537983	DS60
WECC24074	2631	49060	54331	18326	20.6503230710756	DS60
WECC24077	2041	49301	45959	12727	22.5178833904949	DS60
WECC24078	534	6646	6913	2629	12.9456928838951	DS60
WECC24079	896	20943	19624	4150	21.9017857142857	DS60
WECC24081	1004	22623	21014	4818	20.9302788844622	DS60
WECC24082	3611	94001	88680	21273	24.558294101357	DS60
WECC24083	1461	25694	28692	10988	19.6386036960986	DS60
WECC24084	1045	22243	19332	5101	18.4995215311005	DS60
WECC24085	570	11006	9706	2862	17.0280701754386	DS60
WECC24086	2398	59336	50552	15159	21.0809007506255	DS60
WECC24087	2384	49396	50672	16651	21.255033557047	DS60
WECC24088	2023	56101	50637	7403	25.0306475531389	DS60
WECC24089	8091	212429	205117	48272	25.3512544802867	DS60
WECC24090	1383	23659	24107	8648	17.4309472161967	DS60
WECC24091	3387	78781	76938	22947	22.7156775907883	DS60
WECC24093	1222	23456	25343	8822	20.7389525368249	DS60
WECC24095	1347	38525	32667	4510	24.2516703786192	DS60
WECC24096	918	17796	18629	6746	20.2930283224401	DS60
WECC24099	1834	46382	42411	12951	23.1248636859324	DS60
WECC24101	1588	24296	25738	7690	16.2078085642317	DS60
WECC24102	911	21438	19488	3864	21.3918770581778	DS60
WECC24103	1208	27987	29233	8555	24.1995033112583	DS60
WECC24105	1073	21401	21915	7327	20.4240447343896	DS60
WECC24106	1508	27401	28650	10176	18.9986737400531	DS60
WECC24107	696	14556	13990	4367	20.1005747126437	DS60
WECC24108	940	23671	21019	4033	22.3606382978723	DS60
WECC24109	1875	35814	37568	12169	20.0362666666667	DS60
WECC24110	9923	219730	236233	70894	23.8066109039605	DS60
WECC24111	368	6041	5611	1717	15.2472826086957	DS60
WECC24112	1778	33369	35888	12927	20.1844769403825	DS60
WECC24114	418	6949	6256	2159	14.9665071770335	DS60
WECC24115	1000	22904	21572	6696	21.572	DS60
WECC24116	313	6913	5926	913	18.9329073482428	DS60
WECC24118	4541	96185	97342	32413	21.4362475225721	DS60
WECC24119	2013	44043	46146	14275	22.9239940387481	DS60
WECC24120	1824	40556	38748	10626	21.2434210526316	DS60
WECC24121	384	6494	6222	1770	16.203125	DS60
WECC24122	359	4571	3561	1149	9.91922005571031	DS60
WECC24123	446	9164	8231	2186	18.4551569506726	DS60
WECC24124	1395	25103	28068	10689	20.1204301075269	DS60
WECC24125	937	24374	22878	4644	24.4162219850587	DS60
WECC24126	1010	22611	22899	6651	22.6722772277228	DS60
WECC24127	1152	19803	22806	7197	19.796875	DS60
WECC24128	2624	57540	55284	19892	21.0685975609756	DS60
WECC24129	847	24670	20762	4146	24.5123966942149	DS60
WECC24130	1129	22301	21439	7221	18.9893711248893	DS60
WECC24131	142	1737	383	108	2.69718309859155	DS60
WECC24133	443	6677	7309	2472	16.4988713318284	DS60
WECC24134	2516	64767	62557	13122	24.8636724960254	DS60
WECC24135	737	14496	14470	4474	19.6336499321574	DS60
WECC24136	1903	64098	55492	8824	29.1602732527588	DS60
WECC24137	765	15453	16049	5043	20.9790849673203	DS60
WECC24138	1738	33773	33700	11351	19.3901035673188	DS60
WECC24139	1061	21010	22683	7921	21.3788878416588	DS60
WECC24140	555	10097	9362	3398	16.8684684684685	DS60
WECC24141	3035	58970	65701	23843	21.6477759472817	DS60
WECC24142	2435	54573	53891	15375	22.1318275154004	DS60
WECC24143	2006	37927	41804	14022	20.839481555334	DS60
WECC24144	326	6629	5522	1590	16.9386503067485	DS60
WECC24145	696	12645	11972	4137	17.2011494252874	DS60
WECC24146	430	5675	5237	1779	12.1790697674419	DS60
WECC24147	476	9345	8725	2268	18.3298319327731	DS60
WECC24148	939	14712	16628	6459	17.7082002129925	DS60
WECC24150	595	10542	10975	3642	18.4453781512605	DS60
WECC24151	685	14500	14159	3929	20.6700729927007	DS60
WECC24152	2111	34434	41024	14643	19.4334438654666	DS60
WECC24155	2030	41206	44970	15182	22.1527093596059	DS60
WECC24156	568	7994	8675	3238	15.2728873239437	DS60
WECC24159	329	5677	4542	1149	13.8054711246201	DS60
WECC24160	466	5684	4960	1337	10.6437768240343	DS60
WECC24161	1509	31518	31131	10059	20.6302186878728	DS60
WECC24162	862	13256	14605	5248	16.9431554524362	DS60
WECC24163	1298	23370	24166	8167	18.617873651772	DS60
WECC24164	5109	96799	108597	35063	21.2560187903699	DS60
WECC24166	1626	38011	39157	11301	24.0817958179582	DS60
WECC24167	375	4650	4234	1082	11.2906666666667	DS60
WECC24168	2905	46084	50391	16364	17.3462994836489	DS60
WECC24169	896	12722	15689	6392	17.5100446428571	DS60
WECC24171	361	6080	5546	1688	15.3628808864266	DS60
WECC24172	6969	154936	156572	50012	22.4669249533649	DS60
WECC24173	1158	26400	25786	8242	22.2677029360967	DS60
WECC24174	872	19588	18994	4973	21.7821100917431	DS60
WECC24176	1198	31784	30937	6046	25.8238731218698	DS60
WECC24177	1424	26449	26075	9104	18.311095505618	DS60
WECC24178	1196	18275	19228	7890	16.0769230769231	DS60
WECC24179	278	4607	3911	1025	14.068345323741	DS60
WECC24180	287	5895	4919	1259	17.1393728222997	DS60
WECC24181	4738	103854	108662	34979	22.9341494301393	DS60
WECC24182	825	15309	16712	5323	20.2569696969697	DS60
WECC24183	264	3145	2206	518	8.35606060606061	DS60
WECC24184	702	13389	11851	3716	16.8817663817664	DS60
WECC24185	698	19349	14954	2673	21.4240687679083	DS60
WECC24188	1765	33822	34040	10769	19.28611898017	DS60
WECC24189	439	7023	6644	2116	15.1343963553531	DS60
WECC24190	3231	82488	71833	15164	22.2324357783968	DS60
WECC24192	4180	109199	99601	23734	23.827990430622	DS60
WECC24193	620	11636	10824	4069	17.458064516129	DS60
WECC24196	1831	39114	41211	14140	22.5073730202075	DS60
WECC24197	353	6353	6260	1788	17.7337110481586	DS60
WECC24199	567	10260	9555	3144	16.8518518518519	DS60
WECC24200	1609	41912	36455	11045	22.6569297700435	DS60
WECC24202	221	3644	2534	800	11.4660633484163	DS60
WECC24204	1460	40391	35277	7578	24.1623287671233	DS60
WECC24205	351	7889	6462	1704	18.4102564102564	DS60
WECC24206	1163	22956	22556	8119	19.3946689595873	DS60
WECC24207	1915	41043	42208	13228	22.0407310704961	DS60
WECC24208	1314	23866	24981	9586	19.0114155251142	DS60
WECC24211	719	12626	12414	3866	17.2656467315716	DS60
WECC24212	3288	84918	82764	20697	25.1715328467153	DS60
WECC24213	675	12304	12433	3855	18.4192592592593	DS60
WECC24215	862	16364	16173	5268	18.762180974478	DS60
WECC24216	2678	64635	65619	18975	24.5029873039582	DS60
WECC24217	371	5336	5381	2086	14.5040431266846	DS60
WECC24218	569	12438	10301	2037	18.103690685413	DS60
WECC24220	1053	15193	19627	8378	18.639126305793	DS60
WECC24221	936	14326	16919	6570	18.0758547008547	DS60
WECC24222	332	5155	4993	1755	15.039156626506	DS60
WECC24223	536	8426	8196	2309	15.2910447761194	DS60
WECC24224	440	7933	7308	2312	16.6090909090909	DS60
WECC24225	1464	30000	27968	8870	19.103825136612	DS60
WECC24226	789	17248	15533	4108	19.6869455006337	DS60
WECC24227	417	8781	8328	2799	19.9712230215827	DS60
WECC24228	162	2555	1152	381	7.11111111111111	DS60
WECC24229	2179	41529	43743	14340	20.074804956402	DS60
WECC24230	1106	23146	24083	7704	21.7748643761302	DS60
WECC24231	1656	29363	34664	13184	20.9323671497585	DS60
WECC24232	2023	51699	51394	15251	25.4048442906574	DS60
WECC24233	2311	53522	50213	16276	21.7278234530506	DS60
WECC24234	667	13526	12987	4433	19.4707646176912	DS60
WECC24236	1703	42621	40518	9881	23.7921315325896	DS60
WECC24237	437	6187	5928	1975	13.5652173913043	DS60
WECC24238	472	11741	10564	2990	22.3813559322034	DS60
WECC24242	473	5552	4075	1162	8.61522198731501	DS60
WECC24244	1013	19603	19075	6553	18.8302073050346	DS60
WECC24245	830	20293	18949	4448	22.8301204819277	DS60
WECC24246	2040	39995	44355	14810	21.7426470588235	DS60
WECC24247	1120	36472	32504	5961	29.0214285714286	DS60
WECC24248	389	8194	6843	1233	17.5912596401028	DS60
WECC24249	2197	47902	42988	15742	19.5666818388712	DS60
WECC24252	790	13024	13377	4701	16.9329113924051	DS60
WECC24254	95	1337	611	207	6.43157894736842	DS60
WECC24256	1165	20195	22412	8906	19.2377682403433	DS60
WECC24257	2256	49447	47458	14963	21.0363475177305	DS60
WECC24259	494	9881	8713	2368	17.6376518218624	DS60
WECC24261	1448	29534	29224	8605	20.182320441989	DS60
WECC24262	859	19165	19527	5661	22.732246798603	DS60
WECC24264	394	6267	5917	1834	15.0177664974619	DS60
WECC24267	1376	27522	29761	9444	21.6286337209302	DS60
WECC24269	1399	31925	30376	7596	21.7126518942102	DS60
WECC24271	294	6207	4573	964	15.5544217687075	DS60
WECC24272	661	11801	12004	4329	18.160363086233	DS60
WECC24273	851	26236	20855	5522	24.5064629847239	DS60
WECC24275	613	11279	10241	3323	16.7063621533442	DS60
WECC24276	224	3251	2231	581	9.95982142857143	DS60
WECC24277	578	11437	11890	3822	20.5709342560554	DS60
WECC24278	3636	84133	82485	22947	22.6856435643564	DS60
WECC24279	3965	90043	91934	28885	23.1863808322825	DS60
WECC24280	263	3117	1609	470	6.11787072243346	DS60
WECC24283	2041	45161	42765	13605	20.952964233219	DS60
WECC24284	2168	42846	42789	14984	19.7366236162362	DS60
WECC24285	805	30563	28121	3486	34.9329192546584	DS60
WECC24287	2319	56521	55723	14167	24.0288917636912	DS60
WECC24288	542	6630	7255	2455	13.3856088560886	DS60
WECC24291	653	10834	9849	2394	15.0826952526799	DS60
WECC24293	1546	32872	32812	9899	21.2238033635188	DS60
WECC24294	964	16274	17525	6806	18.1794605809129	DS60
WECC24295	1513	32516	30719	7787	20.3033707865169	DS60
WECC24296	524	8138	8388	3311	16.0076335877863	DS60
WECC24297	657	14852	13947	4210	21.2283105022831	DS60
WECC24298	1210	22030	22279	7408	18.4123966942149	DS60
WECC24299	672	13438	12735	3251	18.9508928571429	DS60
WECC24301	1439	36845	34556	8753	24.0138985406532	DS60
WECC24302	1174	29773	28093	6461	23.9293015332198	DS60
WECC24306	491	9282	7534	2744	15.3441955193483	DS60
WECC24307	626	12616	13261	3691	21.1837060702875	DS60
WECC24309	1979	44834	45688	13699	23.0864072764022	DS60
WECC24310	549	9123	9203	2565	16.7632058287796	DS60
WECC24312	3155	94595	81945	15526	25.973058637084	DS60
WECC24313	730	11573	11805	4237	16.1712328767123	DS60
WECC24314	2444	51150	52394	16113	21.4378068739771	DS60
WECC24316	975	17439	17728	6954	18.1825641025641	DS60
WECC24317	1914	41108	41872	13755	21.8766980146291	DS60
WECC24318	857	14736	16305	6337	19.0256709451575	DS60
WECC24319	1052	17996	19173	7182	18.2252851711027	DS60
WECC24320	707	15613	13267	4113	18.7652050919378	DS60
WECC24321	506	9304	8066	2793	15.9407114624506	DS60
WECC24322	1574	30051	31638	12607	20.1003811944092	DS60
WECC24323	553	11648	9639	2111	17.4303797468354	DS60
WECC24324	865	15089	15187	4983	17.557225433526	DS60
WECC24325	1977	38882	41253	13518	20.866464339909	DS60
WECC24326	1333	33873	31553	8371	23.6706676669167	DS60
WECC24327	443	7573	7359	2234	16.6117381489842	DS60
WECC24328	382	4661	4018	1125	10.5183246073298	DS60
WECC24329	1034	21145	20332	7234	19.6634429400387	DS60
WECC24330	1392	24030	23999	10111	17.2406609195402	DS60
WECC24331	2101	45325	45379	14107	21.5987624940505	DS60
WECC24332	787	15554	15201	4370	19.3151207115629	DS60
WECC24333	979	18877	19487	6776	19.9050051072523	DS60
WECC24334	1033	15261	16381	6290	15.8576960309777	DS60
WECC24336	839	14794	13503	4574	16.0941597139452	DS60
WECC24337	1577	33159	33645	13543	21.3348129359543	DS60
WECC24338	742	17862	15339	2569	20.6725067385445	DS60
WECC24339	364	3605	2783	843	7.6456043956044	DS60
WECC24341	3845	81421	86135	27651	22.4018205461639	DS60
WECC24342	476	8486	7082	1680	14.8781512605042	DS60
WECC24343	800	14096	14458	5385	18.0725	DS60
WECC24344	616	12176	10759	3617	17.4659090909091	DS60
WECC24345	758	18679	17100	4402	22.5593667546174	DS60
WECC24347	571	11523	10528	3004	18.4378283712785	DS60
WECC24348	254	4186	3358	831	13.2204724409449	DS60
WECC24350	1521	28870	29868	10876	19.6370808678501	DS60
WECC24351	240	3788	2898	647	12.075	DS60
WECC24354	838	14036	14474	5149	17.272076372315	DS60
WECC24355	973	14058	16041	5578	16.486125385406	DS60
WECC24356	3249	78429	76898	19290	23.6682056017236	DS60
WECC24357	298	3425	2967	987	9.95637583892617	DS60
WECC24358	397	4227	3615	849	9.10579345088161	DS60
WECC24361	1046	18312	21145	7833	20.2151051625239	DS60
WECC24362	634	9710	8481	2193	13.3769716088328	DS60
WECC24363	676	11265	11846	4139	17.5236686390533	DS60
WECC24364	424	6590	6813	2413	16.0683962264151	DS60
WECC24365	1554	32458	30365	9383	19.539897039897	DS60
WECC24367	202	2670	2085	470	10.3217821782178	DS60
WECC24368	2008	39413	38668	13430	19.2569721115538	DS60
WECC24369	831	17806	15153	3537	18.2346570397112	DS60
WECC24370	1361	27718	26387	9225	19.3879500367377	DS60
WECC24371	3417	94125	84834	17188	24.8270412642669	DS60
WECC24372	1248	25863	25754	8649	20.636217948718	DS60
WECC24374	1675	48978	40738	8269	24.3211940298508	DS60
WECC24375	2278	59768	54357	12501	23.8617208077261	DS60
WECC24376	396	7589	6395	1590	16.1489898989899	DS60
WECC24379	2918	73642	64480	18741	22.0973269362577	DS60
WECC24380	688	14073	13201	2925	19.1875	DS60
WECC24381	2601	50499	54035	18768	20.7747020376778	DS60
WECC24382	1265	34678	30730	5672	24.2924901185771	DS60
WECC24383	7839	199505	191808	55061	24.4684270952928	DS60
WECC25001	711	12289	9104	2473	12.8045007032349	DS60
WECC25002	2278	79720	63982	12170	28.0869183494293	DS60
WECC25005	1139	31980	28089	5917	24.6611062335382	DS60
WECC25007	955	19583	16497	4647	17.2743455497382	DS60
WECC25008	1264	26449	25364	9183	20.0664556962025	DS60
WECC25009	2433	53986	53088	18823	21.8199753390875	DS60
WECC25011	781	18487	16156	3734	20.6862996158771	DS60
WECC25012	1054	25116	23735	6563	22.5189753320683	DS60
WECC25013	402	7266	5471	1733	13.6094527363184	DS60
WECC25014	2108	56426	50379	13129	23.8989563567362	DS60
WECC25015	532	9729	7515	2156	14.1259398496241	DS60
WECC25016	1319	27974	25924	8794	19.6542835481425	DS60
WECC25018	1651	58419	50375	8534	30.5118110236221	DS60
WECC25019	821	18500	16449	4921	20.0353227771011	DS60
WECC25020	563	10648	7444	2175	13.2220248667851	DS60
WECC25021	430	8042	6902	2455	16.0511627906977	DS60
WECC25023	1877	48005	47092	13004	25.0889717634523	DS60
WECC25024	1092	20007	21483	7871	19.6730769230769	DS60
WECC25025	862	19573	17941	5556	20.8132250580046	DS60
WECC25026	2434	55030	58624	21041	24.0854560394413	DS60
WECC25027	1806	48223	43696	15490	24.1949058693245	DS60
WECC25028	949	22396	19924	5936	20.9947312961012	DS60
WECC25029	768	17555	16229	5429	21.1315104166667	DS60
WECC25031	616	12781	11031	3231	17.9074675324675	DS60
WECC25032	1541	42401	39082	10465	25.3614536015574	DS60
WECC25033	3058	94990	84223	19414	27.5418574231524	DS60
WECC25034	2210	49142	51904	17105	23.4859728506787	DS60
WECC25035	2954	72455	70735	19433	23.9454976303318	DS60
WECC25036	3128	73414	74666	25424	23.8702046035806	DS60
WECC25037	1492	28079	28815	10087	19.3130026809652	DS60
WECC25038	1038	19988	21625	8044	20.8333333333333	DS60
WECC25039	4452	96285	104752	39488	23.529200359389	DS60
WECC25041	801	17373	15092	4206	18.8414481897628	DS60
WECC25044	821	20883	18127	5274	22.0791717417783	DS60
WECC25045	1511	36911	33841	11388	22.3964262078094	DS60
WECC25047	4244	123291	109390	30364	25.7752120640905	DS60
WECC25048	1849	40469	39206	12162	21.203893996755	DS60
WECC25049	673	11271	10563	3465	15.6953937592868	DS60
WECC25051	860	19551	16948	5089	19.7069767441861	DS60
WECC25052	1834	40920	41402	13345	22.5747001090513	DS60
WECC25053	3569	75912	80552	27590	22.5699075371253	DS60
WECC25055	795	20311	16903	4809	21.2616352201258	DS60
WECC25056	513	11266	9525	2828	18.5672514619883	DS60
WECC25057	1002	19076	18439	6278	18.4021956087824	DS60
WECC25058	3214	78428	80510	23641	25.0497822028625	DS60
WECC25060	851	26412	21018	3096	24.6980023501763	DS60
WECC25061	913	31695	25094	4474	27.4852135815991	DS60
WECC25062	2585	69711	67179	18461	25.9880077369439	DS60
WECC25065	1066	25841	26053	8145	24.4399624765478	DS60
WECC25066	454	7538	5442	1381	11.9867841409692	DS60
WECC25067	2521	56463	61913	20656	24.5589051963507	DS60
WECC25070	2145	52733	48735	17996	22.7202797202797	DS60
WECC25072	990	18880	20314	8167	20.5191919191919	DS60
WECC25073	6207	225623	190072	37111	30.6222007410988	DS60
WECC25074	998	21662	20025	4358	20.065130260521	DS60
WECC25075	2551	78443	70554	17564	27.6573892591141	DS60
WECC25076	495	7366	5985	1978	12.0909090909091	DS60
WECC25079	1134	31446	25890	5959	22.8306878306878	DS60
WECC25080	1810	55130	48629	13489	26.8668508287293	DS60
WECC25081	5018	143887	143072	30814	28.5117576723794	DS60
WECC25082	1164	22517	23797	8484	20.4441580756014	DS60
WECC25083	3218	60954	69305	27963	21.5366687383468	DS60
WECC25085	1561	30600	33902	12804	21.7181294042281	DS60
WECC25086	945	19291	14731	3403	15.5883597883598	DS60
WECC25087	274	5612	2763	598	10.0839416058394	DS60
WECC25088	1011	18977	18517	5593	18.3155291790307	DS60
WECC25089	1460	28669	29070	9462	19.9109589041096	DS60
WECC25090	441	7974	7515	2323	17.0408163265306	DS60
WECC25091	3602	99260	90482	23449	25.1199333703498	DS60
WECC25092	1306	33851	31077	7993	23.7955589586524	DS60
WECC25093	2339	56663	53927	16881	23.0555793073963	DS60
WECC25094	2119	50398	49717	16212	23.4624823029731	DS60
WECC25095	1204	35389	33598	4957	27.9053156146179	DS60
WECC25096	711	12461	13480	5030	18.9592123769339	DS60
WECC25097	1168	25766	26212	8589	22.4417808219178	DS60
WECC25099	396	5875	4718	1328	11.9141414141414	DS60
WECC25100	842	18434	17544	5480	20.8361045130641	DS60
WECC25102	2233	68827	59384	15212	26.5938199731303	DS60
WECC25104	3561	131673	107551	20378	30.2024712159506	DS60
WECC25105	4154	101779	111114	34289	26.7486759749639	DS60
WECC25106	626	18551	13226	2469	21.1277955271566	DS60
WECC25107	1144	26703	26550	9313	23.208041958042	DS60
WECC25108	2371	48153	47717	14681	20.1252636018558	DS60
WECC25111	482	9289	6166	1941	12.792531120332	DS60
WECC25112	585	9896	7905	2187	13.5128205128205	DS60
WECC25113	839	22685	17746	3998	21.1513706793802	DS60
WECC25114	745	19609	16148	3544	21.6751677852349	DS60
WECC25116	1309	28156	26719	10114	20.4117647058824	DS60
WECC25117	1620	31968	33015	11518	20.3796296296296	DS60
WECC25118	1246	28717	27468	9629	22.0449438202247	DS60
WECC25119	1080	32546	29044	6719	26.8925925925926	DS60
WECC25120	1201	28106	26599	7991	22.1473771856786	DS60
WECC25121	348	6991	6167	1733	17.7212643678161	DS60
WECC25122	3333	69522	72574	22591	21.7743774377438	DS60
WECC25125	1177	22371	23709	7819	20.143585386576	DS60
WECC25127	1557	30326	30665	11101	19.6949261400128	DS60
WECC25128	6160	241902	199360	33963	32.3636363636364	DS60
WECC25129	545	15879	14192	3850	26.0403669724771	DS60
WECC25130	1118	19601	17180	5281	15.3667262969589	DS60
WECC25132	688	9698	8952	2884	13.0116279069767	DS60
WECC25133	955	21583	18909	5706	19.8	DS60
WECC25134	1026	17998	18049	5236	17.5916179337232	DS60
WECC25135	1772	36526	38590	13903	21.7776523702032	DS60
WECC25136	1176	23790	22582	7685	19.202380952381	DS60
WECC25137	3071	76483	81784	28229	26.6310647997395	DS60
WECC25139	3074	70635	72659	24018	23.6366297983084	DS60
WECC25141	723	15356	14810	5135	20.4840940525588	DS60
WECC25142	528	12140	9234	2150	17.4886363636364	DS60
WECC25143	712	14039	13192	4033	18.5280898876404	DS60
WECC25144	679	15635	13183	3575	19.4153166421208	DS60
WECC25145	5548	123982	141546	48116	25.5129776496035	DS60
WECC25147	1400	38095	34983	8659	24.9878571428571	DS60
WECC25148	1772	40819	40529	10724	22.8718961625282	DS60
WECC25149	2782	57763	66358	23565	23.8526240115025	DS60
WECC25151	1120	22540	21133	7986	18.86875	DS60
WECC25152	1677	40159	37183	9909	22.1723315444246	DS60
WECC25153	1227	28838	30269	10461	24.6691116544417	DS60
WECC25154	493	8599	6801	1912	13.7951318458418	DS60
WECC25155	2906	71838	74105	21680	25.5006882312457	DS60
WECC25156	1040	22718	22836	8267	21.9576923076923	DS60
WECC25158	536	17580	12826	2244	23.9291044776119	DS60
WECC25159	1828	37702	39932	14507	21.8446389496718	DS60
WECC25160	608	14950	10928	3160	17.9736842105263	DS60
WECC25161	3751	89240	90076	29511	24.0138629698747	DS60
WECC25162	581	13136	10305	2102	17.736660929432	DS60
WECC25163	513	9252	8543	2480	16.6530214424951	DS60
WECC25164	1265	32435	31857	9803	25.1833992094862	DS60
WECC25165	452	8337	7923	2463	17.5287610619469	DS60
WECC25166	997	18596	20316	7361	20.3771313941825	DS60
WECC25167	1362	33894	29318	8400	21.5256975036711	DS60
WECC25168	909	16563	15542	5412	17.0979097909791	DS60
WECC25169	1945	41109	48320	19473	24.8431876606684	DS60
WECC25170	415	8429	6610	1705	15.9277108433735	DS60
WECC25171	362	7850	7460	1576	20.6077348066298	DS60
WECC25173	691	14693	13901	5489	20.1172214182344	DS60
WECC25175	2622	63867	64230	19742	24.4965675057208	DS60
WECC25176	3995	135217	121574	24959	30.4315394242804	DS60
WECC25177	1296	25440	25994	9889	20.0570987654321	DS60
WECC25178	1967	36030	39008	14123	19.8312150482969	DS60
WECC25179	401	6060	3856	971	9.61596009975062	DS60
WECC25180	393	8486	6958	2085	17.704834605598	DS60
WECC25181	1401	33951	31663	10807	22.6002855103498	DS60
WECC25182	1205	22399	22643	7570	18.7908713692946	DS60
WECC25183	821	14258	14524	5657	17.6906211936663	DS60
WECC25184	959	22766	18324	4498	19.1074035453598	DS60
WECC25185	1744	41673	40703	13328	23.338876146789	DS60
WECC25186	969	25670	25732	7194	26.5552115583075	DS60
WECC25187	4190	104564	103189	32640	24.627446300716	DS60
WECC25188	415	7286	6516	2164	15.7012048192771	DS60
WECC25189	502	8397	8023	3228	15.9820717131474	DS60
WECC25191	344	5564	4333	1551	12.5959302325581	DS60
WECC25192	2795	61940	63208	20352	22.6146690518784	DS60
WECC25193	1068	24274	23746	6551	22.2340823970037	DS60
WECC25194	859	19480	19024	6766	22.1466821885914	DS60
WECC25196	791	15050	14867	5907	18.795195954488	DS60
WECC25197	974	18839	16724	5208	17.170431211499	DS60
WECC25198	2102	51510	45554	13034	21.6717411988582	DS60
WECC25199	1428	35626	33196	9974	23.2464985994398	DS60
WECC25200	1636	47116	45194	9792	27.6246943765281	DS60
WECC25201	557	12735	10201	2072	18.3141831238779	DS60
WECC25202	3624	110077	102120	25988	28.1788079470199	DS60
WECC25203	523	9124	9837	3642	18.8087954110899	DS60
WECC25204	1496	44023	42325	11795	28.2921122994652	DS60
WECC25205	1713	38017	39760	13383	23.2107413893754	DS60
WECC25207	912	19508	20200	6809	22.1491228070175	DS60
WECC25209	1758	82344	64827	7825	36.8754266211604	DS60
WECC25212	672	12143	11141	3450	16.5788690476191	DS60
WECC25213	1011	24757	25073	8914	24.8001978239367	DS60
WECC25214	1289	28496	26157	9404	20.2924747866563	DS60
WECC25216	911	25526	23005	5632	25.2524698133919	DS60
WECC25217	6340	150159	158618	53013	25.0186119873817	DS60
WECC25218	472	8770	5980	1661	12.6694915254237	DS60
WECC25219	2051	46315	46574	15789	22.7079473427596	DS60
WECC25220	4238	83193	93844	32181	22.1434638980651	DS60
WECC25224	862	20523	18710	5508	21.7053364269142	DS60
WECC25225	2248	58668	55797	16533	24.8207295373666	DS60
WECC25227	673	13382	11523	2851	17.1218424962853	DS60
WECC25228	209	3410	1748	549	8.36363636363636	DS60
WECC25230	525	12586	11150	3239	21.2380952380952	DS60
WECC25231	959	25031	21758	5450	22.6882168925965	DS60
WECC25232	1174	19635	18038	5158	15.3645655877342	DS60
WECC25233	1348	29854	27267	6733	20.2277448071217	DS60
WECC25234	515	11511	8749	2307	16.9883495145631	DS60
WECC25235	1551	43792	41374	11186	26.675693101225	DS60
WECC25236	2388	58730	58619	17452	24.5473199329983	DS60
WECC25237	4030	108038	107130	27244	26.5831265508685	DS60
WECC25240	798	22369	15698	4496	19.671679197995	DS60
WECC25241	2803	99735	90393	11755	32.2486621476989	DS60
WECC25242	1503	40853	37826	8836	25.166999334664	DS60
WECC25243	1730	43240	36122	11529	20.8797687861272	DS60
WECC25244	1391	39239	35370	8023	25.4277498202732	DS60
WECC25245	409	8003	7111	1894	17.3863080684597	DS60
WECC25247	1892	73313	59633	12396	31.5184989429176	DS60
WECC25248	533	9093	7469	1979	14.0131332082552	DS60
WECC25249	1801	52000	44386	11161	24.6451971127152	DS60
WECC25251	1644	48181	44336	9719	26.9683698296837	DS60
WECC25253	973	17876	19252	6246	19.7862281603289	DS60
WECC25255	1533	36638	37688	13753	24.5844748858448	DS60
WECC25256	1941	40047	41864	14261	21.5682637815559	DS60
WECC25257	7492	188025	179078	52617	23.9025627335825	DS60
WECC25260	1312	24405	24239	8653	18.4748475609756	DS60
WECC25262	711	17963	17839	5123	25.0900140646976	DS60
WECC25263	1072	20766	18955	5469	17.6819029850746	DS60
WECC25264	830	15844	15940	5845	19.2048192771084	DS60
WECC25265	724	13206	14020	4982	19.3646408839779	DS60
WECC25266	933	23563	20377	4935	21.8403001071811	DS60
WECC25269	1004	21703	20999	6588	20.9153386454183	DS60
WECC25270	1857	42006	42171	12186	22.7092084006462	DS60
WECC25272	1558	30920	28489	10851	18.285622593068	DS60
WECC25273	1791	37577	41221	14044	23.0156337241764	DS60
WECC25274	797	21114	17896	3603	22.4542032622334	DS60
WECC25276	5195	118020	128971	46387	24.8259865255053	DS60
WECC25278	1015	24475	24732	7862	24.3665024630542	DS60
WECC25279	1308	33008	33083	10863	25.2928134556575	DS60
WECC25281	925	20496	17147	5789	18.5372972972973	DS60
WECC25282	4628	124216	116950	31632	25.2700950734659	DS60
WECC25283	3150	70029	72830	22993	23.1206349206349	DS60
WECC25284	1366	41162	33247	9250	24.3389458272328	DS60
WECC25285	1457	34386	33739	8614	23.1564859299931	DS60
WECC25286	1677	37057	38770	14528	23.118664281455	DS60
WECC25287	581	10204	8422	2062	14.4956970740103	DS60
WECC25288	743	13099	11267	3459	15.164199192463	DS60
WECC25289	208	3675	2418	790	11.625	DS60
WECC25290	1043	22368	18355	3628	17.5982742090125	DS60
WECC25291	1401	47088	38879	5766	27.750892219843	DS60
WECC25295	3744	81442	83109	27997	22.1979166666667	DS60
WECC25296	592	11178	9807	2960	16.5658783783784	DS60
WECC25298	880	16893	16168	6189	18.3727272727273	DS60
WECC25299	3931	120691	114526	25238	29.1340625794963	DS60
WECC25300	1070	28748	23776	5252	22.2205607476636	DS60
WECC25301	1126	16817	15904	5423	14.1243339253996	DS60
WECC25304	1780	38428	39311	12735	22.0848314606742	DS60
WECC25305	1269	29718	25783	6435	20.317572892041	DS60
WECC25306	1191	27178	24422	6538	20.5054575986566	DS60
WECC25307	1744	38533	36820	14756	21.1123853211009	DS60
WECC25308	1023	29941	25424	9422	24.852394916911	DS60
WECC25309	639	10091	11738	5040	18.3693270735524	DS60
WECC25311	461	10690	9046	2436	19.6225596529284	DS60
WECC25317	478	7701	5574	1396	11.6610878661088	DS60
WECC25319	1019	31481	27606	5919	27.0912659470069	DS60
WECC25320	1735	40878	38372	13473	22.1164265129683	DS60
WECC25321	690	26766	18293	2681	26.5115942028986	DS60
WECC25323	3968	61493	78536	31549	19.7923387096774	DS60
WECC25324	868	21289	18779	6356	21.6347926267281	DS60
WECC25325	980	14848	14894	5945	15.1979591836735	DS60
WECC25327	677	13730	9658	3437	14.2658788774003	DS60
WECC25328	1913	49238	45195	12266	23.6251960271824	DS60
WECC25329	366	7085	4676	1261	12.775956284153	DS60
WECC25330	2980	56938	65183	25978	21.8734899328859	DS60
WECC25331	1676	34360	38700	13786	23.090692124105	DS60
WECC25332	713	13993	13549	4640	19.0028050490884	DS60
WECC25333	418	8221	7867	2220	18.8205741626794	DS60
WECC25334	1766	35448	37479	14130	21.222536806342	DS60
WECC25335	2538	52972	52959	17819	20.8664302600473	DS60
WECC25336	2105	66994	52864	9741	25.1135391923991	DS60
WECC25337	1400	29385	27725	8613	19.8035714285714	DS60
WECC25338	536	9972	8130	2339	15.1679104477612	DS60
WECC25339	1324	25780	27090	9919	20.4607250755287	DS60
WECC25340	651	17387	14217	4228	21.8387096774194	DS60
WECC25341	1419	32608	31941	10841	22.5095137420719	DS60
WECC25342	1482	31195	30387	11602	20.504048582996	DS60
WECC25343	760	19111	16073	3090	21.1486842105263	DS60
WECC25344	670	11918	11037	3753	16.4731343283582	DS60
WECC25346	2132	46764	45833	18317	21.4976547842402	DS60
WECC25347	977	19190	18893	7705	19.3377686796315	DS60
WECC25349	763	18441	16322	4024	21.391874180865	DS60
WECC25350	641	16241	13579	4194	21.1840873634945	DS60
WECC25352	729	8041	5774	1775	7.92043895747599	DS60
WECC25353	1952	56345	51950	12183	26.6137295081967	DS60
WECC25354	1054	18320	19438	7697	18.4421252371917	DS60
WECC25355	2674	51863	54102	18095	20.2326103216156	DS60
WECC25357	599	11689	11510	4446	19.2153589315526	DS60
WECC25358	794	15581	14857	5292	18.7115869017632	DS60
WECC25359	1054	25763	24837	9275	23.5645161290323	DS60
WECC25360	2023	65383	56700	13999	28.0276816608997	DS60
WECC25361	1055	28113	26870	6428	25.4691943127962	DS60
WECC25362	521	9548	6939	2104	13.3186180422265	DS60
WECC25363	2125	44928	47402	17169	22.3068235294118	DS60
WECC25364	514	6895	7566	2955	14.7198443579767	DS60
WECC25365	2440	57384	54435	20313	22.3094262295082	DS60
WECC25367	1128	23107	22839	7487	20.2473404255319	DS60
WECC25368	780	9553	8747	2957	11.2141025641026	DS60
WECC25369	1779	45153	38598	15083	21.6964586846543	DS60
WECC25370	959	18073	19187	6580	20.007299270073	DS60
WECC25371	599	9757	8372	2496	13.9766277128548	DS60
WECC25372	1692	55486	50567	13408	29.8859338061466	DS60
WECC25373	1393	31071	29071	10578	20.8693467336683	DS60
WECC25374	410	9834	7540	1242	18.390243902439	DS60
WECC25375	1242	30514	29603	8408	23.8349436392915	DS60
WECC25376	610	11320	11181	3805	18.3295081967213	DS60
WECC25377	476	13314	9650	1609	20.2731092436975	DS60
WECC25378	2769	43529	45101	15087	16.2878295413507	DS60
WECC25379	1253	50822	37281	6752	29.7533918595371	DS60
WECC25381	2653	67880	60998	17118	22.9920844327177	DS60
WECC25382	1156	26036	26958	9412	23.3200692041523	DS60
WECC25383	661	16880	12697	3308	19.2087745839637	DS60
WECC25384	477	9891	8847	2030	18.5471698113208	DS60
WECC26001	2796	57008	61770	21388	22.0922746781116	DS60
WECC26003	953	15449	16135	5441	16.9307450157398	DS60
WECC26004	1822	47235	43692	12025	23.980241492865	DS60
WECC26005	1955	41211	40964	13576	20.953452685422	DS60
WECC26006	787	26051	22561	4628	28.6670902160102	DS60
WECC26007	1704	44212	43001	10489	25.2353286384977	DS60
WECC26008	2120	36703	39979	16228	18.8580188679245	DS60
WECC26012	2201	45577	47194	15511	21.442071785552	DS60
WECC26013	690	11957	13668	4913	19.8086956521739	DS60
WECC26014	1060	15205	17585	6386	16.5896226415094	DS60
WECC26015	1179	22556	22014	7851	18.6717557251908	DS60
WECC26016	1727	30543	33810	10841	19.5773016792125	DS60
WECC26019	942	18997	18989	7849	20.1581740976645	DS60
WECC26020	434	8668	6650	2330	15.3225806451613	DS60
WECC26023	1042	23716	23317	6666	22.3771593090211	DS60
WECC26024	1929	36543	41329	14241	21.4250907205806	DS60
WECC26025	634	10314	10347	3605	16.320189274448	DS60
WECC26026	799	18188	16266	4946	20.3579474342929	DS60
WECC26027	1034	22832	19715	7265	19.0667311411992	DS60
WECC26028	402	7621	6021	1169	14.9776119402985	DS60
WECC26030	5465	123647	131361	36121	24.0367795059469	DS60
WECC26032	1844	32063	36479	14715	19.7825379609544	DS60
WECC26033	511	15893	10617	1541	20.7769080234834	DS60
WECC26034	1421	33872	35661	8834	25.0957072484166	DS60
WECC26035	1265	19765	23799	9672	18.8134387351779	DS60
WECC26036	581	11984	9933	2692	17.0963855421687	DS60
WECC26038	1219	33124	28975	5354	23.7694831829368	DS60
WECC26039	1759	29790	30581	11361	17.3854462762933	DS60
WECC26041	733	15909	15386	5511	20.9904502046385	DS60
WECC26042	3806	74165	76136	24021	20.004203888597	DS60
WECC26043	2210	47311	49055	17720	22.1968325791855	DS60
WECC26044	258	5459	3926	1162	15.2170542635659	DS60
WECC26045	2563	50838	58702	17267	22.9036285602809	DS60
WECC26046	794	19547	18804	6242	23.6826196473552	DS60
WECC26047	1044	20057	19088	5818	18.2835249042146	DS60
WECC26048	1302	27637	26556	7559	20.3963133640553	DS60
WECC26050	964	16728	16914	6036	17.545643153527	DS60
WECC26051	3445	71110	72264	21510	20.9764876632801	DS60
WECC26053	732	10242	9794	3358	13.379781420765	DS60
WECC26054	977	19344	18957	6778	19.403275332651	DS60
WECC26058	1179	30506	26505	4960	22.4809160305344	DS60
WECC26059	931	20931	19139	7695	20.5574650912997	DS60
WECC26060	484	10228	8933	2622	18.4566115702479	DS60
WECC26062	1319	29649	29971	8647	22.7225170583776	DS60
WECC26063	1165	26688	25042	8348	21.4952789699571	DS60
WECC26066	2539	44807	50456	19019	19.872390705002	DS60
WECC26067	900	18018	17003	5383	18.8922222222222	DS60
WECC26068	935	17718	19034	6604	20.3572192513369	DS60
WECC26069	528	12391	9771	2122	18.5056818181818	DS60
WECC26070	1061	21270	21700	5655	20.4524033930255	DS60
WECC26071	380	6286	5165	1737	13.5921052631579	DS60
WECC26072	1165	19723	22420	8821	19.244635193133	DS60
WECC26074	1237	24650	24875	7837	20.109135004042	DS60
WECC26076	458	10557	8984	2848	19.6157205240175	DS60
WECC26077	762	16787	16148	5480	21.1916010498688	DS60
WECC26078	506	9921	7787	1900	15.3893280632411	DS60
WECC26080	1452	33077	33656	8081	23.1790633608815	DS60
WECC26081	964	19600	16394	5263	17.00622406639	DS60
WECC26082	917	16903	18499	6242	20.1733914940022	DS60
WECC26083	2301	36934	42086	16607	18.290308561495	DS60
WECC26085	705	11252	11579	4277	16.4241134751773	DS60
WECC26086	745	17818	15718	5008	21.0979865771812	DS60
WECC26089	510	11035	9100	2632	17.843137254902	DS60
WECC26090	580	11372	9863	2742	17.0051724137931	DS60
WECC26091	2079	50734	48833	13487	23.4886964886965	DS60
WECC26092	801	15666	14980	5085	18.7016229712859	DS60
WECC26093	423	6345	5912	2040	13.9763593380615	DS60
WECC26094	949	17361	18106	6427	19.0790305584826	DS60
WECC26095	729	16992	13678	2531	18.7626886145405	DS60
WECC26096	4199	79121	85320	29326	20.3191236008573	DS60
WECC26097	2675	56302	58779	18334	21.9734579439252	DS60
WECC26100	1015	14317	17259	7107	17.0039408866995	DS60
WECC26101	337	5390	5173	1018	15.3501483679525	DS60
WECC26103	782	17977	17616	6385	22.5268542199489	DS60
WECC26104	459	6176	5193	1590	11.3137254901961	DS60
WECC26105	1851	28250	35907	14356	19.3987034035656	DS60
WECC26106	305	5400	3724	847	12.2098360655738	DS60
WECC26107	232	3631	2686	736	11.5775862068966	DS60
WECC26108	369	7585	5469	1183	14.8211382113821	DS60
WECC26110	366	8993	7608	1776	20.7868852459016	DS60
WECC26112	1142	20473	22831	8325	19.992119089317	DS60
WECC26113	4002	88707	87278	25891	21.8085957021489	DS60
WECC26115	507	8876	8732	3340	17.2228796844181	DS60
WECC26117	240	4533	2843	611	11.8458333333333	DS60
WECC26122	390	3908	3369	1227	8.63846153846154	DS60
WECC26123	257	4990	4426	1374	17.2217898832685	DS60
WECC26124	532	13117	10579	2963	19.8853383458647	DS60
WECC26127	350	5091	4119	1144	11.7685714285714	DS60
WECC26128	460	6554	4851	1243	10.545652173913	DS60
WECC26129	167	2338	1603	516	9.59880239520958	DS60
WECC26130	1584	29099	31180	10621	19.6843434343434	DS60
WECC26132	910	15062	16786	6525	18.4461538461538	DS60
WECC26133	555	9347	8637	3054	15.5621621621622	DS60
WECC26134	3002	59033	64778	21802	21.5782811459027	DS60
WECC26135	528	9276	8321	2143	15.7594696969697	DS60
WECC26136	1491	29182	32589	10660	21.8571428571429	DS60
WECC26137	603	11898	11097	3068	18.4029850746269	DS60
WECC26138	1547	34203	34751	10127	22.4634776987718	DS60
WECC26139	569	13075	10339	2518	18.170474516696	DS60
WECC26140	1476	31064	33635	11329	22.7879403794038	DS60
WECC26142	416	6705	6012	2243	14.4519230769231	DS60
WECC26143	1618	35785	35663	10314	22.0414091470952	DS60
WECC26144	383	6891	5787	1817	15.1096605744125	DS60
WECC26145	1001	17834	18662	5875	18.6433566433566	DS60
WECC26146	1631	43329	40476	7815	24.8166768853464	DS60
WECC26147	752	12327	12081	4001	16.0651595744681	DS60
WECC26149	1622	31868	35046	11404	21.6066584463625	DS60
WECC26150	1032	20726	21662	7629	20.9903100775194	DS60
WECC26151	1357	28729	30099	9577	22.1805453205601	DS60
WECC26154	1623	40480	40280	11055	24.8182378311768	DS60
WECC26155	644	9961	10048	3858	15.6024844720497	DS60
WECC26156	341	5589	5152	1693	15.108504398827	DS60
WECC26158	249	4073	3861	1267	15.5060240963855	DS60
WECC26159	1437	31107	29798	10186	20.7362560890745	DS60
WECC26160	1660	32696	34284	13875	20.6530120481928	DS60
WECC26163	754	13827	14142	4522	18.7559681697613	DS60
WECC26164	822	19728	18362	4907	22.338199513382	DS60
WECC26165	805	20168	19529	3915	24.2596273291926	DS60
WECC26166	2982	81633	80120	19770	26.8678739101274	DS60
WECC26169	457	7363	5880	1942	12.8665207877462	DS60
WECC26171	672	14234	14005	5062	20.8407738095238	DS60
WECC26172	450	6760	7462	2699	16.5822222222222	DS60
WECC26173	565	12659	11798	3408	20.8814159292035	DS60
WECC26174	629	11581	12489	4171	19.8553259141494	DS60
WECC26175	680	18431	15520	3148	22.8235294117647	DS60
WECC26177	3408	62924	69437	23576	20.37470657277	DS60
WECC26178	3438	63854	74507	27412	21.6716114019779	DS60
WECC26179	755	14379	14797	4644	19.5986754966887	DS60
WECC26181	824	19456	18212	4784	22.1019417475728	DS60
WECC26182	802	14923	13538	5051	16.8802992518703	DS60
WECC26183	3060	69175	70564	21497	23.0601307189543	DS60
WECC26184	2245	56267	53673	13596	23.9077951002227	DS60
WECC26185	399	8396	6729	1602	16.8646616541353	DS60
WECC26186	2608	63911	62218	15677	23.8565950920245	DS60
WECC26187	1526	33291	34281	10538	22.4646133682831	DS60
WECC26188	521	11543	8583	1857	16.4740882917466	DS60
WECC26189	836	14135	14339	5444	17.1519138755981	DS60
WECC26190	2914	67898	66325	17882	22.7608098833219	DS60
WECC26192	1863	34902	36393	12416	19.5346215780998	DS60
WECC26193	692	17364	16257	4646	23.492774566474	DS60
WECC26195	512	11549	10156	2928	19.8359375	DS60
WECC26196	495	13685	12036	2241	24.3151515151515	DS60
WECC26197	1069	26758	25295	9317	23.6623012160898	DS60
WECC26198	1050	26363	24237	5658	23.0828571428571	DS60
WECC26199	1154	31368	26202	6360	22.7053726169844	DS60
WECC26200	3927	83395	89380	27745	22.7603768780239	DS60
WECC26201	980	21329	22586	7817	23.0469387755102	DS60
WECC26202	485	8260	7140	1948	14.7216494845361	DS60
WECC26203	392	7664	6902	2050	17.6071428571429	DS60
WECC26204	541	10547	10994	2859	20.3216266173752	DS60
WECC26205	835	15117	16196	6311	19.3964071856287	DS60
WECC26206	844	14867	16699	6239	19.7855450236967	DS60
WECC26207	551	11111	10905	2943	19.7912885662432	DS60
WECC26209	610	13703	12097	3256	19.8311475409836	DS60
WECC26211	1199	25053	26279	8492	21.9174311926606	DS60
WECC26212	912	21564	21780	5582	23.8815789473684	DS60
WECC26213	440	5819	5804	2063	13.1909090909091	DS60
WECC26214	789	12963	13676	4833	17.3333333333333	DS60
WECC26215	555	12463	10384	2915	18.7099099099099	DS60
WECC26217	514	5092	3932	1435	7.64980544747082	DS60
WECC26218	624	9304	11365	4896	18.213141025641	DS60
WECC26219	824	14181	15478	5327	18.7839805825243	DS60
WECC26220	486	6071	5361	1554	11.0308641975309	DS60
WECC26222	508	10336	9041	3063	17.7972440944882	DS60
WECC26223	1233	27495	25958	7383	21.0527169505272	DS60
WECC26225	2010	37238	37949	13389	18.8800995024876	DS60
WECC26226	779	18358	17458	3526	22.410783055199	DS60
WECC26229	1756	30964	33912	12458	19.3120728929385	DS60
WECC26230	397	6725	6309	2233	15.8916876574307	DS60
WECC26233	894	18313	16565	5402	18.5290827740492	DS60
WECC26234	1429	32871	33922	12368	23.7382785164451	DS60
WECC26235	553	11269	10237	3495	18.5117540687161	DS60
WECC26236	305	6478	4807	1148	15.7606557377049	DS60
WECC26237	713	20618	17773	2932	24.9270687237027	DS60
WECC26238	393	6296	6174	2254	15.7099236641221	DS60
WECC26239	1069	17226	15722	4392	14.7072029934518	DS60
WECC26240	449	8026	7857	2742	17.4988864142539	DS60
WECC26241	1054	17445	16912	6309	16.0455407969639	DS60
WECC26243	1018	16060	17525	6782	17.2151277013752	DS60
WECC26244	408	6367	5405	1731	13.2475490196078	DS60
WECC26246	1203	30405	32311	7243	26.8586866167914	DS60
WECC26247	490	11660	9563	1869	19.5163265306122	DS60
WECC26248	972	16043	14326	5136	14.738683127572	DS60
WECC26249	1388	31207	29488	9384	21.2449567723343	DS60
WECC26250	798	15832	15349	4763	19.234335839599	DS60
WECC26251	1201	30513	28179	5928	23.4629475437136	DS60
WECC26252	1345	27002	26493	7137	19.6973977695167	DS60
WECC26253	1566	30362	34093	11666	21.7707535121328	DS60
WECC26255	396	7135	5923	1599	14.9570707070707	DS60
WECC26256	1955	37885	44314	15034	22.6670076726343	DS60
WECC26257	2098	42805	38471	12132	18.336987607245	DS60
WECC26258	594	9288	9467	3228	15.9377104377104	DS60
WECC26260	2020	38223	39862	14361	19.7336633663366	DS60
WECC26262	415	7881	7753	2444	18.6819277108434	DS60
WECC26263	964	19536	19375	6845	20.0985477178423	DS60
WECC26264	3344	78317	87840	25300	26.2679425837321	DS60
WECC26266	366	5988	5224	1290	14.2732240437158	DS60
WECC26270	3527	72277	76849	23712	21.7887723277573	DS60
WECC26272	1877	37110	36383	11517	19.3835908364411	DS60
WECC26273	1050	23121	23081	7272	21.9819047619048	DS60
WECC26274	796	15215	15600	4568	19.5979899497487	DS60
WECC26276	908	15658	14621	4098	16.102422907489	DS60
WECC26278	808	18613	16563	4778	20.4987623762376	DS60
WECC26279	1661	31910	34957	11645	21.0457555689344	DS60
WECC26280	2350	48274	51305	17249	21.831914893617	DS60
WECC26281	1445	30217	31132	9452	21.5446366782007	DS60
WECC26283	316	4226	3173	853	10.0411392405063	DS60
WECC26284	454	7451	6823	1737	15.0286343612335	DS60
WECC26285	5520	139664	130028	38149	23.5557971014493	DS60
WECC26286	1025	19199	19027	7108	18.5629268292683	DS60
WECC26287	544	12610	10652	2886	19.5808823529412	DS60
WECC26288	4551	103043	102796	28267	22.587563172929	DS60
WECC26290	828	14897	17791	7029	21.4867149758454	DS60
WECC26291	393	9175	8085	2475	20.5725190839695	DS60
WECC26293	1709	30481	34191	13221	20.0064365125805	DS60
WECC26295	4575	79656	93349	34325	20.4041530054645	DS60
WECC26297	356	7062	6230	2606	17.5	DS60
WECC26298	641	14449	11950	4177	18.6427457098284	DS60
WECC26299	1300	21673	22950	9151	17.6538461538462	DS60
WECC26300	2702	97143	80266	18543	29.7061435973353	DS60
WECC26301	608	14777	12581	4159	20.6924342105263	DS60
WECC26302	419	10734	8420	1985	20.0954653937948	DS60
WECC26303	1309	25678	27995	10020	21.3865546218487	DS60
WECC26304	3853	70343	77726	27733	20.1728523228653	DS60
WECC26305	1252	21928	26838	11077	21.4361022364217	DS60
WECC26306	620	12755	10609	3863	17.1112903225806	DS60
WECC26307	669	18500	15943	4123	23.831091180867	DS60
WECC26308	394	8033	6612	2080	16.7817258883249	DS60
WECC26311	422	7917	7061	2472	16.7322274881517	DS60
WECC26312	580	12534	11056	3691	19.0620689655172	DS60
WECC26314	305	4868	3782	1432	12.4	DS60
WECC26315	710	11886	12254	4372	17.2591549295775	DS60
WECC26316	859	19590	17194	4760	20.0162980209546	DS60
WECC26317	2678	64504	69669	22127	26.0153099327857	DS60
WECC26319	371	7847	6151	1480	16.5795148247978	DS60
WECC26320	689	12890	13138	5036	19.0682148040639	DS60
WECC26322	1020	23886	23128	6363	22.6745098039216	DS60
WECC26323	463	5635	5462	1434	11.7969762419006	DS60
WECC26324	1680	29497	33569	11750	19.9815476190476	DS60
WECC26327	696	12021	11786	3924	16.933908045977	DS60
WECC26329	2193	51532	53363	14835	24.3333333333333	DS60
WECC26330	386	4257	2672	842	6.92227979274611	DS60
WECC26333	242	3712	2683	719	11.0867768595041	DS60
WECC26334	524	7239	5852	1778	11.1679389312977	DS60
WECC26335	1246	21992	23457	8198	18.8258426966292	DS60
WECC26336	866	15442	15618	4781	18.0346420323326	DS60
WECC26337	643	11867	12205	4716	18.9813374805599	DS60
WECC26338	1151	26749	25319	6771	21.997393570808	DS60
WECC26340	1098	20700	22310	8027	20.3187613843352	DS60
WECC26341	1975	42077	43312	14295	21.9301265822785	DS60
WECC26342	580	9559	10950	3804	18.8793103448276	DS60
WECC26343	1239	29285	30321	8937	24.4721549636804	DS60
WECC26344	781	14642	14679	4937	18.7951344430218	DS60
WECC26345	3801	88843	93302	25206	24.546698237306	DS60
WECC26346	533	10139	8728	2818	16.375234521576	DS60
WECC26350	619	10011	9601	3570	15.5105008077544	DS60
WECC26352	1501	35988	34628	11334	23.0699533644237	DS60
WECC26353	3162	74093	70830	21747	22.4003795066414	DS60
WECC26354	386	8038	7009	1752	18.1580310880829	DS60
WECC26355	534	7239	5697	1835	10.6685393258427	DS60
WECC26356	861	16541	15475	5183	17.9732868757259	DS60
WECC26357	361	9290	7064	1950	19.5678670360111	DS60
WECC26358	406	9419	6514	1423	16.0443349753695	DS60
WECC26361	336	6133	5502	1473	16.375	DS60
WECC26363	1163	25696	25107	8216	21.5881341358556	DS60
WECC26364	1393	25776	26650	9408	19.1313711414214	DS60
WECC26366	2381	46004	52983	18374	22.252414951701	DS60
WECC26368	8746	179309	192673	66306	22.0298422135834	DS60
WECC26369	483	14289	10109	1799	20.9296066252588	DS60
WECC26370	5869	122436	135230	38201	23.0414039870506	DS60
WECC26372	2323	50283	50660	18200	21.8080068876453	DS60
WECC26373	800	17035	18179	5669	22.72375	DS60
WECC26375	2369	51306	55446	18138	23.4048121570283	DS60
WECC26376	4126	99727	100629	31867	24.3889966068832	DS60
WECC26378	326	4360	2965	966	9.09509202453988	DS60
WECC26379	2559	61002	55915	17013	21.8503321610004	DS60
WECC26380	354	6747	5042	1360	14.2429378531073	DS60
WECC26381	1859	43221	41879	10027	22.5277030661646	DS60
WECC26382	537	9248	9448	3168	17.5940409683426	DS60
WECC26384	882	17546	16606	4717	18.827664399093	DS60
WECC27001	541	12786	8424	1936	15.5711645101664	DS60
WECC27002	721	11887	10150	3235	14.0776699029126	DS60
WECC27004	807	19877	15807	3750	19.5873605947955	DS60
WECC27005	1352	25645	24665	8382	18.2433431952663	DS60
WECC27007	6862	176317	165427	42803	24.107694549694	DS60
WECC27008	5423	159105	142880	30186	26.3470403835515	DS60
WECC27009	3046	72307	67884	20260	22.2862770847012	DS60
WECC27010	328	4505	2401	713	7.32012195121951	DS60
WECC27012	1570	32500	29754	8372	18.9515923566879	DS60
WECC27013	5638	100400	98521	33500	17.4744590280241	DS60
WECC27015	4752	102599	98435	28646	20.714436026936	DS60
WECC27016	2681	61384	57256	15108	21.3562103692652	DS60
WECC27018	849	20664	16767	4002	19.7491166077739	DS60
WECC27019	1752	39438	37047	10313	21.1455479452055	DS60
WECC27020	1394	30121	27271	7154	19.5631276901004	DS60
WECC27021	1079	23212	22329	6762	20.6941612604263	DS60
WECC27022	2761	65726	56844	14561	20.5881926838102	DS60
WECC27023	1137	25613	22376	5918	19.6798592788039	DS60
WECC27024	961	26940	21956	3581	22.84703433923	DS60
WECC27025	1793	37563	35348	12771	19.7144450641383	DS60
WECC27026	2937	70691	69825	17588	23.7742594484168	DS60
WECC27027	1379	26084	24650	8419	17.8752719361856	DS60
WECC27028	666	14208	11799	2410	17.7162162162162	DS60
WECC27029	1452	27579	26900	8213	18.5261707988981	DS60
WECC27030	3804	97962	92593	21490	24.3409568874869	DS60
WECC27032	3893	82490	79816	24045	20.502440277421	DS60
WECC27033	7701	151588	161999	54756	21.0360992078951	DS60
WECC27034	451	10058	7226	1636	16.0221729490022	DS60
WECC27035	2248	49126	46606	12615	20.732206405694	DS60
WECC27036	1262	27131	25020	7377	19.8256735340729	DS60
WECC27038	511	8716	7665	2544	15	DS60
WECC27039	848	17090	15849	4726	18.689858490566	DS60
WECC27040	1660	28325	28557	10863	17.2030120481928	DS60
WECC27041	2283	47104	45496	14874	19.928164695576	DS60
WECC27042	1503	27496	24887	8008	16.5582168995343	DS60
WECC27043	892	23171	19593	4663	21.9652466367713	DS60
WECC27045	3019	56627	57934	18959	19.1897979463398	DS60
WECC27046	2599	59332	58966	15715	22.6879569065025	DS60
WECC27049	2831	49584	51408	17803	18.1589544330625	DS60
WECC27050	2574	63744	59822	16540	23.2408702408702	DS60
WECC27051	3067	70841	64115	17569	20.9047929572873	DS60
WECC27052	2328	60049	56781	14024	24.3904639175258	DS60
WECC27053	3765	58883	67646	24657	17.9670650730412	DS60
WECC27054	462	11858	10107	2242	21.8766233766234	DS60
WECC27055	1880	35695	37995	12857	20.2101063829787	DS60
WECC27056	1027	17806	17849	5880	17.379746835443	DS60
WECC27058	1005	25131	22031	5137	21.9213930348259	DS60
WECC27060	1953	41314	37984	11233	19.4490527393753	DS60
WECC27062	1252	30256	28391	7464	22.676517571885	DS60
WECC27063	2078	45713	39250	12546	18.888354186718	DS60
WECC27064	1254	28234	23976	5723	19.1196172248804	DS60
WECC27065	1985	41683	40785	12941	20.5465994962217	DS60
WECC27067	692	13944	11870	3497	17.1531791907514	DS60
WECC27068	674	14024	12231	3709	18.146884272997	DS60
WECC27069	1232	18904	21702	8527	17.6152597402597	DS60
WECC27070	1703	44571	41242	7275	24.2172636523782	DS60
WECC27071	1397	39956	34162	7672	24.453829634932	DS60
WECC27072	3281	69997	70027	21100	21.343188052423	DS60
WECC27073	1723	34422	32572	10394	18.9042367962856	DS60
WECC27074	913	19462	18289	4223	20.0317634173056	DS60
WECC27075	1053	17517	15627	5643	14.8404558404558	DS60
WECC27077	2401	41371	44596	15998	18.5739275301958	DS60
WECC27078	599	8723	8366	3159	13.9666110183639	DS60
WECC27079	2001	49165	44224	12009	22.1009495252374	DS60
WECC27080	496	8032	6924	2144	13.9596774193548	DS60
WECC27081	2231	51231	47303	12794	21.2025997310623	DS60
WECC27082	1376	39453	31827	6186	23.1300872093023	DS60
WECC27083	2936	59568	56890	18336	19.3767029972752	DS60
WECC27084	1338	21625	21830	8053	16.3153961136024	DS60
WECC27085	1435	29569	28344	8074	19.7519163763066	DS60
WECC27086	5600	137235	130296	33934	23.2671428571429	DS60
WECC27087	2742	54645	56399	17256	20.5685630926331	DS60
WECC27088	782	15338	12588	4380	16.0971867007673	DS60
WECC27089	1050	27077	21076	3945	20.072380952381	DS60
WECC27090	528	8702	5769	1534	10.9261363636364	DS60
WECC27091	4573	113103	108879	27676	23.8090968729499	DS60
WECC27092	3571	113502	90795	19039	25.4256510781294	DS60
WECC27093	685	11269	10917	3546	15.9372262773723	DS60
WECC27094	1049	20526	19324	6082	18.4213536701621	DS60
WECC27095	2965	79935	73519	15825	24.7956155143339	DS60
WECC27096	4472	87320	94586	31530	21.1507155635063	DS60
WECC27097	3623	90017	88943	23611	24.549544576318	DS60
WECC27098	999	20642	17483	5400	17.5005005005005	DS60
WECC27099	3075	79523	72459	18519	23.5639024390244	DS60
WECC27100	3019	68342	65182	18570	21.5905929115601	DS60
WECC27102	1413	40669	32602	6585	23.0728945506016	DS60
WECC27103	1810	51314	42218	9518	23.324861878453	DS60
WECC27104	1496	37906	33344	9127	22.2887700534759	DS60
WECC27108	4521	96022	94947	29977	21.0013271400133	DS60
WECC27109	2041	37508	36646	12263	17.9549240568349	DS60
WECC27111	1349	39923	33772	6932	25.0348406226835	DS60
WECC27113	840	17836	14487	3745	17.2464285714286	DS60
WECC27114	2199	51375	49251	13588	22.3969986357435	DS60
WECC27116	2546	47758	52319	18000	20.5494893951296	DS60
WECC27117	255	2857	1503	455	5.89411764705882	DS60
WECC27118	1002	16736	11857	3491	11.8333333333333	DS60
WECC27119	1074	29831	24224	5957	22.5549348230913	DS60
WECC27120	1733	53138	46762	7488	26.9832660126948	DS60
WECC27121	3508	76615	77180	21920	22.0011402508552	DS60
WECC27122	1092	19675	18467	5909	16.9111721611722	DS60
WECC27123	1016	25246	22908	4943	22.5472440944882	DS60
WECC27124	615	15103	11930	2584	19.3983739837398	DS60
WECC27126	309	5256	3692	1151	11.9482200647249	DS60
WECC27128	5757	149742	130489	31867	22.6661455619246	DS60
WECC27129	467	10991	8739	1934	18.7130620985011	DS60
WECC27132	1762	45703	41581	9154	23.5987514188422	DS60
WECC27133	2198	54542	50743	12182	23.0859872611465	DS60
WECC27134	758	14576	13720	3709	18.1002638522427	DS60
WECC27136	644	11806	9301	2563	14.4425465838509	DS60
WECC27137	1459	27804	24734	9263	16.9527073337903	DS60
WECC27138	2043	44658	42519	12845	20.8120411160059	DS60
WECC27140	1844	40906	39014	12447	21.1572668112798	DS60
WECC27141	1257	21334	21183	7642	16.8520286396181	DS60
WECC27142	1433	38635	33438	6161	23.334263782275	DS60
WECC27143	2083	52489	48492	12010	23.2798847815651	DS60
WECC27144	540	9450	7851	2698	14.5388888888889	DS60
WECC27145	4287	147079	125488	25422	29.271751807791	DS60
WECC27148	354	6127	5266	1440	14.8757062146893	DS60
WECC27150	2193	54769	50860	12928	23.1919744642043	DS60
WECC27152	1190	27177	24283	6420	20.4058823529412	DS60
WECC27153	2571	71472	64140	13500	24.9474912485414	DS60
WECC27154	1029	20509	20016	6944	19.4518950437318	DS60
WECC27156	752	20939	18186	3386	24.1835106382979	DS60
WECC27158	1655	34957	31888	8496	19.2676737160121	DS60
WECC27159	8248	235683	217367	47321	26.3539039767216	DS60
WECC27160	624	13703	9447	2296	15.1394230769231	DS60
WECC27161	2191	59030	54590	12530	24.9155636695573	DS60
WECC27163	1560	32652	29583	9945	18.9634615384615	DS60
WECC27165	1604	25950	26549	9193	16.5517456359102	DS60
WECC27166	1024	25500	21629	5997	21.1220703125	DS60
WECC27167	927	19321	16144	4694	17.4153182308522	DS60
WECC27169	2638	90971	73955	12199	28.0344958301744	DS60
WECC27170	3291	60693	65659	22212	19.9510786994834	DS60
WECC27171	968	18311	18855	6497	19.478305785124	DS60
WECC27172	1878	35243	32857	12061	17.4957401490948	DS60
WECC27173	1903	43602	40085	12496	21.0641093011035	DS60
WECC27174	2142	42316	41517	13055	19.3823529411765	DS60
WECC27175	2086	50181	46930	12942	22.4976030680729	DS60
WECC27176	3623	87369	80605	22434	22.248136903119	DS60
WECC27177	1090	21884	21183	6534	19.4339449541284	DS60
WECC27178	375	6937	5921	1354	15.7893333333333	DS60
WECC27179	384	7348	6228	2004	16.21875	DS60
WECC27180	1727	36033	37447	10836	21.6832657788072	DS60
WECC27181	1439	28905	28977	10002	20.1369006254343	DS60
WECC27182	2193	40023	38470	14336	17.5421796625627	DS60
WECC27183	426	10296	8140	1881	19.1079812206573	DS60
WECC27184	1199	34649	29751	6931	24.81317764804	DS60
WECC27185	1433	26185	25320	9392	17.6692254012561	DS60
WECC27186	633	12580	10835	3389	17.1169036334913	DS60
WECC27187	3145	65703	65696	20351	20.8890302066773	DS60
WECC27188	1823	47046	42388	9698	23.2517827756445	DS60
WECC27189	435	7008	6544	2090	15.0436781609195	DS60
WECC27190	5284	113153	105476	28059	19.9613928841787	DS60
WECC27191	2556	54105	48498	16222	18.9741784037559	DS60
WECC27192	1325	22871	23679	8131	17.8709433962264	DS60
WECC27193	574	10143	9530	3017	16.602787456446	DS60
WECC27194	2529	49206	32394	9634	12.8090154211151	DS60
WECC27195	2460	60018	54719	15003	22.2434959349593	DS60
WECC27196	2678	55866	55416	18803	20.6930545182972	DS60
WECC27197	1498	26371	28119	9740	18.7710280373832	DS60
WECC27198	3826	106050	87317	24043	22.8220073183481	DS60
WECC27200	4721	111015	103883	27564	22.004448210125	DS60
WECC27201	2098	45992	46731	13656	22.2740705433746	DS60
WECC27202	245	3567	2167	575	8.84489795918367	DS60
WECC27204	2497	49599	50953	17072	20.405686824189	DS60
WECC27205	821	14094	14059	4779	17.1242387332521	DS60
WECC27206	2522	56344	53082	15192	21.0475812846947	DS60
WECC27208	2023	42671	38956	12993	19.256549678695	DS60
WECC27209	1508	54587	50534	6791	33.5106100795756	DS60
WECC27210	1066	23579	22825	6355	21.4118198874296	DS60
WECC27211	1774	45305	38747	10110	21.8416009019166	DS60
WECC27212	2686	76094	69445	14248	25.8544303797468	DS60
WECC27213	691	17310	13733	3888	19.8740955137482	DS60
WECC27214	1011	17248	14103	4614	13.9495548961424	DS60
WECC27215	1872	54967	47224	8715	25.2264957264957	DS60
WECC27216	2011	40163	38663	13200	19.2257583291895	DS60
WECC27217	976	19776	19008	5343	19.4754098360656	DS60
WECC27218	1381	30483	27167	8414	19.6719768283852	DS60
WECC27219	1400	29088	27657	7471	19.755	DS60
WECC27221	1431	26735	28314	9552	19.7861635220126	DS60
WECC27222	1254	25602	22449	6803	17.9019138755981	DS60
WECC27223	1927	42366	36965	11715	19.1826673585885	DS60
WECC27224	6896	152395	147089	41907	21.3296113689095	DS60
WECC27225	2340	80325	71656	11211	30.6222222222222	DS60
WECC27226	1032	23924	21754	5368	21.0794573643411	DS60
WECC27227	815	14738	12581	3846	15.4368098159509	DS60
WECC27229	1169	28921	23727	5072	20.2968349016253	DS60
WECC27230	1318	26007	25198	8158	19.1183611532625	DS60
WECC27231	3360	84181	80727	20256	24.0258928571429	DS60
WECC27232	2824	58780	60267	21096	21.3410056657224	DS60
WECC27233	5457	163315	140134	27081	25.679677478468	DS60
WECC27235	2639	61784	57854	16434	21.9226979916635	DS60
WECC27236	6559	171558	155099	39685	23.6467449306297	DS60
WECC27238	1709	36365	35626	11591	20.8461088355764	DS60
WECC27239	594	11506	9046	2508	15.2289562289562	DS60
WECC27240	1396	30518	26486	7965	18.9727793696275	DS60
WECC27241	737	20414	15312	2785	20.7761194029851	DS60
WECC27242	6127	164704	150544	36653	24.5705891953648	DS60
WECC27243	818	16367	15060	4418	18.4107579462103	DS60
WECC27244	1943	61543	51544	9230	26.5280494081318	DS60
WECC27245	701	13833	12851	3969	18.3323823109843	DS60
WECC27246	1336	24892	19330	5784	14.4685628742515	DS60
WECC27247	5296	164455	142908	33031	26.9841389728097	DS60
WECC27248	911	13053	12603	4086	13.834248079034	DS60
WECC27249	4336	97341	95436	28241	22.010147601476	DS60
WECC27251	1260	28335	25151	6920	19.9611111111111	DS60
WECC27252	3940	86935	83929	23488	21.3017766497462	DS60
WECC27253	1194	29939	27506	6597	23.036850921273	DS60
WECC27255	594	13436	9303	2169	15.6616161616162	DS60
WECC27256	1319	29538	27988	8537	21.2191053828658	DS60
WECC27258	680	16390	13478	3154	19.8205882352941	DS60
WECC27259	2001	53208	49804	12695	24.8895552223888	DS60
WECC27260	784	12556	12768	4362	16.2857142857143	DS60
WECC27261	690	14304	12962	3653	18.7855072463768	DS60
WECC27262	1206	27579	22852	6770	18.9485903814262	DS60
WECC27263	2619	53109	50298	16692	19.205040091638	DS60
WECC27264	5692	170478	153989	31943	27.0535839775123	DS60
WECC27265	1129	24673	22522	6947	19.9486271036315	DS60
WECC27267	1535	32345	31244	9455	20.3543973941368	DS60
WECC27268	2411	53478	49705	14486	20.6159270012443	DS60
WECC27269	575	10634	9853	3478	17.135652173913	DS60
WECC27271	1933	50836	46058	11050	23.8272115882049	DS60
WECC27272	3380	75124	69644	18978	20.6047337278107	DS60
WECC27273	1420	37730	32384	8326	22.8056338028169	DS60
WECC27274	315	4557	2615	746	8.3015873015873	DS60
WECC27275	1032	22024	20890	5680	20.2422480620155	DS60
WECC27276	886	18031	17320	5625	19.548532731377	DS60
WECC27277	803	18629	17170	4916	21.3823163138232	DS60
WECC27278	1505	35665	34194	8325	22.7202657807309	DS60
WECC27280	709	11113	10650	3763	15.0211565585331	DS60
WECC27281	749	15442	13807	4262	18.43391188251	DS60
WECC27282	1651	64976	52798	7291	31.9794064203513	DS60
WECC27283	1256	24522	23055	7799	18.3558917197452	DS60
WECC27284	2109	50309	42957	12805	20.3684210526316	DS60
WECC27285	2114	60393	57237	12082	27.0752128666036	DS60
WECC27286	3036	101570	82437	16799	27.153162055336	DS60
WECC27289	2584	46734	27879	8326	10.7890866873065	DS60
WECC27291	2145	63701	55364	10550	25.8107226107226	DS60
WECC27292	1913	44492	43170	12929	22.5666492420282	DS60
WECC27293	2889	60777	55530	18807	19.2211838006231	DS60
WECC27294	2292	50744	49517	14867	21.6042757417103	DS60
WECC27295	1237	22259	21288	7249	17.2093775262732	DS60
WECC27296	429	7504	5641	1897	13.1491841491842	DS60
WECC27297	736	17090	13250	3384	18.0027173913043	DS60
WECC27298	1913	34011	33239	11851	17.3753267119707	DS60
WECC27299	3062	68689	64876	22899	21.1874591770085	DS60
WECC27300	1049	30358	25796	5883	24.5910390848427	DS60
WECC27301	6052	142724	135126	38203	22.327495042961	DS60
WECC27302	578	12986	10365	2989	17.9325259515571	DS60
WECC27303	1774	37793	36524	11653	20.5885005636979	DS60
WECC27304	1461	26223	25402	8505	17.3867214236824	DS60
WECC27305	2785	50868	53000	20154	19.0305206463196	DS60
WECC27306	1865	57399	46417	10997	24.888471849866	DS60
WECC27307	260	4520	2733	722	10.5115384615385	DS60
WECC27308	2412	48225	49822	17256	20.6558872305141	DS60
WECC27309	836	15816	15357	5486	18.3696172248804	DS60
WECC27311	997	21736	20207	5607	20.2678034102307	DS60
WECC27312	3781	92247	88987	24697	23.5353081195451	DS60
WECC27313	1357	26038	24070	8274	17.7376565954311	DS60
WECC27315	727	16930	14549	2970	20.0123796423659	DS60
WECC27317	592	11591	8695	2011	14.6875	DS60
WECC27319	2618	45608	45960	14685	17.5553857906799	DS60
WECC27320	3685	94882	89172	22849	24.1986431478969	DS60
WECC27321	1871	37450	33189	11359	17.7386424371994	DS60
WECC27322	4464	107707	100059	28847	22.4146505376344	DS60
WECC27323	2419	50010	49214	12458	20.3447705663497	DS60
WECC27324	2057	44938	43156	11340	20.980068060282	DS60
WECC27325	1121	24160	21215	5947	18.9250669045495	DS60
WECC27326	3343	71886	70875	20935	21.2010170505534	DS60
WECC27327	1323	22977	21523	6393	16.2683295540438	DS60
WECC27328	808	14918	12931	4014	16.0037128712871	DS60
WECC27329	952	21679	18422	4584	19.3508403361345	DS60
WECC27330	4447	136024	108107	26754	24.3100966944007	DS60
WECC27331	1873	46154	42067	9667	22.4596903363588	DS60
WECC27332	910	18925	18841	6183	20.7043956043956	DS60
WECC27333	829	14457	12435	4409	15	DS60
WECC27334	997	16423	16324	5670	16.3731193580742	DS60
WECC27335	2380	57875	53023	12081	22.2785714285714	DS60
WECC27336	2668	75296	61060	11186	22.8860569715142	DS60
WECC27337	1020	24398	20788	4342	20.3803921568627	DS60
WECC27338	725	14687	12685	4070	17.4965517241379	DS60
WECC27339	723	15525	12287	2796	16.9944674965422	DS60
WECC27340	2410	59072	54100	14189	22.448132780083	DS60
WECC27341	1537	30532	31875	10558	20.7384515289525	DS60
WECC27342	689	12936	8670	2535	12.5834542815675	DS60
WECC27343	2247	49035	44411	11632	19.7645749888741	DS60
WECC27344	730	15517	12654	3336	17.3342465753425	DS60
WECC27346	1073	24246	21024	5876	19.5936626281454	DS60
WECC27348	1056	23839	20948	6124	19.8371212121212	DS60
WECC27350	2319	80379	68174	9931	29.3980163863734	DS60
WECC27351	499	10788	9162	2165	18.3607214428858	DS60
WECC27353	2363	48641	45271	13674	19.158273381295	DS60
WECC27354	1370	32501	30778	8570	22.4656934306569	DS60
WECC27355	2007	27526	30880	12036	15.3861484803189	DS60
WECC27356	1888	45442	43615	11623	23.1011652542373	DS60
WECC27357	1616	27391	27699	10516	17.1404702970297	DS60
WECC27358	3630	76262	77727	23091	21.4123966942149	DS60
WECC27359	1985	51633	42345	11360	21.3324937027708	DS60
WECC27360	3005	61853	61557	19809	20.4848585690516	DS60
WECC27361	1610	35076	35559	10038	22.0863354037267	DS60
WECC27362	2178	49852	46797	14621	21.4862258953168	DS60
WECC27363	3035	71138	68138	19758	22.4507413509061	DS60
WECC27364	1867	36718	36336	9981	19.4622388859132	DS60
WECC27366	1701	34470	34086	10836	20.0388007054674	DS60
WECC27367	1585	26777	29915	10757	18.8738170347003	DS60
WECC27368	4008	86450	82796	25021	20.6576846307385	DS60
WECC27369	2399	54959	53209	15769	22.1796581909129	DS60
WECC27371	993	19215	16972	4903	17.091641490433	DS60
WECC27372	942	21761	20238	5881	21.484076433121	DS60
WECC27373	918	20803	17255	4676	18.7962962962963	DS60
WECC27374	464	7919	6494	1948	13.9956896551724	DS60
WECC27375	614	11466	8089	2194	13.1742671009772	DS60
WECC27376	1267	24718	26000	8359	20.5209155485399	DS60
WECC27377	3700	74646	80745	26231	21.822972972973	DS60
WECC27379	1780	41789	33877	9487	19.0320224719101	DS60
WECC27380	2129	44556	41281	13833	19.3898543917332	DS60
WECC27381	2710	58529	56496	16339	20.8472324723247	DS60
WECC27384	1791	40239	37736	9593	21.069793411502	DS60
WECC28001	1303	7345	6829	2350	5.24098234842671	DS60
WECC28002	815	4703	3701	1360	4.54110429447853	DS60
WECC28003	363	2807	1506	411	4.14876033057851	DS60
WECC28004	633	4299	2800	916	4.42338072669826	DS60
WECC28005	371	3063	1910	414	5.14824797843666	DS60
WECC28006	524	3646	1858	649	3.54580152671756	DS60
WECC28007	445	2858	1752	552	3.93707865168539	DS60
WECC28008	576	3589	2182	781	3.78819444444444	DS60
WECC28009	428	3253	1984	552	4.63551401869159	DS60
WECC28010	277	1686	627	239	2.26353790613718	DS60
WECC28011	254	1493	798	277	3.14173228346457	DS60
WECC28012	694	3785	3069	988	4.42219020172911	DS60
WECC28013	522	2813	2233	786	4.27777777777778	DS60
WECC28014	622	3588	2682	997	4.31189710610933	DS60
WECC28015	469	2781	1930	712	4.11513859275053	DS60
WECC28016	349	2186	1407	430	4.03151862464183	DS60
WECC28017	80	619	207	69	2.5875	DS60
WECC28018	655	4008	3223	1140	4.9206106870229	DS60
WECC28019	277	2092	1119	351	4.03971119133574	DS60
WECC28020	291	1601	787	288	2.70446735395189	DS60
WECC28021	525	3168	2465	855	4.6952380952381	DS60
WECC28022	591	3666	3181	1069	5.3824027072758	DS60
WECC28023	862	4838	3928	1408	4.55684454756381	DS60
WECC28024	344	2237	1320	444	3.83720930232558	DS60
WECC28025	1250	9754	8982	2144	7.1856	DS60
WECC28026	1473	8631	8491	2590	5.76442634080109	DS60
WECC28027	811	4695	3683	1301	4.54130702836005	DS60
WECC28028	385	2718	1641	473	4.26233766233766	DS60
WECC28029	337	2029	1126	382	3.34124629080119	DS60
WECC28030	553	3637	2710	785	4.9005424954792	DS60
WECC28031	463	3566	2318	642	5.00647948164147	DS60
WECC28032	283	1720	875	301	3.09187279151944	DS60
WECC28033	841	4618	3042	1116	3.61712247324614	DS60
WECC28034	580	3582	2594	900	4.47241379310345	DS60
WECC28035	870	6526	5194	1588	5.97011494252874	DS60
WECC28036	652	3148	2429	986	3.72546012269939	DS60
WECC28037	688	4398	3478	1118	5.05523255813954	DS60
WECC28038	842	5457	4310	1383	5.1187648456057	DS60
WECC28039	431	2854	1327	470	3.07888631090487	DS60
WECC28040	822	5093	4301	1382	5.2323600973236	DS60
WECC28041	703	3555	2628	967	3.73826458036984	DS60
WECC28042	295	1977	936	347	3.1728813559322	DS60
WECC28043	836	7701	5661	1213	6.77153110047847	DS60
WECC28044	742	5857	5165	1263	6.96091644204852	DS60
WECC28045	414	2524	1319	475	3.18599033816425	DS60
WECC28046	529	3246	2648	911	5.00567107750473	DS60
WECC28047	616	4191	3470	955	5.63311688311688	DS60
WECC28048	534	3295	2241	801	4.19662921348315	DS60
WECC28049	327	2323	1100	356	3.36391437308869	DS60
WECC28050	781	4200	3230	1200	4.13572343149808	DS60
WECC28051	655	3426	2780	958	4.24427480916031	DS60
WECC28052	359	2672	1886	449	5.25348189415042	DS60
WECC28053	1010	6940	5328	1671	5.27524752475248	DS60
WECC28054	674	5502	4006	1004	5.94362017804154	DS60
WECC28055	425	3137	2065	581	4.85882352941176	DS60
WECC28056	484	2745	2060	698	4.25619834710744	DS60
WECC28057	478	3441	1383	507	2.89330543933054	DS60
WECC28058	455	2845	1942	689	4.26813186813187	DS60
WECC28059	307	2215	1122	391	3.65472312703583	DS60
WECC28060	284	1856	963	330	3.39084507042254	DS60
WECC28061	662	4204	3350	1151	5.06042296072508	DS60
WECC28062	468	3000	2003	722	4.27991452991453	DS60
WECC28063	394	2582	1476	481	3.74619289340102	DS60
WECC28064	552	4404	3014	771	5.46014492753623	DS60
WECC28065	404	2417	1703	646	4.21534653465347	DS60
WECC28066	428	2863	1263	494	2.95093457943925	DS60
WECC28067	416	3116	1396	471	3.35576923076923	DS60
WECC28068	656	3166	2848	1076	4.34146341463415	DS60
WECC28069	941	7317	6066	1486	6.44633368756642	DS60
WECC28070	432	3013	2103	617	4.86805555555556	DS60
WECC28071	413	2717	1434	489	3.47215496368039	DS60
WECC28072	498	3600	2679	668	5.37951807228916	DS60
WECC28073	358	2356	1351	409	3.77374301675978	DS60
WECC28074	565	3787	2595	845	4.5929203539823	DS60
WECC28075	436	2834	1977	583	4.53440366972477	DS60
WECC28076	258	1624	831	288	3.22093023255814	DS60
WECC28077	309	2107	1171	325	3.78964401294498	DS60
WECC28078	371	2155	1434	465	3.86522911051213	DS60
WECC28079	474	3151	2143	605	4.5210970464135	DS60
WECC28080	427	2854	2044	519	4.78688524590164	DS60
WECC28081	551	3886	2252	746	4.08711433756806	DS60
WECC28082	1484	11419	9417	2655	6.34568733153639	DS60
WECC28083	1436	9115	7593	2538	5.28760445682451	DS60
WECC28084	2235	12949	11607	3991	5.19328859060403	DS60
WECC28085	321	2130	1256	419	3.91277258566978	DS60
WECC28086	1118	7525	6333	1856	5.66457960644007	DS60
WECC28087	805	4654	4281	1349	5.31801242236025	DS60
WECC28088	1881	11818	11144	3601	5.92450824029771	DS60
WECC28089	610	3887	2581	814	4.23114754098361	DS60
WECC28090	697	3810	2804	1041	4.02295552367288	DS60
WECC28091	550	4603	2896	640	5.26545454545455	DS60
WECC28092	517	3529	2167	583	4.19148936170213	DS60
WECC28093	544	5774	3611	700	6.63786764705882	DS60
WECC28094	438	2683	1902	627	4.34246575342466	DS60
WECC28095	398	2749	1728	494	4.34170854271357	DS60
WECC28096	227	1021	665	234	2.9295154185022	DS60
WECC28097	902	5515	5001	1652	5.54434589800443	DS60
WECC28098	448	2859	1796	652	4.00892857142857	DS60
WECC28099	314	2207	1531	376	4.87579617834395	DS60
WECC28100	224	1304	845	274	3.77232142857143	DS60
WECC28101	265	1434	1160	369	4.37735849056604	DS60
WECC28102	375	2617	1679	496	4.47733333333333	DS60
WECC28103	884	5745	4890	1471	5.5316742081448	DS60
WECC28104	453	2701	1993	658	4.39955849889625	DS60
WECC28105	236	1200	685	252	2.90254237288136	DS60
WECC28106	271	1611	880	306	3.24723247232472	DS60
WECC28108	389	2239	1752	533	4.50385604113111	DS60
WECC28109	590	3963	3258	1019	5.52203389830509	DS60
WECC28110	385	2785	2138	579	5.55324675324675	DS60
WECC28111	220	1466	790	234	3.59090909090909	DS60
WECC28112	269	1924	1406	380	5.22676579925651	DS60
WECC28113	514	2578	2136	812	4.1556420233463	DS60
WECC28114	255	1468	732	254	2.87058823529412	DS60
WECC28115	726	4518	3573	1272	4.92148760330579	DS60
WECC28116	243	1264	860	306	3.53909465020576	DS60
WECC28117	226	1196	637	218	2.81858407079646	DS60
WECC28118	276	1599	1066	394	3.86231884057971	DS60
WECC28119	471	2669	2274	783	4.82802547770701	DS60
WECC28120	385	2610	1837	549	4.77142857142857	DS60
WECC28121	452	2396	1714	643	3.79203539823009	DS60
WECC28122	246	1309	698	254	2.83739837398374	DS60
WECC28123	838	7612	6218	1257	7.4200477326969	DS60
WECC28124	875	5872	5241	1614	5.98971428571429	DS60
WECC28125	222	1502	924	229	4.16216216216216	DS60
WECC28126	378	2487	1780	546	4.70899470899471	DS60
WECC28127	310	1731	1134	408	3.65806451612903	DS60
WECC28128	330	2277	1295	401	3.92424242424242	DS60
WECC28129	392	2331	1922	620	4.9030612244898	DS60
WECC28130	307	1639	1149	406	3.74267100977199	DS60
WECC28131	157	964	355	133	2.26114649681529	DS60
WECC28132	576	2718	2696	1025	4.68055555555556	DS60
WECC28133	464	3613	2651	698	5.71336206896552	DS60
WECC28134	244	1860	1187	322	4.86475409836066	DS60
WECC28135	851	5247	5215	1473	6.12808460634548	DS60
WECC28136	294	1629	1048	364	3.56462585034014	DS60
WECC28137	170	1019	439	151	2.58235294117647	DS60
WECC28138	1211	7269	6575	2173	5.42939719240297	DS60
WECC28139	277	1965	1203	328	4.34296028880866	DS60
WECC28140	376	2554	1752	579	4.65957446808511	DS60
WECC28141	301	2564	1175	384	3.90365448504983	DS60
WECC28142	244	1708	959	277	3.93032786885246	DS60
WECC28143	996	4930	4718	1718	4.73694779116466	DS60
WECC28144	289	1992	1195	404	4.13494809688581	DS60
WECC28145	311	1809	1010	352	3.2475884244373	DS60
WECC28146	900	6429	5674	1528	6.30444444444444	DS60
WECC28147	228	1408	766	261	3.35964912280702	DS60
WECC28148	720	4302	3682	1236	5.11388888888889	DS60
WECC28149	187	969	630	218	3.36898395721925	DS60
WECC28150	979	5763	4697	1562	4.79775280898876	DS60
WECC28151	1145	7364	6642	2220	5.80087336244542	DS60
WECC28152	526	3401	2749	859	5.22623574144487	DS60
WECC28153	757	4040	3668	1370	4.84544253632761	DS60
WECC28154	299	2115	1127	333	3.76923076923077	DS60
WECC28155	521	3865	3307	781	6.34740882917466	DS60
WECC28156	283	1445	965	365	3.40989399293286	DS60
WECC28157	118	559	158	49	1.33898305084746	DS60
WECC28158	198	1127	718	247	3.62626262626263	DS60
WECC28159	739	5529	4432	1160	5.99729364005413	DS60
WECC28160	349	2275	1552	495	4.44699140401146	DS60
WECC28161	280	1538	835	293	2.98214285714286	DS60
WECC28162	223	1713	942	304	4.22421524663677	DS60
WECC28163	706	4475	3777	1239	5.34985835694051	DS60
WECC28164	379	2410	1700	546	4.48548812664908	DS60
WECC28165	727	5104	3941	1365	5.42090784044017	DS60
WECC28166	228	1348	836	273	3.66666666666667	DS60
WECC28167	595	4336	3418	960	5.74453781512605	DS60
WECC28168	685	3736	2857	1024	4.17080291970803	DS60
WECC28169	342	2038	1231	446	3.59941520467836	DS60
WECC28170	262	1517	786	274	3	DS60
WECC28171	1254	8864	7881	2189	6.28468899521531	DS60
WECC28172	1483	14695	11864	2480	8	DS60
WECC28173	499	2699	2307	888	4.62324649298597	DS60
WECC28174	514	3787	3052	802	5.93774319066148	DS60
WECC28175	238	1505	843	271	3.54201680672269	DS60
WECC28176	774	6040	4851	1390	6.26744186046512	DS60
WECC28177	359	2118	1343	500	3.74094707520891	DS60
WECC28178	657	2702	2588	1119	3.93911719939117	DS60
WECC28179	338	2244	1488	434	4.40236686390533	DS60
WECC28180	642	3531	2983	1019	4.64641744548287	DS60
WECC28181	364	2362	1907	640	5.23901098901099	DS60
WECC28182	1199	6988	6207	2303	5.1768140116764	DS60
WECC28183	370	2747	1962	556	5.3027027027027	DS60
WECC28184	353	2293	1385	420	3.92351274787535	DS60
WECC28185	1005	5278	4815	1743	4.7910447761194	DS60
WECC28186	469	2868	1876	645	4	DS60
WECC28187	384	2316	1570	555	4.08854166666667	DS60
WECC28188	379	2682	1739	552	4.58839050131926	DS60
WECC28189	1720	14433	4972	1907	2.89069767441861	DS60
WECC28190	756	5801	4186	1091	5.53703703703704	DS60
WECC28191	756	4875	4079	1254	5.39550264550265	DS60
WECC28192	810	5947	4968	1381	6.13333333333333	DS60
WECC28193	352	2002	1446	528	4.10795454545455	DS60
WECC28194	490	3144	2183	753	4.45510204081633	DS60
WECC28195	436	2356	1707	622	3.9151376146789	DS60
WECC28196	387	2468	1597	534	4.1266149870801	DS60
WECC28197	296	1575	921	354	3.11148648648649	DS60
WECC28198	367	2933	1724	465	4.69754768392371	DS60
WECC28199	426	3402	1730	517	4.06103286384977	DS60
WECC28200	627	5202	3726	863	5.94258373205742	DS60
WECC28201	237	1566	777	286	3.27848101265823	DS60
WECC28202	624	3839	3155	995	5.05608974358974	DS60
WECC28203	554	4017	2901	828	5.23646209386282	DS60
WECC28204	1007	7289	6538	1791	6.49255213505462	DS60
WECC28205	449	2079	1844	680	4.10690423162584	DS60
WECC28206	460	2573	1746	684	3.79565217391304	DS60
WECC28207	505	3765	2793	738	5.53069306930693	DS60
WECC28208	699	3429	2986	1129	4.27181688125894	DS60
WECC28209	285	1764	998	336	3.50175438596491	DS60
WECC28210	482	2892	1796	623	3.72614107883817	DS60
WECC28211	925	6089	4831	1601	5.2227027027027	DS60
WECC28212	378	2923	1930	546	5.10582010582011	DS60
WECC28213	817	4443	3883	1491	4.75275397796818	DS60
WECC28214	354	2301	1525	481	4.30790960451977	DS60
WECC28215	546	4148	2904	789	5.31868131868132	DS60
WECC28216	1366	9768	8157	2282	5.97144948755491	DS60
WECC28217	295	1480	1352	513	4.58305084745763	DS60
WECC28218	269	1832	998	328	3.71003717472119	DS60
WECC28219	352	1995	1087	371	3.08806818181818	DS60
WECC28220	735	4193	3626	1283	4.93333333333333	DS60
WECC28221	654	3766	3069	1066	4.69266055045872	DS60
WECC28222	350	2449	1354	406	3.86857142857143	DS60
WECC28223	495	3543	2410	697	4.86868686868687	DS60
WECC28224	1020	5561	4728	1759	4.63529411764706	DS60
WECC28225	378	2386	1343	446	3.55291005291005	DS60
WECC28226	730	5163	3821	1103	5.23424657534247	DS60
WECC28227	438	3108	1877	595	4.28538812785388	DS60
WECC28228	239	1828	607	206	2.5397489539749	DS60
WECC28229	1006	6985	6075	1752	6.03876739562624	DS60
WECC28230	907	5028	4523	1476	4.98676957001103	DS60
WECC28231	647	4284	3278	989	5.06646058732612	DS60
WECC28232	3623	22388	21235	6953	5.86116478056859	DS60
WECC28233	461	2527	1688	629	3.66160520607375	DS60
WECC28234	263	1591	821	278	3.12167300380228	DS60
WECC28235	749	4165	3714	1290	4.95861148197597	DS60
WECC28236	462	2778	1901	578	4.11471861471861	DS60
WECC28237	412	2844	2028	537	4.92233009708738	DS60
WECC28238	473	2901	1924	638	4.0676532769556	DS60
WECC28239	893	5415	5262	1671	5.89249720044793	DS60
WECC28240	440	3245	2121	608	4.82045454545455	DS60
WECC28241	486	3091	1804	672	3.7119341563786	DS60
WECC28242	626	3435	2561	917	4.09105431309904	DS60
WECC28243	511	3381	2615	777	5.1174168297456	DS60
WECC28244	1338	8834	7414	2474	5.54110612855008	DS60
WECC28245	238	1411	659	229	2.76890756302521	DS60
WECC28246	295	2035	1189	375	4.03050847457627	DS60
WECC28247	769	5503	4477	1301	5.82184655396619	DS60
WECC28248	979	6517	5569	1711	5.68845760980593	DS60
WECC28249	765	6368	4493	1137	5.87320261437909	DS60
WECC28250	1120	5155	4465	1768	3.98660714285714	DS60
WECC28251	557	3735	2524	801	4.53141831238779	DS60
WECC28252	379	2532	1448	472	3.82058047493404	DS60
WECC28253	268	1398	831	282	3.10074626865672	DS60
WECC28254	198	1352	512	185	2.58585858585859	DS60
WECC28255	433	3565	2834	640	6.54503464203233	DS60
WECC28256	459	2802	1924	654	4.1917211328976	DS60
WECC28257	491	2915	1913	666	3.89613034623218	DS60
WECC28258	704	4063	3475	1239	4.93607954545455	DS60
WECC28259	616	4282	3561	1106	5.78084415584416	DS60
WECC28260	285	2044	845	289	2.96491228070175	DS60
WECC28261	939	5373	4133	1486	4.40149094781683	DS60
WECC28262	590	4343	3353	965	5.68305084745763	DS60
WECC28263	282	1897	964	306	3.41843971631206	DS60
WECC28264	1033	6177	4892	1732	4.73572120038722	DS60
WECC28265	331	2327	1366	442	4.12688821752266	DS60
WECC28266	861	4711	4546	1469	5.27990708478513	DS60
WECC28267	355	2024	1245	428	3.50704225352113	DS60
WECC28268	338	2068	1418	423	4.19526627218935	DS60
WECC28269	530	3486	2432	813	4.58867924528302	DS60
WECC28270	1501	10335	9095	2614	6.05929380413058	DS60
WECC28271	437	3701	2273	604	5.20137299771167	DS60
WECC28272	528	3154	2609	894	4.94128787878788	DS60
WECC28273	374	2498	1346	445	3.59893048128342	DS60
WECC28274	317	2033	1109	370	3.49842271293375	DS60
WECC28275	704	5152	4206	1126	5.97443181818182	DS60
WECC28276	1750	11582	10652	3255	6.08685714285714	DS60
WECC28277	503	3747	2850	797	5.66600397614314	DS60
WECC28278	921	7484	6151	1651	6.6786102062975	DS60
WECC28279	740	4302	3548	1234	4.7945945945946	DS60
WECC28280	263	1833	984	289	3.74144486692015	DS60
WECC28281	274	2077	1142	305	4.16788321167883	DS60
WECC28282	369	2012	1381	480	3.74254742547425	DS60
WECC28283	889	5276	4994	1644	5.61754780652418	DS60
WECC28284	947	6875	5305	1479	5.60190073917635	DS60
WECC28285	458	3494	2235	597	4.87991266375546	DS60
WECC28286	951	6546	5842	1768	6.14300736067298	DS60
WECC28287	487	3950	2697	703	5.53798767967146	DS60
WECC28288	329	2333	1355	445	4.11854103343465	DS60
WECC28289	215	1362	569	218	2.64651162790698	DS60
WECC28291	663	4620	3398	1102	5.12518853695324	DS60
WECC28292	269	1535	977	360	3.63197026022305	DS60
WECC28293	332	2177	1209	421	3.64156626506024	DS60
WECC28294	249	1518	930	300	3.73493975903614	DS60
WECC28295	267	1620	994	341	3.72284644194757	DS60
WECC28296	702	4450	3708	1209	5.28205128205128	DS60
WECC28297	549	3125	2771	878	5.04735883424408	DS60
WECC28298	254	1658	937	288	3.68897637795276	DS60
WECC28299	269	1412	946	307	3.51672862453532	DS60
WECC28300	435	3066	2022	640	4.64827586206897	DS60
WECC28301	538	3543	2199	764	4.08736059479554	DS60
WECC28302	274	1799	1190	316	4.34306569343066	DS60
WECC28303	298	2240	1067	355	3.58053691275168	DS60
WECC28304	534	3669	2591	806	4.85205992509363	DS60
WECC28305	414	3003	1913	531	4.6207729468599	DS60
WECC28306	459	2622	2225	727	4.84749455337691	DS60
WECC28307	253	1681	841	268	3.32411067193676	DS60
WECC28308	900	5663	4970	1580	5.52222222222222	DS60
WECC28309	532	2593	2596	941	4.8796992481203	DS60
WECC28310	248	1445	776	278	3.12903225806452	DS60
WECC28311	564	3783	3204	1025	5.68085106382979	DS60
WECC28312	464	3331	2157	668	4.64870689655172	DS60
WECC28313	363	2380	1324	446	3.64738292011019	DS60
WECC28314	150	946	436	165	2.90666666666667	DS60
WECC28315	230	1479	658	230	2.86086956521739	DS60
WECC28316	252	1386	906	325	3.5952380952381	DS60
WECC28317	547	3998	3231	893	5.90676416819013	DS60
WECC28318	252	1636	829	265	3.28968253968254	DS60
WECC28319	596	3233	2779	961	4.66275167785235	DS60
WECC28320	1168	9090	8064	1976	6.9041095890411	DS60
WECC28321	307	1818	943	345	3.07166123778502	DS60
WECC28322	728	4349	3555	1244	4.88324175824176	DS60
WECC28323	246	1517	795	268	3.23170731707317	DS60
WECC28324	311	1779	1267	424	4.07395498392283	DS60
WECC28325	290	1524	880	284	3.03448275862069	DS60
WECC28326	272	1606	1039	405	3.81985294117647	DS60
WECC28327	786	5060	4110	1224	5.22900763358779	DS60
WECC28328	280	1591	912	348	3.25714285714286	DS60
WECC28329	925	4843	4396	1539	4.75243243243243	DS60
WECC28330	397	2593	1496	453	3.76826196473552	DS60
WECC28331	505	3612	2486	688	4.92277227722772	DS60
WECC28332	747	4556	4060	1267	5.43507362784471	DS60
WECC28333	521	3342	2499	797	4.79654510556622	DS60
WECC28334	1407	8171	7782	2676	5.53091684434968	DS60
WECC28335	765	5354	4082	1154	5.3359477124183	DS60
WECC28336	595	2901	2425	915	4.07563025210084	DS60
WECC28337	798	4121	3371	1265	4.22431077694236	DS60
WECC28338	972	7814	6636	1617	6.82716049382716	DS60
WECC28339	627	3563	3012	1015	4.80382775119617	DS60
WECC28340	1615	9614	9000	2853	5.57275541795666	DS60
WECC28341	348	2380	1662	459	4.77586206896552	DS60
WECC28342	221	1347	739	244	3.34389140271493	DS60
WECC28343	886	6943	5397	1442	6.09142212189616	DS60
WECC28344	249	1529	958	301	3.84738955823293	DS60
WECC28345	1090	6924	6182	1945	5.67155963302752	DS60
WECC28346	339	2123	1098	379	3.23893805309735	DS60
WECC28347	329	2268	1582	453	4.80851063829787	DS60
WECC28348	214	1241	652	201	3.04672897196262	DS60
WECC28349	428	2455	1859	691	4.34345794392523	DS60
WECC28350	2222	16072	14403	3840	6.48199819981998	DS60
WECC28351	458	3293	2293	768	5.00655021834061	DS60
WECC28352	720	5067	3683	1064	5.11527777777778	DS60
WECC28353	434	2868	2182	629	5.02764976958525	DS60
WECC28354	600	4627	3591	862	5.985	DS60
WECC28355	436	2466	1676	576	3.84403669724771	DS60
WECC28356	452	2365	1914	671	4.23451327433628	DS60
WECC28357	716	4018	3424	1223	4.78212290502793	DS60
WECC28358	1287	7938	7276	2141	5.65345765345765	DS60
WECC28359	384	2922	1977	560	5.1484375	DS60
WECC28360	280	1578	993	340	3.54642857142857	DS60
WECC28361	365	2432	1896	490	5.19452054794521	DS60
WECC28362	862	4485	4109	1456	4.76682134570766	DS60
WECC28363	1030	5527	4764	1753	4.6252427184466	DS60
WECC28364	603	3274	2960	1003	4.90878938640133	DS60
WECC28365	421	2789	2259	651	5.36579572446556	DS60
WECC28366	578	3751	3138	940	5.42906574394464	DS60
WECC28367	1555	11001	9103	2823	5.8540192926045	DS60
WECC28368	1050	6424	5045	1811	4.80476190476191	DS60
WECC28369	483	2382	1711	685	3.54244306418219	DS60
WECC28370	517	3911	2872	733	5.55512572533849	DS60
WECC28371	249	1385	661	219	2.65461847389558	DS60
WECC28372	826	5853	5070	1410	6.13801452784504	DS60
WECC28373	1377	11000	9607	2516	6.97676107480029	DS60
WECC28374	1253	7282	6978	2191	5.56903431763767	DS60
WECC28375	817	6334	5120	1419	6.26682986536108	DS60
WECC28376	1591	10317	9737	2940	6.12005028284098	DS60
WECC28377	539	2985	2341	861	4.34322820037106	DS60
WECC28378	1963	11105	10357	3642	5.2761079979623	DS60
WECC28379	1674	11251	9892	3102	5.90919952210275	DS60
WECC28380	4614	33269	30201	8880	6.54551365409623	DS60
WECC28381	1059	7077	6838	2403	6.45703493862134	DS60
WECC28382	324	1907	1089	377	3.36111111111111	DS60
WECC28383	380	2299	1385	514	3.64473684210526	DS60
WECC28384	222	1321	805	242	3.62612612612613	DS60
WECC29001	914	10201	8638	2059	9.4507658643326	DS60
WECC29003	548	5283	4232	1230	7.72262773722628	DS60
WECC29006	1386	18409	16369	3708	11.8102453102453	DS60
WECC29007	755	14560	12158	1613	16.1033112582781	DS60
WECC29008	2193	40768	31841	5711	14.5193798449612	DS60
WECC29009	2658	33592	31320	7927	11.7832957110609	DS60
WECC29010	206	1551	1096	368	5.32038834951456	DS60
WECC29011	1210	14804	13539	3318	11.1892561983471	DS60
WECC29012	1515	14740	14477	4464	9.55577557755776	DS60
WECC29013	1080	11955	11114	2906	10.2907407407407	DS60
WECC29014	1233	15781	13597	3334	11.0275750202758	DS60
WECC29015	184	1336	953	272	5.17934782608696	DS60
WECC29016	2217	19383	21653	7793	9.76680198466396	DS60
WECC29017	239	2610	1930	498	8.07531380753138	DS60
WECC29018	606	5185	4605	1263	7.5990099009901	DS60
WECC29019	1151	11335	11417	3991	9.91920069504778	DS60
WECC29021	607	4808	4360	1247	7.1828665568369	DS60
WECC29022	340	3283	2834	665	8.33529411764706	DS60
WECC29024	171	1332	1057	314	6.1812865497076	DS60
WECC29026	770	8101	7618	1968	9.89350649350649	DS60
WECC29027	330	2944	2370	657	7.18181818181818	DS60
WECC29028	708	5534	6075	2190	8.58050847457627	DS60
WECC29029	737	6780	6055	1758	8.2157394843962	DS60
WECC29030	1318	13882	14251	4014	10.8125948406677	DS60
WECC29032	603	5951	4885	1353	8.10116086235489	DS60
WECC29033	432	9008	6178	937	14.3009259259259	DS60
WECC29034	687	6833	5772	1546	8.40174672489083	DS60
WECC29035	398	3470	2813	761	7.0678391959799	DS60
WECC29036	1363	19162	17342	4527	12.7234042553191	DS60
WECC29038	1731	20584	19715	5604	11.3893703061814	DS60
WECC29039	4225	45955	45409	13825	10.7476923076923	DS60
WECC29041	1479	25781	21394	3609	14.4651791751183	DS60
WECC29042	1369	14162	13790	4177	10.073046018992	DS60
WECC29043	728	6737	6735	2317	9.25137362637363	DS60
WECC29045	1136	13059	12207	3168	10.7455985915493	DS60
WECC29046	791	8192	7486	2049	9.46396965865992	DS60
WECC29047	1702	30251	27536	5391	16.1786133960047	DS60
WECC29048	902	10826	9549	2338	10.5864745011086	DS60
WECC29049	976	9493	8941	2846	9.16086065573771	DS60
WECC29051	556	9571	6945	1419	12.4910071942446	DS60
WECC29052	591	5902	4638	1285	7.84771573604061	DS60
WECC29053	574	12311	9944	1299	17.3240418118467	DS60
WECC29054	3277	63689	51908	7330	15.8400976502899	DS60
WECC29055	405	3203	2579	729	6.3679012345679	DS60
WECC29056	1749	17394	18117	5476	10.3584905660377	DS60
WECC29057	448	4539	3777	1029	8.43080357142857	DS60
WECC29058	489	3890	3392	1024	6.93660531697342	DS60
WECC29060	523	4826	4058	1129	7.75908221797323	DS60
WECC29062	338	3820	2883	776	8.52958579881657	DS60
WECC29064	923	12268	9953	2079	10.783315276273	DS60
WECC29065	506	7267	6181	1253	12.2154150197628	DS60
WECC29066	589	5492	4263	1154	7.23769100169779	DS60
WECC29067	355	3222	2681	854	7.55211267605634	DS60
WECC29068	1254	12000	11334	3106	9.03827751196172	DS60
WECC29071	211	1615	989	257	4.68720379146919	DS60
WECC29072	2670	37873	35213	8266	13.1883895131086	DS60
WECC29074	654	6012	4791	1290	7.3256880733945	DS60
WECC29075	487	5316	4538	1064	9.31827515400411	DS60
WECC29078	472	4884	4333	1193	9.18008474576271	DS60
WECC29079	570	6285	4891	1268	8.58070175438597	DS60
WECC29080	692	6724	5515	1638	7.96965317919075	DS60
WECC29081	508	6311	4801	1204	9.4507874015748	DS60
WECC29082	1158	14783	12528	2796	10.8186528497409	DS60
WECC29083	1115	14465	12843	3268	11.5183856502242	DS60
WECC29084	790	7243	6104	1745	7.72658227848101	DS60
WECC29086	777	8410	7790	2287	10.02574002574	DS60
WECC29087	755	8024	7198	1732	9.53377483443709	DS60
WECC29088	711	10807	9252	1457	13.0126582278481	DS60
WECC29089	350	3326	2104	602	6.01142857142857	DS60
WECC29090	458	4465	3248	974	7.09170305676856	DS60
WECC29091	3054	36093	35481	10427	11.6178781925344	DS60
WECC29092	769	8453	6881	1760	8.9479843953186	DS60
WECC29093	388	3442	3344	1018	8.61855670103093	DS60
WECC29094	782	7320	6428	1869	8.21994884910486	DS60
WECC29095	1554	24724	22544	4510	14.5070785070785	DS60
WECC29098	358	3266	2659	711	7.42737430167598	DS60
WECC29099	618	7058	5922	1698	9.58252427184466	DS60
WECC29100	156	1200	960	259	6.15384615384615	DS60
WECC29104	1251	13361	12768	3449	10.2062350119904	DS60
WECC29105	458	3936	3091	811	6.74890829694323	DS60
WECC29106	1670	18243	17038	5208	10.2023952095808	DS60
WECC29109	1981	17874	18454	5808	9.31549722362443	DS60
WECC29110	1916	20421	21099	6261	11.0120041753653	DS60
WECC29112	1322	10712	11332	4216	8.57186081694402	DS60
WECC29113	1282	14406	12854	3796	10.0265210608424	DS60
WECC29114	1331	18062	15818	3842	11.8842975206612	DS60
WECC29115	1571	17036	15750	4674	10.0254614894971	DS60
WECC29116	318	3671	2681	696	8.43081761006289	DS60
WECC29117	1602	13150	14573	5300	9.09675405742821	DS60
WECC29119	818	9538	8789	2200	10.7444987775061	DS60
WECC29121	1787	20793	20069	5609	11.2305540011192	DS60
WECC29122	29989	357156	346218	103087	11.544833105472	DS60
WECC29123	1538	14939	15140	4743	9.84395318595579	DS60
WECC29127	2132	19292	20085	6966	9.42073170731707	DS60
WECC29128	2618	31334	29870	8294	11.4094728800611	DS60
WECC29129	472	4341	3559	974	7.54025423728814	DS60
WECC29130	332	4209	3316	766	9.98795180722892	DS60
WECC29132	308	4460	3281	758	10.6525974025974	DS60
WECC29135	717	6366	5618	1511	7.83542538354254	DS60
WECC29136	211	2729	2153	371	10.2037914691943	DS60
WECC29137	461	4238	3295	904	7.14750542299349	DS60
WECC29138	1370	24575	20718	3596	15.1226277372263	DS60
WECC29139	1132	18153	15310	3180	13.5247349823322	DS60
WECC29140	368	5073	4318	956	11.7336956521739	DS60
WECC29141	550	4724	4332	1206	7.87636363636364	DS60
WECC29142	1143	14670	12430	3187	10.8748906386702	DS60
WECC29143	757	9835	7569	1807	9.99867899603699	DS60
WECC29144	529	6608	5753	1413	10.875236294896	DS60
WECC29145	1176	10580	11399	3966	9.69302721088435	DS60
WECC29146	772	7729	6778	1932	8.77979274611399	DS60
WECC29148	422	3605	3479	1224	8.24407582938389	DS60
WECC29149	201	1341	1046	337	5.20398009950249	DS60
WECC29150	1302	13043	12946	3752	9.9431643625192	DS60
WECC29151	2594	29595	29807	8884	11.4907478797224	DS60
WECC29154	2210	22759	23757	7524	10.7497737556561	DS60
WECC29155	2986	32216	31134	8909	10.4266577361018	DS60
WECC29156	2054	17947	19600	6775	9.54235637779942	DS60
WECC29158	187	1838	1340	316	7.16577540106952	DS60
WECC29159	2819	28588	28967	9633	10.2756296559064	DS60
WECC29160	2752	31133	29774	8721	10.8190406976744	DS60
WECC29162	562	5973	5005	1317	8.90569395017794	DS60
WECC29163	852	11647	9904	1928	11.6244131455399	DS60
WECC29164	595	6145	5803	1748	9.75294117647059	DS60
WECC29165	918	9439	8853	2708	9.6437908496732	DS60
WECC29166	574	6431	6068	1563	10.5714285714286	DS60
WECC29167	810	8662	7878	2188	9.72592592592593	DS60
WECC29168	643	6179	5354	1369	8.32659409020218	DS60
WECC29169	191	1622	1303	336	6.82198952879581	DS60
WECC29171	698	6897	6445	1777	9.23352435530086	DS60
WECC29175	1252	11985	11334	3067	9.05271565495208	DS60
WECC29176	3231	38718	37647	9668	11.6518105849582	DS60
WECC29180	1374	11064	12771	5004	9.29475982532751	DS60
WECC29182	1882	21125	19850	5492	10.5472901168969	DS60
WECC29183	685	8197	7111	1443	10.3810218978102	DS60
WECC29184	272	2328	1747	513	6.42279411764706	DS60
WECC29186	1185	11402	12276	4004	10.3594936708861	DS60
WECC29188	581	5099	4493	1207	7.73321858864028	DS60
WECC29190	753	6657	5902	1538	7.83798140770252	DS60
WECC29192	526	6194	4832	1061	9.18631178707224	DS60
WECC29193	446	4054	3678	1108	8.24663677130045	DS60
WECC29194	1337	20243	17203	3108	12.866866118175	DS60
WECC29195	601	6962	6160	1478	10.2495840266223	DS60
WECC29196	1568	15261	15790	5391	10.0701530612245	DS60
WECC29197	443	3873	3118	895	7.03837471783296	DS60
WECC29198	540	5265	4601	1164	8.52037037037037	DS60
WECC29199	2405	28749	27092	7630	11.2648648648649	DS60
WECC29200	809	8550	8113	2090	10.0284301606922	DS60
WECC29201	402	4265	3517	894	8.74875621890547	DS60
WECC29202	844	10264	8750	1917	10.3672985781991	DS60
WECC29203	200	1431	1095	341	5.475	DS60
WECC29205	2358	24225	24978	7657	10.5928753180662	DS60
WECC29207	195	1577	1216	302	6.23589743589744	DS60
WECC29209	364	5511	4492	779	12.3406593406593	DS60
WECC29211	1417	13960	14334	4750	10.1157374735356	DS60
WECC29212	836	8093	7874	2557	9.41866028708134	DS60
WECC29213	1299	11136	10940	3722	8.42186297151655	DS60
WECC29216	823	8475	7618	1931	9.25637910085055	DS60
WECC29219	7378	72677	78263	25350	10.6076172404446	DS60
WECC29220	970	10015	8643	2139	8.91030927835052	DS60
WECC29221	191	2367	1584	382	8.29319371727749	DS60
WECC29222	750	7895	7014	1806	9.352	DS60
WECC29226	277	2781	1970	513	7.11191335740072	DS60
WECC29229	197	1398	1173	320	5.95431472081218	DS60
WECC29231	1141	15714	13858	3290	12.1454864154251	DS60
WECC29232	1895	20038	19473	5839	10.2759894459103	DS60
WECC29233	1593	15106	15169	4527	9.52228499686127	DS60
WECC29234	595	6783	5705	1403	9.58823529411765	DS60
WECC29236	1757	16318	16586	4314	9.43995446784291	DS60
WECC29239	4745	54347	56312	16775	11.8676501580611	DS60
WECC29241	254	2567	1597	416	6.28740157480315	DS60
WECC29243	966	9670	8695	2210	9.00103519668737	DS60
WECC29244	769	6711	6243	1760	8.1183355006502	DS60
WECC29245	3875	55030	49270	11534	12.7148387096774	DS60
WECC29246	2132	22029	22963	6982	10.7706378986867	DS60
WECC29252	828	8177	6995	1802	8.44806763285024	DS60
WECC29253	2839	33048	32728	9234	11.5280028178936	DS60
WECC29254	97	788	461	133	4.75257731958763	DS60
WECC29257	287	2311	2005	571	6.98606271777004	DS60
WECC29258	562	7070	6260	1435	11.1387900355872	DS60
WECC29261	236	3269	2501	566	10.5974576271186	DS60
WECC29263	770	5948	5981	1573	7.76753246753247	DS60
WECC29264	1113	15388	13954	3525	12.5372866127583	DS60
WECC29266	451	4306	3341	834	7.4079822616408	DS60
WECC29267	402	4458	3891	965	9.67910447761194	DS60
WECC29268	2252	21023	22425	8011	9.95781527531084	DS60
WECC29269	240	2098	1478	420	6.15833333333333	DS60
WECC29270	166	1496	1050	298	6.32530120481928	DS60
WECC29272	257	2648	1860	478	7.23735408560311	DS60
WECC29273	5318	69022	63295	17239	11.9020308386612	DS60
WECC29275	2122	20158	20672	6362	9.74175306314797	DS60
WECC29276	289	3738	2855	656	9.87889273356401	DS60
WECC29277	718	7637	7062	1959	9.83565459610028	DS60
WECC29280	1233	11706	12695	4249	10.2960259529603	DS60
WECC29281	802	7963	7489	2495	9.33790523690773	DS60
WECC29282	782	8427	7483	1929	9.5690537084399	DS60
WECC29283	587	8274	5724	1320	9.75127768313458	DS60
WECC29284	618	6244	5683	1274	9.1957928802589	DS60
WECC29285	608	5809	5378	1413	8.8453947368421	DS60
WECC29286	2436	25841	26220	8661	10.7635467980296	DS60
WECC29287	705	5741	5442	1562	7.71914893617021	DS60
WECC29291	582	6713	5354	1194	9.19931271477663	DS60
WECC29292	647	6289	5975	2029	9.23493044822257	DS60
WECC29293	654	6001	5914	1933	9.04281345565749	DS60
WECC29296	542	4003	4223	1565	7.79151291512915	DS60
WECC29297	481	5089	4161	1055	8.65072765072765	DS60
WECC29298	1433	16715	14758	4156	10.2986741102582	DS60
WECC29299	1168	13790	12849	3333	11.0008561643836	DS60
WECC29300	1588	23978	20018	4586	12.6057934508816	DS60
WECC29301	1819	19813	19786	6146	10.8774051676745	DS60
WECC29302	1398	16788	15574	4010	11.140200286123	DS60
WECC29303	308	3344	2155	570	6.99675324675325	DS60
WECC29304	386	3725	2916	884	7.55440414507772	DS60
WECC29305	353	3874	2770	782	7.84702549575071	DS60
WECC29306	251	2260	1846	534	7.35458167330677	DS60
WECC29307	829	6547	6494	2216	7.8335343787696	DS60
WECC29308	453	4695	4406	1232	9.72626931567329	DS60
WECC29309	946	9132	8981	2811	9.49365750528541	DS60
WECC29310	1477	17261	16569	4899	11.218009478673	DS60
WECC29311	856	10102	8742	2088	10.2126168224299	DS60
WECC29313	223	2398	1637	410	7.34080717488789	DS60
WECC29314	143	1128	560	186	3.91608391608392	DS60
WECC29315	1522	15326	14706	4149	9.6622864651774	DS60
WECC29316	1163	12287	12318	3265	10.591573516767	DS60
WECC29317	646	6621	5821	1424	9.01083591331269	DS60
WECC29319	391	2852	2539	678	6.49360613810742	DS60
WECC29321	583	6291	5293	1364	9.07890222984563	DS60
WECC29324	1199	16192	13866	2972	11.5646371976647	DS60
WECC29326	209	1680	1301	339	6.22488038277512	DS60
WECC29328	1102	9813	8803	2494	7.98820326678766	DS60
WECC29331	873	9885	9131	2268	10.4593356242841	DS60
WECC29332	1376	13304	13075	4323	9.50218023255814	DS60
WECC29334	508	5130	4084	908	8.03937007874016	DS60
WECC29335	1513	13622	12588	3349	8.31989424983477	DS60
WECC29336	603	5967	4788	1172	7.94029850746269	DS60
WECC29338	2259	23824	23566	7324	10.4320495794599	DS60
WECC29339	1165	12232	12153	3769	10.4317596566524	DS60
WECC29340	1592	25740	22197	4343	13.9428391959799	DS60
WECC29341	1603	17652	17873	5076	11.1497192763568	DS60
WECC29342	463	5027	4002	977	8.64362850971922	DS60
WECC29346	528	5331	4622	1290	8.75378787878788	DS60
WECC29349	748	9743	7792	1752	10.4171122994652	DS60
WECC29350	1044	11398	11617	3697	11.1273946360153	DS60
WECC29353	1982	18972	19780	6605	9.97981836528759	DS60
WECC29354	192	1843	1219	317	6.34895833333333	DS60
WECC29355	613	4736	4486	1503	7.31810766721044	DS60
WECC29356	1162	9703	10539	3749	9.0697074010327	DS60
WECC29360	2423	28709	27415	7067	11.3144861741643	DS60
WECC29362	583	4876	5129	1823	8.79759862778731	DS60
WECC29364	624	5534	5026	1322	8.05448717948718	DS60
WECC29365	496	4513	3730	924	7.52016129032258	DS60
WECC29366	1030	16908	13379	2419	12.9893203883495	DS60
WECC29367	785	7288	6754	1815	8.60382165605096	DS60
WECC29368	3069	30582	30918	9646	10.0742913000978	DS60
WECC29371	1297	12450	12086	4016	9.31842713955281	DS60
WECC29372	585	5050	4408	1258	7.53504273504274	DS60
WECC29374	4823	47832	51792	16784	10.7385444743935	DS60
WECC29376	436	4010	2977	753	6.82798165137615	DS60
WECC29377	389	3649	3329	796	8.55784061696658	DS60
WECC29379	4369	68707	59460	14309	13.6095216296635	DS60
WECC29380	465	4657	3695	974	7.94623655913979	DS60
WECC29381	1929	22707	21630	5987	11.2130637636081	DS60
WECC29382	570	7790	6789	1171	11.9105263157895	DS60
WECC29383	1964	21978	20321	5777	10.3467413441955	DS60
WECC29384	698	7966	8031	2068	11.5057306590258	DS60
WECC30001	1541	33023	29911	9962	19.4101232965607	DS60
WECC30003	1074	17744	16102	6254	14.9925512104283	DS60
WECC30004	1960	48188	41062	12201	20.95	DS60
WECC30005	1202	24281	22914	8007	19.063227953411	DS60
WECC30006	1307	27123	26007	8842	19.8982402448355	DS60
WECC30007	1605	35208	29204	9207	18.1956386292835	DS60
WECC30010	354	6977	4046	1130	11.4293785310734	DS60
WECC30011	3802	86338	79214	24441	20.8348237769595	DS60
WECC30012	3522	76136	72147	21434	20.484667802385	DS60
WECC30013	2184	41595	40042	14382	18.3342490842491	DS60
WECC30015	1096	21853	19941	7004	18.1943430656934	DS60
WECC30017	596	11294	10731	3864	18.005033557047	DS60
WECC30018	1644	36264	35256	11167	21.4452554744526	DS60
WECC30019	1427	32046	28330	8919	19.8528381219341	DS60
WECC30024	1379	27843	23439	8534	16.9970993473532	DS60
WECC30025	2510	54120	52820	18257	21.0438247011952	DS60
WECC30026	2894	65521	63841	18250	22.0597788527989	DS60
WECC30027	2405	53003	47721	14281	19.8424116424116	DS60
WECC30029	1748	42230	34937	11142	19.9868421052632	DS60
WECC30030	784	17919	15168	3646	19.3469387755102	DS60
WECC30031	493	11211	8695	2074	17.6369168356998	DS60
WECC30032	1313	28743	25570	8268	19.4744859101295	DS60
WECC30034	2914	72705	66351	19027	22.7697323266987	DS60
WECC30037	1730	37094	32514	10784	18.7942196531792	DS60
WECC30038	4990	115654	83293	24960	16.6919839679359	DS60
WECC30039	1904	37965	36664	11912	19.2563025210084	DS60
WECC30041	1489	31770	25693	7549	17.25520483546	DS60
WECC30042	1071	17429	16544	6543	15.4472455648926	DS60
WECC30044	1462	29157	27642	10464	18.906976744186	DS60
WECC30048	2993	61007	57382	19457	19.1720681590378	DS60
WECC30050	1056	31322	22382	4754	21.1950757575758	DS60
WECC30051	638	13113	10136	2895	15.8871473354232	DS60
WECC30052	6777	147174	155982	47320	23.0163789287295	DS60
WECC30053	796	16239	12244	3418	15.3819095477387	DS60
WECC30054	1044	21603	18433	6508	17.6561302681992	DS60
WECC30055	523	9858	6557	2216	12.5372848948375	DS60
WECC30056	5887	130683	124819	35625	21.2024800407678	DS60
WECC30057	4369	118465	104818	27069	23.9913023575189	DS60
WECC30058	1025	26230	21368	6878	20.8468292682927	DS60
WECC30060	3111	65365	64106	20595	20.6062359369977	DS60
WECC30061	1309	24618	25306	9642	19.3323147440795	DS60
WECC30063	2326	57025	47220	13836	20.3009458297506	DS60
WECC30064	1990	41407	36767	11679	18.4758793969849	DS60
WECC30065	1310	27077	25550	8739	19.5038167938931	DS60
WECC30066	2882	59692	54192	17895	18.8036086051353	DS60
WECC30071	1495	37519	32349	10153	21.638127090301	DS60
WECC30073	2208	47910	44975	15035	20.3691123188406	DS60
WECC30074	1195	27393	22230	4671	18.602510460251	DS60
WECC30077	1442	29410	26400	9306	18.3079056865465	DS60
WECC30079	4412	106331	104604	29934	23.7089755213055	DS60
WECC30080	2072	54250	48352	14666	23.3359073359073	DS60
WECC30082	1576	32392	30275	10519	19.2100253807107	DS60
WECC30083	3226	72561	63369	20270	19.6432114073156	DS60
WECC30084	1129	20424	18291	6416	16.2010628875111	DS60
WECC30086	5883	136732	122614	35680	20.8420873703893	DS60
WECC30087	1638	32631	32571	11755	19.8846153846154	DS60
WECC30088	1519	30614	26834	8350	17.6655694535879	DS60
WECC30089	3856	87070	81092	25322	21.0300829875519	DS60
WECC30090	689	13143	11293	3296	16.3904208998549	DS60
WECC30091	1782	36015	33884	11685	19.0145903479237	DS60
WECC30093	1054	21021	18450	6628	17.5047438330171	DS60
WECC30095	1406	45311	34637	5196	24.6351351351351	DS60
WECC30096	1719	35925	32744	11633	19.0482838859802	DS60
WECC30097	603	12860	11057	3668	18.3366500829187	DS60
WECC30098	674	13307	10655	4048	15.8086053412463	DS60
WECC30099	1139	22502	20293	7596	17.8165057067603	DS60
WECC30100	1000	19779	17684	6359	17.684	DS60
WECC30101	1010	10821	11323	4661	11.2108910891089	DS60
WECC30102	800	17870	14373	4479	17.96625	DS60
WECC30104	6839	219723	179583	34476	26.2586635473022	DS60
WECC30105	1841	49803	46076	12140	25.0277023356871	DS60
WECC30106	1993	44926	42016	12644	21.0817862518816	DS60
WECC30107	1558	28585	30712	11482	19.7124518613607	DS60
WECC30108	2654	56524	54255	17029	20.4427279577995	DS60
WECC30109	3340	77185	71300	21381	21.3473053892216	DS60
WECC30110	2380	62372	55477	13829	23.3096638655462	DS60
WECC30112	1375	29232	28109	10195	20.4429090909091	DS60
WECC30113	1587	31547	31025	10255	19.5494643982357	DS60
WECC30114	455	11463	8182	1607	17.9824175824176	DS60
WECC30116	1332	26571	24772	8405	18.5975975975976	DS60
WECC30117	2468	48067	46293	15843	18.7572933549433	DS60
WECC30119	1982	48351	43941	15348	22.1700302724521	DS60
WECC30120	1169	25385	23581	6563	20.1719418306245	DS60
WECC30121	493	10160	8038	2464	16.3042596348884	DS60
WECC30123	2084	44537	39402	13223	18.9069097888676	DS60
WECC30124	911	21011	17065	5076	18.7321624588364	DS60
WECC30127	4336	81538	82920	27726	19.1236162361624	DS60
WECC30128	1741	45154	38105	10567	21.8868466398622	DS60
WECC30131	308	4734	3242	946	10.525974025974	DS60
WECC30132	1381	29287	25047	8704	18.1368573497466	DS60
WECC30133	3015	63041	61433	18747	20.3757877280265	DS60
WECC30134	1055	21170	18665	5829	17.6919431279621	DS60
WECC30135	1460	34423	26890	7712	18.4178082191781	DS60
WECC30137	725	18348	15158	3966	20.9075862068966	DS60
WECC30138	826	19647	16784	4692	20.319612590799	DS60
WECC30139	1594	34346	32135	10096	20.1599749058971	DS60
WECC30140	2066	45664	42628	15096	20.6331074540174	DS60
WECC30141	574	10194	8414	2772	14.6585365853659	DS60
WECC30143	2069	47123	42715	13914	20.6452392460126	DS60
WECC30144	4353	101114	102630	32844	23.5768435561682	DS60
WECC30145	987	18812	17250	6490	17.4772036474164	DS60
WECC30146	711	15309	11416	2990	16.056258790436	DS60
WECC30147	1052	29090	24273	4163	23.0731939163498	DS60
WECC30148	705	12084	10271	3393	14.5687943262411	DS60
WECC30149	6947	139476	146565	49079	21.0975960846409	DS60
WECC30150	498	12192	9304	2228	18.6827309236948	DS60
WECC30151	849	19390	16307	4907	19.2073027090695	DS60
WECC30152	5656	168093	140507	29902	24.8421145685997	DS60
WECC30153	1992	43003	41338	14942	20.7520080321285	DS60
WECC30154	3824	98026	84587	21905	22.1200313807531	DS60
WECC30155	1142	26051	23799	7209	20.8397548161121	DS60
WECC30156	1424	23408	24972	10262	17.5365168539326	DS60
WECC30159	976	23178	19009	6246	19.4764344262295	DS60
WECC30160	3523	98362	81367	18851	23.0959409594096	DS60
WECC30161	869	17663	13430	4518	15.4545454545455	DS60
WECC30163	860	21297	18443	4856	21.4453488372093	DS60
WECC30164	1238	25446	24395	8523	19.705169628433	DS60
WECC30166	1488	38029	32275	8801	21.690188172043	DS60
WECC30167	1679	41655	35365	10931	21.0631328171531	DS60
WECC30168	1570	35981	29237	7917	18.6222929936306	DS60
WECC30169	1433	26432	29572	11766	20.6364270760642	DS60
WECC30170	1016	19633	18772	6911	18.4763779527559	DS60
WECC30171	623	15022	11385	2895	18.2744783306581	DS60
WECC30172	1760	46816	38210	9796	21.7102272727273	DS60
WECC30174	1152	26745	23965	7213	20.8029513888889	DS60
WECC30175	2327	57960	52695	15221	22.6450365277181	DS60
WECC30176	4862	121018	115617	34477	23.7797202797203	DS60
WECC30178	2973	67012	61141	19659	20.5654221325261	DS60
WECC30179	1093	26796	23563	6852	21.5580969807868	DS60
WECC30181	1261	23215	23432	8475	18.5820777160983	DS60
WECC30182	1173	20428	20764	7170	17.7016197783461	DS60
WECC30183	1457	29386	26646	9487	18.2882635552505	DS60
WECC30185	532	11343	8793	2510	16.5281954887218	DS60
WECC30186	829	19512	15193	4191	18.3268998793727	DS60
WECC30187	3861	88510	85713	27498	22.1996891996892	DS60
WECC30188	2398	48736	46494	14354	19.3886572143453	DS60
WECC30189	1043	18378	17559	6522	16.8350910834132	DS60
WECC30190	2482	62484	52954	11611	21.3352135374698	DS60
WECC30191	868	17561	14405	4785	16.5956221198157	DS60
WECC30196	732	21533	17158	4332	23.4398907103825	DS60
WECC30197	319	7019	4615	1212	14.4670846394984	DS60
WECC30198	882	18775	14659	4552	16.6201814058957	DS60
WECC30199	1784	42675	37209	10481	20.8570627802691	DS60
WECC30200	7431	221384	185807	34820	25.0043062844839	DS60
WECC30201	917	19735	17241	5955	18.8015267175573	DS60
WECC30202	410	8292	6956	1759	16.9658536585366	DS60
WECC30203	3061	63825	62197	20687	20.3191767396276	DS60
WECC30205	566	11294	9397	2944	16.6024734982332	DS60
WECC30207	2407	59269	52554	15035	21.8338180307437	DS60
WECC30208	2274	68680	53949	10134	23.7242744063325	DS60
WECC30212	328	6040	4609	1226	14.0518292682927	DS60
WECC30213	2673	93553	74548	13414	27.8892630003741	DS60
WECC30214	1470	24965	26561	10513	18.0687074829932	DS60
WECC30215	1974	44136	40125	13507	20.3267477203647	DS60
WECC30217	1777	39152	38138	11760	21.4620146314012	DS60
WECC30218	1617	33606	32683	11208	20.2121212121212	DS60
WECC30222	1820	36489	34820	12681	19.1318681318681	DS60
WECC30223	1359	35513	27469	6350	20.2126563649742	DS60
WECC30224	8271	217421	198874	50306	24.0447346149196	DS60
WECC30225	4297	105138	97909	26688	22.7854316965325	DS60
WECC30226	1622	31621	30213	9757	18.6270036991369	DS60
WECC30227	1225	31479	27143	7460	22.1575510204082	DS60
WECC30228	360	7762	4934	1345	13.7055555555556	DS60
WECC30229	1786	33688	31956	11150	17.8924972004479	DS60
WECC30232	2924	78795	71889	19990	24.5858413132695	DS60
WECC30233	796	13539	13796	5278	17.3316582914573	DS60
WECC30234	2541	59120	55590	18340	21.8772136953955	DS60
WECC30236	639	13848	11006	2881	17.2237871674491	DS60
WECC30238	1537	43162	34991	7449	22.7657774886142	DS60
WECC30239	1259	31449	27737	7480	22.0309769658459	DS60
WECC30240	2314	47894	46195	14190	19.9632670700086	DS60
WECC30241	4283	96653	68013	20402	15.879757179547	DS60
WECC30243	1668	34110	30706	9196	18.4088729016787	DS60
WECC30245	982	24725	21139	5730	21.5264765784114	DS60
WECC30246	2610	62299	57849	15925	22.164367816092	DS60
WECC30247	525	9987	7144	2002	13.607619047619	DS60
WECC30248	6985	162126	151699	40274	21.7178239083751	DS60
WECC30249	1363	26958	23913	8759	17.5443873807777	DS60
WECC30250	2130	52112	45073	12171	21.1610328638498	DS60
WECC30251	2703	86532	67683	13195	25.0399556048835	DS60
WECC30252	4931	127218	112859	28189	22.887649563983	DS60
WECC30253	1139	23321	21172	7600	18.5882352941177	DS60
WECC30255	2366	58031	39826	11461	16.832628909552	DS60
WECC30256	1475	30907	29143	9698	19.7579661016949	DS60
WECC30257	1901	37488	34086	11378	17.9305628616518	DS60
WECC30258	2665	54951	51292	16386	19.2465290806754	DS60
WECC30260	1323	31120	25548	7617	19.3106575963719	DS60
WECC30261	1676	41400	40702	10365	24.2852028639618	DS60
WECC30263	4869	118503	108545	29537	22.293078660916	DS60
WECC30266	428	7671	5764	1757	13.4672897196262	DS60
WECC30267	3090	68044	66588	19805	21.5495145631068	DS60
WECC30268	797	22255	13996	3167	17.5608531994981	DS60
WECC30269	1273	30688	25021	5716	19.6551453260016	DS60
WECC30271	4621	125339	106271	30403	22.9974031594893	DS60
WECC30272	1501	35478	32531	8254	21.6728847435043	DS60
WECC30275	1635	33797	30131	8441	18.42874617737	DS60
WECC30277	1355	27211	25826	9314	19.059778597786	DS60
WECC30278	2199	75397	61092	10278	27.7817189631651	DS60
WECC30279	4184	108690	100044	26695	23.9110898661568	DS60
WECC30280	1335	31932	26301	8736	19.7011235955056	DS60
WECC30282	3117	71686	64488	19034	20.6891241578441	DS60
WECC30284	1076	21832	18646	6543	17.3289962825279	DS60
WECC30285	3562	93760	82115	21239	23.0530600786075	DS60
WECC30286	1464	30209	27868	9695	19.0355191256831	DS60
WECC30287	12494	301212	288342	93343	23.078437650072	DS60
WECC30288	1318	24736	20779	6526	15.7655538694992	DS60
WECC30290	848	18993	18112	5921	21.3584905660377	DS60
WECC30291	2897	72932	65906	18964	22.7497411114947	DS60
WECC30292	1531	37334	34746	10761	22.6949706074461	DS60
WECC30294	1757	35610	33928	12049	19.310187820148	DS60
WECC30295	1054	23636	20368	5215	19.3244781783681	DS60
WECC30296	1262	27806	22871	8747	18.1228209191759	DS60
WECC30297	1884	40328	37544	13479	19.927813163482	DS60
WECC30298	715	16420	13737	4152	19.2125874125874	DS60
WECC30299	957	19350	18583	7115	19.4179728317659	DS60
WECC30301	2334	51491	48253	15596	20.6739502999143	DS60
WECC30302	3596	79704	76039	22080	21.1454393770857	DS60
WECC30303	1312	29422	26423	8099	20.1394817073171	DS60
WECC30304	4313	116158	103213	20589	23.9306747043821	DS60
WECC30305	2590	63984	59616	17042	23.0177606177606	DS60
WECC30306	2887	66680	61202	17408	21.1991686872186	DS60
WECC30307	3386	74737	71951	22461	21.2495569994093	DS60
WECC30309	351	8281	5903	1507	16.8176638176638	DS60
WECC30310	4067	106511	98420	26615	24.1996557659208	DS60
WECC30311	2133	50223	45467	13735	21.3159868729489	DS60
WECC30312	2196	59509	49155	11390	22.3838797814208	DS60
WECC30313	913	23550	18851	4900	20.6473165388828	DS60
WECC30314	410	7664	5009	1560	12.2170731707317	DS60
WECC30315	1402	27807	23315	7610	16.6298145506419	DS60
WECC30316	3388	82441	76523	19527	22.5864817001181	DS60
WECC30319	1581	33526	31410	9001	19.8671726755218	DS60
WECC30320	3315	78235	75710	22082	22.8386123680241	DS60
WECC30323	2854	52194	52961	19196	18.5567624386826	DS60
WECC30324	752	13333	11694	4070	15.5505319148936	DS60
WECC30325	1929	44335	39257	12948	20.3509590461379	DS60
WECC30327	1116	20596	17807	6167	15.9560931899642	DS60
WECC30328	3132	78565	69289	15314	22.1229246487867	DS60
WECC30329	909	22226	18856	4205	20.7436743674367	DS60
WECC30330	2891	53555	56415	21076	19.5140089934279	DS60
WECC30331	3110	75996	72129	19071	23.1926045016077	DS60
WECC30332	4834	117207	110604	31142	22.8804302854779	DS60
WECC30333	3917	90866	87327	24551	22.2943579269849	DS60
WECC30334	876	21116	16202	4109	18.4954337899543	DS60
WECC30335	2941	61439	54879	19539	18.6599795987759	DS60
WECC30336	1096	21009	15284	5033	13.9452554744526	DS60
WECC30337	876	19238	15976	5116	18.2374429223744	DS60
WECC30338	3266	74525	71685	21051	21.9488671157379	DS60
WECC30339	1007	48887	31627	4110	31.4071499503476	DS60
WECC30340	647	14065	10746	2768	16.6089644513138	DS60
WECC30342	764	17893	14034	3175	18.369109947644	DS60
WECC30343	1278	26081	24439	8679	19.122848200313	DS60
WECC30345	2014	43315	38260	13006	18.9970208540219	DS60
WECC30347	1794	36482	34492	12135	19.2263099219621	DS60
WECC30348	4246	97038	90286	29765	21.2637776731041	DS60
WECC30349	912	25106	19247	4660	21.1041666666667	DS60
WECC30350	1264	30628	26675	9383	21.1036392405063	DS60
WECC30352	2947	58567	59215	23031	20.0933152358331	DS60
WECC30353	784	17270	12291	4305	15.6772959183673	DS60
WECC30355	3537	48544	54572	22657	15.4288945433984	DS60
WECC30357	589	11906	9571	2931	16.2495755517827	DS60
WECC30358	1255	29043	24364	8392	19.4135458167331	DS60
WECC30359	1800	39923	38133	13574	21.185	DS60
WECC30360	2799	66150	60218	18400	21.5141121829225	DS60
WECC30364	862	15457	13262	4341	15.385150812065	DS60
WECC30365	1481	36845	29776	9084	20.1053342336259	DS60
WECC30366	1142	22735	20664	7355	18.0945709281962	DS60
WECC30368	2988	79904	63118	16373	21.123828647925	DS60
WECC30369	1970	44133	40792	12778	20.7065989847716	DS60
WECC30371	3951	74948	76629	26081	19.3948367501898	DS60
WECC30372	2740	59899	58246	18718	21.2576642335766	DS60
WECC30373	1587	28379	28956	11149	18.2457466918715	DS60
WECC30375	5234	131359	125013	34132	23.8847917462744	DS60
WECC30376	1766	44546	38265	12987	21.667610419026	DS60
WECC30377	1015	20404	20874	7362	20.5655172413793	DS60
WECC30378	2187	51803	43052	11588	19.6854138088706	DS60
WECC30379	7675	264731	200228	46668	26.088338762215	DS60
WECC30380	3330	74948	68878	21299	20.6840840840841	DS60
WECC30382	1450	35585	33979	8808	23.4337931034483	DS60
WECC30383	1779	42239	35131	9960	19.7476110174255	DS60
WECC31001	1867	40476	35224	13565	18.8666309587574	DS60
WECC31002	3147	78361	70515	22664	22.4070543374643	DS60
WECC31004	1181	22973	21599	7947	18.2887383573243	DS60
WECC31005	1350	25461	24697	9341	18.2940740740741	DS60
WECC31008	796	11050	10483	3937	13.1695979899497	DS60
WECC31009	769	19239	12619	3688	16.4096228868661	DS60
WECC31010	212	3863	1640	485	7.73584905660377	DS60
WECC31011	569	11842	7331	2005	12.884007029877	DS60
WECC31013	397	6536	4406	1353	11.0982367758186	DS60
WECC31014	800	15268	12426	4235	15.5325	DS60
WECC31016	817	15066	12634	4393	15.4638922888617	DS60
WECC31018	2720	66075	58838	21444	21.6316176470588	DS60
WECC31019	483	10035	8591	2582	17.7867494824017	DS60
WECC31020	759	15230	12261	3914	16.1541501976285	DS60
WECC31021	916	17458	17155	6033	18.7281659388646	DS60
WECC31022	345	8259	5440	1456	15.768115942029	DS60
WECC31023	2062	42360	40363	14554	19.574684772066	DS60
WECC31024	902	15266	14451	5029	16.0210643015521	DS60
WECC31025	515	12158	9179	3147	17.8233009708738	DS60
WECC31027	1419	39638	33129	9444	23.3467230443975	DS60
WECC31028	2883	50838	52246	20156	18.122095039889	DS60
WECC31029	581	10000	7264	2479	12.5025817555938	DS60
WECC31030	1156	22373	20957	7399	18.128892733564	DS60
WECC31031	954	17820	16724	6124	17.5303983228512	DS60
WECC31032	1029	17903	16468	6542	16.0038872691934	DS60
WECC31033	4538	92742	96752	35094	21.3204054649625	DS60
WECC31034	1602	32543	31662	11091	19.7640449438202	DS60
WECC31035	646	13867	10125	2874	15.6733746130031	DS60
WECC31036	876	17314	16364	5833	18.6803652968037	DS60
WECC31038	509	10562	7602	2309	14.9351669941061	DS60
WECC31039	859	17918	15736	4591	18.3189755529686	DS60
WECC31041	1436	33600	29198	8319	20.3328690807799	DS60
WECC31042	4662	96221	95618	32835	20.5100815100815	DS60
WECC31044	1800	48607	41880	10567	23.2666666666667	DS60
WECC31045	861	14948	14097	5014	16.3728222996516	DS60
WECC31046	644	13377	9995	2575	15.5201863354037	DS60
WECC31047	1877	39734	36238	12858	19.3063399041023	DS60
WECC31048	1242	20666	19751	7881	15.902576489533	DS60
WECC31049	667	10395	8711	3202	13.0599700149925	DS60
WECC31050	1837	50601	42182	12748	22.9624387588459	DS60
WECC31051	1367	46338	33524	7250	24.5237746891002	DS60
WECC31052	1313	26515	24916	9354	18.976389946687	DS60
WECC31053	1204	31949	26509	7125	22.0174418604651	DS60
WECC31054	584	9984	6738	2067	11.5376712328767	DS60
WECC31055	673	16378	10899	3072	16.1946508172363	DS60
WECC31056	1650	34713	30689	10858	18.5993939393939	DS60
WECC31057	619	11167	8154	2339	13.172859450727	DS60
WECC31058	1499	26959	25824	9634	17.2274849899933	DS60
WECC31060	1228	21417	21949	7750	17.8737785016287	DS60
WECC31061	970	19128	17465	6808	18.0051546391753	DS60
WECC31062	1950	39812	38223	13782	19.6015384615385	DS60
WECC31063	619	11367	9757	3480	15.7625201938611	DS60
WECC31064	2693	74059	54580	18140	20.2673598217601	DS60
WECC31066	961	15904	15870	6432	16.5140478668054	DS60
WECC31067	633	12426	10116	3463	15.9810426540284	DS60
WECC31068	1876	35355	35050	12826	18.683368869936	DS60
WECC31069	568	9542	7690	2480	13.5387323943662	DS60
WECC31070	1894	33746	34009	12347	17.9561774023231	DS60
WECC31072	617	10017	8128	2526	13.1734197730956	DS60
WECC31073	1329	27849	25195	9246	18.9578630549285	DS60
WECC31075	1051	22042	17369	5215	16.5261655566128	DS60
WECC31077	385	6259	4271	1291	11.0935064935065	DS60
WECC31079	859	16009	13266	4400	15.4435389988359	DS60
WECC31080	1778	42480	25846	7162	14.5365579302587	DS60
WECC31081	1038	19690	18207	6893	17.5404624277457	DS60
WECC31082	1786	38116	37107	12047	20.7765957446809	DS60
WECC31083	969	21396	17570	5734	18.1320949432405	DS60
WECC31084	421	9346	7299	1721	17.3372921615202	DS60
WECC31085	2139	40433	41638	16538	19.466105656849	DS60
WECC31086	1745	37235	32077	11685	18.3822349570201	DS60
WECC31087	1776	35300	34947	11919	19.6773648648649	DS60
WECC31088	1185	33002	26287	7100	22.1831223628692	DS60
WECC31089	823	17880	15162	4975	18.4228432563791	DS60
WECC31091	778	13272	12244	4681	15.7377892030848	DS60
WECC31093	683	8846	6975	2185	10.212298682284	DS60
WECC31094	1208	23109	21330	7500	17.6572847682119	DS60
WECC31095	2108	45046	44432	16064	21.0777988614801	DS60
WECC31096	981	22401	17334	6266	17.6697247706422	DS60
WECC31097	1143	25624	20382	6828	17.8320209973753	DS60
WECC31099	747	15553	12844	4184	17.194109772423	DS60
WECC31102	1677	36724	36252	12180	21.6171735241503	DS60
WECC31103	706	15185	12085	3454	17.1175637393768	DS60
WECC31104	2191	50230	45640	15614	20.8306709265176	DS60
WECC31105	1592	33204	31939	10313	20.0621859296482	DS60
WECC31107	1127	30963	27225	7997	24.1570541259982	DS60
WECC31108	394	6297	4290	1187	10.8883248730964	DS60
WECC31109	988	22967	18846	6498	19.0748987854251	DS60
WECC31110	1097	25040	22380	7682	20.4010938924339	DS60
WECC31111	868	13575	13283	5368	15.3029953917051	DS60
WECC31113	1047	19202	18288	6859	17.4670487106017	DS60
WECC31115	2318	100859	69745	13501	30.088438308887	DS60
WECC31116	1281	20813	23193	9562	18.1053864168618	DS60
WECC31117	1464	27308	26440	10252	18.0601092896175	DS60
WECC31119	1195	30251	25759	6806	21.5556485355649	DS60
WECC31120	3886	90579	85935	28842	22.1139989706639	DS60
WECC31123	920	27554	20956	4132	22.7782608695652	DS60
WECC31124	2898	50654	61368	25447	21.175983436853	DS60
WECC31126	596	11805	11137	3907	18.6862416107383	DS60
WECC31127	2283	45545	46634	16939	20.4266316250548	DS60
WECC31128	403	7421	6171	2127	15.3126550868486	DS60
WECC31129	599	13412	10999	3604	18.3622704507513	DS60
WECC31130	859	18980	14944	3764	17.3969732246799	DS60
WECC31132	706	15859	12147	4347	17.2053824362606	DS60
WECC31134	357	4558	2864	910	8.02240896358543	DS60
WECC31135	875	14153	13125	5125	15	DS60
WECC31136	385	9221	6737	2007	17.4987012987013	DS60
WECC31138	1992	45011	42234	14904	21.2018072289157	DS60
WECC31139	2111	47679	43536	13961	20.6234012316438	DS60
WECC31140	677	14744	11487	3587	16.9675036927622	DS60
WECC31143	2712	70479	61314	18279	22.608407079646	DS60
WECC31145	416	8455	5501	1719	13.2235576923077	DS60
WECC31147	710	15720	12928	3488	18.2084507042254	DS60
WECC31148	1338	26041	23165	9371	17.313153961136	DS60
WECC31150	501	11438	8668	2148	17.3013972055888	DS60
WECC31152	2028	43790	41396	13554	20.4122287968442	DS60
WECC31155	522	8944	8726	3516	16.7164750957854	DS60
WECC31159	1798	37426	35032	12000	19.4838709677419	DS60
WECC31160	460	9688	6868	2298	14.9304347826087	DS60
WECC31162	336	7581	4666	1432	13.8869047619048	DS60
WECC31163	679	13186	12347	4087	18.1840942562592	DS60
WECC31164	1094	23403	21914	7548	20.0310786106033	DS60
WECC31165	797	15290	13902	5483	17.4429109159348	DS60
WECC31168	1771	35675	32730	11709	18.481084133258	DS60
WECC31169	431	6979	6548	2206	15.1925754060325	DS60
WECC31173	269	5592	3993	1212	14.8438661710037	DS60
WECC31177	574	9841	8234	2944	14.3449477351916	DS60
WECC31178	460	9682	5918	1492	12.8652173913044	DS60
WECC31180	821	14855	14414	5014	17.5566382460414	DS60
WECC31181	2204	41999	42891	15010	19.4605263157895	DS60
WECC31182	1050	22188	20095	7050	19.1380952380952	DS60
WECC31183	397	9313	7159	1648	18.0327455919396	DS60
WECC31186	704	15166	12067	3870	17.140625	DS60
WECC31187	471	7836	5815	1736	12.3460721868365	DS60
WECC31188	1497	27425	27961	9810	18.6780227120908	DS60
WECC31190	571	9245	6392	1625	11.1943957968476	DS60
WECC31192	655	8868	8192	3220	12.5068702290076	DS60
WECC31193	326	6481	4284	1328	13.1411042944785	DS60
WECC31194	1011	23347	18621	6081	18.4183976261128	DS60
WECC31195	2088	46342	43035	14514	20.610632183908	DS60
WECC31196	498	10382	8394	2574	16.855421686747	DS60
WECC31197	1210	23701	23581	8949	19.4884297520661	DS60
WECC31198	722	15707	13017	4209	18.0290858725762	DS60
WECC31199	1304	30790	28396	9416	21.7760736196319	DS60
WECC31201	713	18500	15737	3032	22.0715287517532	DS60
WECC31202	1261	22719	22392	8044	17.7573354480571	DS60
WECC31204	743	20054	15761	4436	21.2126514131898	DS60
WECC31205	382	8697	6671	2109	17.4633507853403	DS60
WECC31206	1377	22970	24819	9472	18.0239651416122	DS60
WECC31207	739	17564	13648	4241	18.468200270636	DS60
WECC31208	767	14217	11708	4369	15.264667535854	DS60
WECC31211	1750	41939	31771	11171	18.1548571428571	DS60
WECC31212	1150	24555	22641	7253	19.6878260869565	DS60
WECC31213	336	5162	4005	1215	11.9196428571429	DS60
WECC31214	1117	21892	22876	8507	20.4798567591764	DS60
WECC31215	899	19520	15536	5034	17.2814238042269	DS60
WECC31218	399	7394	5018	1560	12.5764411027569	DS60
WECC31219	1085	20546	18507	6834	17.0571428571429	DS60
WECC31221	340	5823	4131	1221	12.15	DS60
WECC31222	971	22384	18358	5788	18.9062821833162	DS60
WECC31224	1027	23930	20736	6230	20.190847127556	DS60
WECC31225	961	19461	18718	7054	19.477627471384	DS60
WECC31226	620	16005	12453	2583	20.0854838709677	DS60
WECC31227	1148	28637	22505	7573	19.6036585365854	DS60
WECC31230	699	12669	11881	4692	16.997138769671	DS60
WECC31231	1035	22712	19544	6475	18.8830917874396	DS60
WECC31232	851	19848	12579	3391	14.7814336075206	DS60
WECC31233	750	17317	14339	3841	19.1186666666667	DS60
WECC31234	376	8315	5154	1581	13.7074468085106	DS60
WECC31236	1050	21139	15521	5073	14.7819047619048	DS60
WECC31237	858	12946	8983	2632	10.469696969697	DS60
WECC31238	617	13505	10855	3879	17.5931928687196	DS60
WECC31239	726	16155	12843	4201	17.6900826446281	DS60
WECC31240	1896	44432	39154	12292	20.6508438818565	DS60
WECC31241	587	16013	10488	2784	17.8671209540034	DS60
WECC31242	1440	29958	27707	9780	19.2409722222222	DS60
WECC31243	298	6434	4122	1141	13.8322147651007	DS60
WECC31244	1220	25475	23599	8608	19.3434426229508	DS60
WECC31245	638	10448	9316	3268	14.6018808777429	DS60
WECC31247	1030	22857	20944	7393	20.3339805825243	DS60
WECC31248	1808	31913	30103	10614	16.649889380531	DS60
WECC31249	700	16274	11318	2947	16.1685714285714	DS60
WECC31250	625	10359	6652	1872	10.6432	DS60
WECC31251	676	12149	10623	3771	15.7144970414201	DS60
WECC31252	407	5894	3960	1246	9.72972972972973	DS60
WECC31255	596	11524	10086	3811	16.9228187919463	DS60
WECC31256	633	14856	12109	3855	19.129541864139	DS60
WECC31258	902	15023	15259	6250	16.9168514412417	DS60
WECC31259	1653	30874	31277	10793	18.9213551119177	DS60
WECC31261	822	20013	14727	5297	17.9160583941606	DS60
WECC31263	435	8223	6842	1787	15.7287356321839	DS60
WECC31264	415	9028	5885	1696	14.1807228915663	DS60
WECC31265	425	7473	5791	2016	13.6258823529412	DS60
WECC31268	1143	23843	20631	7180	18.0498687664042	DS60
WECC31269	869	12692	10339	3656	11.897583429229	DS60
WECC31270	1267	20938	23030	8842	18.1767955801105	DS60
WECC31271	473	9967	7727	2211	16.3361522198732	DS60
WECC31272	879	16076	13231	4479	15.0523321956769	DS60
WECC31273	451	7686	6914	2316	15.330376940133	DS60
WECC31275	451	7575	4829	1286	10.7073170731707	DS60
WECC31276	1356	31509	28332	9742	20.8938053097345	DS60
WECC31277	732	12905	12016	3666	16.4153005464481	DS60
WECC31278	1345	31231	29841	9435	22.1866171003717	DS60
WECC31279	548	10484	7093	1996	12.9434306569343	DS60
WECC31281	399	10040	7504	2243	18.8070175438597	DS60
WECC31282	701	11867	10812	3840	15.4236804564907	DS60
WECC31284	4483	123368	100838	28800	22.4934195850993	DS60
WECC31288	1094	22835	18434	6146	16.8500914076782	DS60
WECC31291	1178	24571	23182	6757	19.679117147708	DS60
WECC31292	2378	52202	48931	17299	20.5765349032801	DS60
WECC31294	1449	36769	30326	9509	20.9289164941339	DS60
WECC31295	828	12562	12337	4871	14.8997584541063	DS60
WECC31297	2065	42739	41423	14427	20.0595641646489	DS60
WECC31300	787	15981	15283	5131	19.4193138500635	DS60
WECC31301	514	11722	8596	2549	16.7237354085603	DS60
WECC31302	774	17077	14583	4777	18.8410852713178	DS60
WECC31303	480	8378	5718	1848	11.9125	DS60
WECC31304	1741	34530	31710	11516	18.2136703044227	DS60
WECC31305	1029	23497	18105	5623	17.5947521865889	DS60
WECC31307	787	15293	12580	4291	15.9847522236341	DS60
WECC31308	872	18843	16175	6047	18.5493119266055	DS60
WECC31310	2346	46113	47303	17701	20.1632566069906	DS60
WECC31311	414	9122	6531	1869	15.7753623188406	DS60
WECC31313	903	16500	14032	4734	15.5393133997785	DS60
WECC31314	265	6003	4008	1028	15.1245283018868	DS60
WECC31315	1646	34481	33846	12202	20.5625759416768	DS60
WECC31316	633	10932	10182	3660	16.085308056872	DS60
WECC31317	1942	49242	44215	13819	22.7677651905252	DS60
WECC31318	448	9388	7462	2090	16.65625	DS60
WECC31319	989	12673	14500	6272	14.6612740141557	DS60
WECC31320	417	6908	4938	1471	11.841726618705	DS60
WECC31321	890	17405	15804	5300	17.7573033707865	DS60
WECC31324	411	8320	5353	1694	13.0243309002433	DS60
WECC31325	531	9097	7765	2893	14.623352165725	DS60
WECC31326	970	19084	16993	5539	17.5185567010309	DS60
WECC31328	447	6397	5193	1531	11.6174496644295	DS60
WECC31329	1434	33025	28677	9408	19.9979079497908	DS60
WECC31330	656	15208	10415	3125	15.8765243902439	DS60
WECC31331	486	9688	7458	2108	15.3456790123457	DS60
WECC31332	421	9273	6084	1388	14.4513064133017	DS60
WECC31333	558	10730	8948	2771	16.0358422939068	DS60
WECC31334	1247	31333	25616	5937	20.542101042502	DS60
WECC31335	544	10407	7026	1859	12.9154411764706	DS60
WECC31340	753	16348	12347	3616	16.3970783532537	DS60
WECC31342	767	21178	17078	4033	22.2659713168188	DS60
WECC31343	1784	43074	38120	11998	21.3677130044843	DS60
WECC31344	1251	24247	23584	9019	18.8521183053557	DS60
WECC31345	2304	48007	45528	14448	19.7604166666667	DS60
WECC31346	523	8861	8355	3035	15.9751434034417	DS60
WECC31349	1513	36163	31285	8731	20.6774619960344	DS60
WECC31350	2962	55461	59512	22796	20.0918298446995	DS60
WECC31351	1088	22086	20221	6948	18.5854779411765	DS60
WECC31352	909	22031	18308	6071	20.1408140814081	DS60
WECC31353	642	18331	13036	2742	20.3052959501558	DS60
WECC31354	2001	38467	39968	16997	19.9740129935033	DS60
WECC31356	1985	51157	46053	13099	23.2005037783375	DS60
WECC31357	462	7198	6172	2038	13.3593073593074	DS60
WECC31359	490	10934	8022	2044	16.3714285714286	DS60
WECC31360	1602	30870	30591	11209	19.0955056179775	DS60
WECC31362	778	13663	12886	5068	16.5629820051414	DS60
WECC31364	345	5906	4591	1488	13.3072463768116	DS60
WECC31365	3126	68885	63033	21052	20.1641074856046	DS60
WECC31368	705	11525	9674	3619	13.7219858156028	DS60
WECC31369	465	7124	6691	2454	14.389247311828	DS60
WECC31370	495	9829	8658	3035	17.4909090909091	DS60
WECC31371	4904	94230	102554	36436	20.9123164763458	DS60
WECC31372	509	9384	6308	1684	12.3929273084479	DS60
WECC31374	4079	73103	82585	31897	20.2463839176269	DS60
WECC31375	555	16171	11331	2208	20.4162162162162	DS60
WECC31376	783	11672	9088	2897	11.6066411238825	DS60
WECC31377	642	14589	11438	2595	17.816199376947	DS60
WECC31378	1253	38257	28988	7292	23.1348762968875	DS60
WECC31379	1081	23791	21974	7553	20.327474560592	DS60
WECC31380	664	12354	10605	3500	15.9713855421687	DS60
WECC31381	775	13439	11495	3724	14.8322580645161	DS60
WECC31382	851	20592	18025	4734	21.1809635722679	DS60
WECC31383	564	13598	8681	2175	15.3918439716312	DS60
WECC31384	700	14677	13334	3946	19.0485714285714	DS60
WECC32002	352	8509	6714	2039	19.0738636363636	DS60
WECC32003	1359	38826	35395	11808	26.0448859455482	DS60
WECC32004	970	34325	28315	6849	29.1907216494845	DS60
WECC32005	394	9766	8701	2586	22.0837563451777	DS60
WECC32006	273	7057	5634	1588	20.6373626373626	DS60
WECC32008	2979	106089	92123	29846	30.9241356159785	DS60
WECC32009	957	27804	26034	7157	27.2037617554859	DS60
WECC32011	746	18784	19002	6494	25.4718498659517	DS60
WECC32012	1605	53143	47471	12577	29.5769470404984	DS60
WECC32013	1640	40053	42420	15631	25.8658536585366	DS60
WECC32014	467	10984	9519	2972	20.3832976445396	DS60
WECC32015	243	5729	5273	1400	21.6995884773663	DS60
WECC32016	492	10882	11855	4487	24.0955284552846	DS60
WECC32018	402	9440	8164	2499	20.3084577114428	DS60
WECC32021	313	6721	6975	2671	22.2843450479233	DS60
WECC32023	364	9290	7796	2781	21.4175824175824	DS60
WECC32026	263	7501	5361	1405	20.384030418251	DS60
WECC32027	421	8815	8192	2561	19.458432304038	DS60
WECC32028	3637	95760	102267	34674	28.1185042617542	DS60
WECC32029	1829	42851	47049	18860	25.7238928376162	DS60
WECC32032	511	13049	10983	4080	21.4931506849315	DS60
WECC32033	698	15344	17208	6508	24.6532951289398	DS60
WECC32036	702	15863	15497	4252	22.0754985754986	DS60
WECC32037	274	5417	4667	1620	17.0328467153285	DS60
WECC32038	963	24155	22281	7105	23.1370716510903	DS60
WECC32039	405	9121	8687	3365	21.4493827160494	DS60
WECC32040	261	5588	4711	1578	18.0498084291188	DS60
WECC32041	1858	96348	66329	12611	35.6991388589882	DS60
WECC32046	1650	38467	43527	16638	26.38	DS60
WECC32048	2269	53113	57333	22498	25.2679594535038	DS60
WECC32049	2122	58852	57962	21778	27.3147973609802	DS60
WECC32050	449	9235	8027	2838	17.8775055679287	DS60
WECC32052	1184	28383	31651	11920	26.7322635135135	DS60
WECC32053	342	9962	7269	1575	21.2543859649123	DS60
WECC32054	1968	50825	55780	19593	28.3434959349594	DS60
WECC32055	622	15717	15277	5710	24.5610932475884	DS60
WECC32056	1383	35521	33229	12418	24.0267534345625	DS60
WECC32057	1461	31894	39426	16138	26.9856262833676	DS60
WECC32058	2333	52890	61141	25655	26.2070295756537	DS60
WECC32061	452	9169	11077	4746	24.5066371681416	DS60
WECC32062	1490	28958	32020	12670	21.489932885906	DS60
WECC32063	623	20956	17841	4863	28.6372391653291	DS60
WECC32065	2545	84359	76921	19426	30.2243614931238	DS60
WECC32068	533	17425	15047	4340	28.2307692307692	DS60
WECC32069	130	2380	1812	658	13.9384615384615	DS60
WECC32070	1446	47920	45675	14299	31.5871369294606	DS60
WECC32071	1847	44029	51527	19725	27.897671900379	DS60
WECC32072	2459	78312	79831	25528	32.4648230988207	DS60
WECC32073	1740	58073	51711	14263	29.7189655172414	DS60
WECC32074	2924	84712	88841	29693	30.3833789329685	DS60
WECC32075	596	15141	15025	4587	25.2097315436242	DS60
WECC32076	359	7973	8068	3102	22.4735376044568	DS60
WECC32077	1332	35026	35410	11880	26.5840840840841	DS60
WECC32079	505	9538	10926	4248	21.6356435643564	DS60
WECC32080	894	22810	25222	9266	28.2125279642058	DS60
WECC32081	1086	26985	28910	10750	26.6206261510129	DS60
WECC32082	808	21017	20799	5664	25.7413366336634	DS60
WECC32085	1009	21778	25811	10293	25.5807730426165	DS60
WECC32086	644	16077	13287	4703	20.6319875776398	DS60
WECC32089	382	9064	8011	2217	20.9712041884817	DS60
WECC32090	567	12796	10807	2753	19.0599647266314	DS60
WECC32091	646	17940	16617	5246	25.7229102167183	DS60
WECC32092	382	8876	6993	1607	18.3062827225131	DS60
WECC32093	3539	71694	89804	37035	25.375529810681	DS60
WECC32094	1413	38829	33034	9725	23.378627034678	DS60
WECC32095	350	9939	7248	1861	20.7085714285714	DS60
WECC32098	327	9206	7562	2126	23.1253822629969	DS60
WECC32099	712	17369	18052	6314	25.3539325842697	DS60
WECC32101	1713	47382	41182	9939	24.0408639813193	DS60
WECC32102	237	4358	3277	975	13.8270042194093	DS60
WECC32103	688	21308	20035	4693	29.1206395348837	DS60
WECC32104	1831	61321	54849	17440	29.9557618787548	DS60
WECC32105	618	16790	17850	5892	28.8834951456311	DS60
WECC32106	133	2546	2152	567	16.1804511278195	DS60
WECC32107	319	7908	7117	2737	22.3103448275862	DS60
WECC32108	1209	35302	31899	9907	26.3846153846154	DS60
WECC32109	389	9831	8312	1782	21.3676092544987	DS60
WECC32111	1054	27512	25619	6512	24.3064516129032	DS60
WECC32112	1196	37804	36581	12713	30.5861204013378	DS60
WECC32113	579	12704	12401	4767	21.4179620034542	DS60
WECC32114	302	5163	4903	1625	16.2350993377483	DS60
WECC32118	413	9828	8653	2884	20.9515738498789	DS60
WECC32120	774	25599	21487	6268	27.7609819121447	DS60
WECC32121	459	9307	7726	2238	16.8322440087146	DS60
WECC32122	480	13714	10681	3259	22.2520833333333	DS60
WECC32123	137	4141	2344	559	17.1094890510949	DS60
WECC32124	575	10901	11606	4455	20.184347826087	DS60
WECC32125	391	11292	10201	3357	26.0895140664962	DS60
WECC32126	151	3129	2998	992	19.8543046357616	DS60
WECC32127	1045	26366	22993	5716	22.0028708133971	DS60
WECC32128	329	7769	6326	2032	19.2279635258359	DS60
WECC32130	681	15340	15852	6459	23.2775330396476	DS60
WECC32132	605	15449	15361	6454	25.3900826446281	DS60
WECC32133	227	4553	3610	1101	15.9030837004405	DS60
WECC32134	2264	60767	65228	21133	28.8109540636042	DS60
WECC32135	917	17641	22445	9266	24.4765539803708	DS60
WECC32138	988	32522	27964	8826	28.3036437246964	DS60
WECC32139	430	9082	9350	3397	21.7441860465116	DS60
WECC32142	570	11386	10887	4352	19.1	DS60
WECC32143	1028	26688	27768	10122	27.011673151751	DS60
WECC32144	605	13929	14447	5332	23.8793388429752	DS60
WECC32147	1122	29140	27808	10131	24.7843137254902	DS60
WECC32148	787	18211	19264	6847	24.4777636594663	DS60
WECC32149	367	7426	7838	2783	21.3569482288828	DS60
WECC32153	300	7167	6483	1936	21.61	DS60
WECC32154	955	20008	21569	7660	22.5853403141361	DS60
WECC32155	186	4599	3508	945	18.8602150537634	DS60
WECC32156	595	11933	12274	5003	20.6285714285714	DS60
WECC32158	432	9102	9673	4152	22.3912037037037	DS60
WECC32159	823	21759	21773	6913	26.4556500607533	DS60
WECC32161	899	33645	27003	6342	30.0367074527253	DS60
WECC32162	259	6360	4914	1225	18.972972972973	DS60
WECC32163	325	5576	5954	2085	18.32	DS60
WECC32164	363	7496	7635	2190	21.0330578512397	DS60
WECC32167	285	6096	6177	2095	21.6736842105263	DS60
WECC32168	3407	121176	101899	28379	29.9087173466393	DS60
WECC32169	619	15765	15359	5588	24.8126009693053	DS60
WECC32170	213	3336	2778	827	13.0422535211268	DS60
WECC32171	799	23038	20766	8753	25.9899874843554	DS60
WECC32172	331	8489	6472	1754	19.5528700906344	DS60
WECC32173	416	9144	10077	4142	24.2235576923077	DS60
WECC32174	201	3878	3098	811	15.4129353233831	DS60
WECC32176	1300	45680	38888	10701	29.9138461538462	DS60
WECC32177	721	14834	17098	6589	23.7142857142857	DS60
WECC32178	751	16442	18203	7390	24.2383488681758	DS60
WECC32179	484	10774	9736	2883	20.1157024793388	DS60
WECC32180	1496	45901	42733	13410	28.5648395721925	DS60
WECC32181	939	28516	25513	9012	27.1703940362087	DS60
WECC32184	1004	38318	30654	7490	30.5318725099602	DS60
WECC32185	1568	32870	39286	15557	25.0548469387755	DS60
WECC32187	1560	43417	42346	15661	27.1448717948718	DS60
WECC32190	2178	53842	54043	19610	24.8131313131313	DS60
WECC32191	385	9019	8722	3095	22.6545454545455	DS60
WECC32192	1315	32826	34434	12419	26.1855513307985	DS60
WECC32197	1490	45176	42945	12830	28.8221476510067	DS60
WECC32198	330	10414	7263	1916	22.0090909090909	DS60
WECC32200	2642	85885	80233	27577	30.3682816048448	DS60
WECC32201	867	26502	26824	7237	30.9388696655133	DS60
WECC32202	282	8432	6453	2297	22.8829787234043	DS60
WECC32203	1018	23551	25000	9535	24.5579567779961	DS60
WECC32205	321	8400	7304	2098	22.7538940809969	DS60
WECC32209	532	11510	11448	3932	21.5187969924812	DS60
WECC32210	238	5563	4209	1325	17.6848739495798	DS60
WECC32213	916	19532	22240	8682	24.2794759825328	DS60
WECC32215	883	22038	21493	7732	24.3408833522084	DS60
WECC32216	701	20476	18204	6281	25.9686162624822	DS60
WECC32217	537	8726	9724	3803	18.1080074487896	DS60
WECC32218	761	17052	18358	6945	24.1235216819974	DS60
WECC32219	701	15397	16547	6618	23.60485021398	DS60
WECC32220	1604	38763	43204	16437	26.9351620947631	DS60
WECC32221	393	9322	8281	3415	21.0712468193384	DS60
WECC32228	100	1924	1235	438	12.35	DS60
WECC32229	218	4637	2862	714	13.1284403669725	DS60
WECC32231	465	11326	11414	4162	24.5462365591398	DS60
WECC32232	1771	55123	50359	18879	28.4353472614342	DS60
WECC32233	682	17743	16717	6422	24.5117302052786	DS60
WECC32234	241	5743	4560	1537	18.9211618257261	DS60
WECC32235	207	5872	4419	1066	21.3478260869565	DS60
WECC32236	2258	59622	66259	24952	29.3441098317095	DS60
WECC32237	5160	171800	162328	54546	31.4589147286822	DS60
WECC32238	604	13403	15875	6288	26.2831125827815	DS60
WECC32239	633	14779	16665	6699	26.3270142180095	DS60
WECC32240	1205	37113	35412	14082	29.3875518672199	DS60
WECC32241	239	4195	3007	853	12.581589958159	DS60
WECC32242	231	5100	4367	1340	18.9047619047619	DS60
WECC32243	248	4340	2714	415	10.9435483870968	DS60
WECC32244	1153	27795	28762	9130	24.9453599306158	DS60
WECC32245	459	10410	9848	3147	21.4553376906318	DS60
WECC32246	321	7658	5201	1710	16.202492211838	DS60
WECC32247	482	16892	13316	2642	27.6265560165975	DS60
WECC32248	1228	24667	25933	9728	21.1180781758958	DS60
WECC32249	743	18967	19051	6865	25.6406460296097	DS60
WECC32250	1868	52759	54097	21061	28.9598501070664	DS60
WECC32251	912	29429	25464	6323	27.921052631579	DS60
WECC32252	1434	35986	40046	15029	27.9260808926081	DS60
WECC32253	559	23340	18772	3947	33.5813953488372	DS60
WECC32256	262	4903	4425	1501	16.8893129770992	DS60
WECC32257	773	18308	17116	5487	22.1423027166882	DS60
WECC32258	312	5889	5998	2117	19.224358974359	DS60
WECC32262	357	10302	9551	2692	26.7535014005602	DS60
WECC32264	730	19607	18697	7050	25.6123287671233	DS60
WECC32265	758	15843	17898	6677	23.6121372031662	DS60
WECC32267	400	8617	9268	3606	23.17	DS60
WECC32268	250	5514	3989	1335	15.956	DS60
WECC32269	3494	83199	97976	38312	28.0412135088724	DS60
WECC32270	503	9343	10652	4284	21.1769383697813	DS60
WECC32271	422	14164	12810	3343	30.3554502369668	DS60
WECC32273	636	16552	16874	6082	26.5314465408805	DS60
WECC32274	207	4890	3514	948	16.975845410628	DS60
WECC32275	1940	62857	55389	16755	28.5510309278351	DS60
WECC32277	746	17459	18030	6372	24.1689008042895	DS60
WECC32278	445	9482	8786	3036	19.7438202247191	DS60
WECC32279	1431	38218	43380	16351	30.314465408805	DS60
WECC32280	159	2836	2144	626	13.4842767295598	DS60
WECC32282	671	17493	16993	6307	25.3248882265276	DS60
WECC32285	367	10046	7741	2071	21.0926430517711	DS60
WECC32286	278	7293	5325	1496	19.1546762589928	DS60
WECC32287	429	9045	8394	2474	19.5664335664336	DS60
WECC32288	1195	25538	27027	9909	22.6167364016736	DS60
WECC32290	838	25720	22608	6201	26.9785202863962	DS60
WECC32291	1927	64592	62533	19624	32.4509600415153	DS60
WECC32294	723	16164	16795	6000	23.2295988934993	DS60
WECC32295	457	13493	10189	2658	22.2954048140044	DS60
WECC32299	608	12968	12643	5067	20.7944078947368	DS60
WECC32300	342	11310	9012	2077	26.3508771929825	DS60
WECC32301	491	14664	10794	2921	21.9837067209776	DS60
WECC32303	1353	33408	35307	13624	26.0953436807095	DS60
WECC32304	460	11247	10349	2793	22.4978260869565	DS60
WECC32305	668	18379	17941	5625	26.8577844311377	DS60
WECC32307	1804	39734	47526	17895	26.3447893569845	DS60
WECC32310	569	15106	13325	5210	23.4182776801406	DS60
WECC32313	1132	28584	28514	10870	25.1890459363958	DS60
WECC32315	270	6029	4354	1584	16.1259259259259	DS60
WECC32316	922	20073	24261	10324	26.3134490238612	DS60
WECC32317	285	5307	5198	1869	18.2385964912281	DS60
WECC32318	358	7082	6033	1963	16.8519553072626	DS60
WECC32319	1019	21136	20946	8466	20.5554465161923	DS60
WECC32320	2096	67875	62852	21819	29.9866412213741	DS60
WECC32325	823	17866	22420	9508	27.2417982989064	DS60
WECC32326	1685	45408	45839	16821	27.2041543026706	DS60
WECC32328	1444	38701	39020	13890	27.02216066482	DS60
WECC32331	611	15654	14863	3750	24.3256955810147	DS60
WECC32332	610	13848	14703	5588	24.1032786885246	DS60
WECC32335	864	26542	23110	7370	26.7476851851852	DS60
WECC32336	287	6278	4150	1253	14.4599303135889	DS60
WECC32340	747	18426	18175	6131	24.330655957162	DS60
WECC32341	719	21545	19716	6569	27.4214186369958	DS60
WECC32342	233	4083	2710	474	11.6309012875536	DS60
WECC32345	411	10004	9478	2671	23.0608272506083	DS60
WECC32346	421	8341	9794	4014	23.2636579572447	DS60
WECC32347	420	8637	8070	3223	19.2142857142857	DS60
WECC32348	509	11676	10787	3880	21.1925343811395	DS60
WECC32350	852	21901	22262	7963	26.1291079812207	DS60
WECC32351	1010	25197	25350	8817	25.0990099009901	DS60
WECC32352	413	7536	7904	2754	19.138014527845	DS60
WECC32353	304	6732	5055	1686	16.6282894736842	DS60
WECC32355	215	3904	3081	871	14.3302325581395	DS60
WECC32357	1486	33473	40548	15984	27.2866756393001	DS60
WECC32358	570	16987	15665	4508	27.4824561403509	DS60
WECC32359	892	24269	22891	7058	25.6625560538117	DS60
WECC32360	350	7420	7562	2611	21.6057142857143	DS60
WECC32363	1577	50336	50127	14789	31.7863031071655	DS60
WECC32365	884	23658	21432	7572	24.2443438914027	DS60
WECC32366	146	3202	1236	340	8.46575342465753	DS60
WECC32368	1212	31961	31687	10475	26.1443894389439	DS60
WECC32369	1145	34394	32026	9041	27.9703056768559	DS60
WECC32370	600	13707	12889	4692	21.4816666666667	DS60
WECC32372	1740	53829	53557	17172	30.7798850574713	DS60
WECC32374	608	17154	16381	4852	26.9424342105263	DS60
WECC32375	522	15153	14631	5238	28.0287356321839	DS60
WECC32376	4442	123581	128496	47273	28.9275101305718	DS60
WECC32377	1108	28341	28974	10313	26.1498194945848	DS60
WECC32380	503	10320	10824	3855	21.5188866799205	DS60
WECC32381	1385	37183	34633	13009	25.0057761732852	DS60
WECC32383	1783	47121	48316	17457	27.0981491867639	DS60
WECC32384	187	2516	1068	263	5.71122994652406	DS60
WSETLV0001001	1070	22294	21655	7789	20.2383177570093	DS60
WSETLV0001002	831	15898	15067	4922	18.1311672683514	DS60
WSETLV0001003	355	6985	6119	1878	17.2366197183099	DS60
WSETLV0001004	1203	30194	25522	6804	21.2152950955943	DS60
WSETLV0001006	421	7898	6868	2392	16.3135391923991	DS60
WSETLV0001007	2493	87665	61329	13251	24.6004813477738	DS60
WSETLV0001008	351	7339	5271	1654	15.017094017094	DS60
WSETLV0001009	1095	21991	20161	6325	18.4118721461187	DS60
WSETLV0001011	982	17160	16271	5177	16.5692464358452	DS60
WSETLV0001014	421	8422	7125	2422	16.9239904988124	DS60
WSETLV0001015	938	25906	18866	5706	20.1130063965885	DS60
WSETLV0001017	610	12396	10544	3096	17.2852459016393	DS60
WSETLV0001019	399	8461	6922	1835	17.3483709273183	DS60
WSETLV0001020	1419	32108	28723	7812	20.2417195207893	DS60
WSETLV0001023	601	11392	10462	3410	17.4076539101498	DS60
WSETLV0001025	432	10144	8264	2228	19.1296296296296	DS60
WSETLV0001026	742	12944	13452	3981	18.1293800539084	DS60
WSETLV0001027	1067	23051	19375	5715	18.1583880037488	DS60
WSETLV0001028	1483	30126	27939	9900	18.8395144976399	DS60
WSETLV0001030	535	11876	10602	3335	19.8168224299065	DS60
WSETLV0001031	1453	35095	30136	8854	20.7405368203716	DS60
WSETLV0001032	256	4296	3287	1110	12.83984375	DS60
WSETLV0001033	969	20231	17367	4578	17.922600619195	DS60
WSETLV0001034	1060	17192	18356	4499	17.3169811320755	DS60
WSETLV0001035	806	18574	15008	3682	18.6203473945409	DS60
WSETLV0001036	2085	55895	46783	12533	22.4378896882494	DS60
WSETLV0001037	1671	40492	33888	9586	20.2800718132855	DS60
WSETLV0001038	654	9408	10591	4607	16.1941896024465	DS60
WSETLV0001040	233	3830	3175	1288	13.6266094420601	DS60
WSETLV0001042	2773	67285	57964	14829	20.9029931482149	DS60
WSETLV0001043	1168	26909	23517	6677	20.1344178082192	DS60
WSETLV0001046	475	8032	6778	2730	14.2694736842105	DS60
WSETLV0001049	990	15941	17760	6793	17.9393939393939	DS60
WSETLV0001050	423	8740	7472	2760	17.6643026004728	DS60
WSETLV0001051	598	14671	12211	3387	20.4197324414716	DS60
WSETLV0001052	488	8253	7086	2266	14.5204918032787	DS60
WSETLV0001053	912	17702	16953	5804	18.5888157894737	DS60
WSETLV0001054	335	6796	4901	1586	14.6298507462687	DS60
WSETLV0001055	1437	39008	30244	7965	21.0466249130132	DS60
WSETLV0001057	507	10400	8474	2437	16.7140039447732	DS60
WSETLV0001058	1346	29942	25628	7107	19.0401188707281	DS60
WSETLV0001059	623	12368	11643	3874	18.6886035313002	DS60
WSETLV0001060	395	7827	6235	2130	15.7848101265823	DS60
WSETLV0001061	314	4884	3603	1402	11.4745222929936	DS60
WSETLV0001063	1279	32063	27301	8042	21.3455824863174	DS60
WSETLV0001064	311	5245	3151	1023	10.1318327974277	DS60
WSETLV0001065	1437	32317	27719	8147	19.2894919972164	DS60
WSETLV0001066	670	14804	11078	3412	16.534328358209	DS60
WSETLV0001067	967	21875	18110	4536	18.7280248190279	DS60
WSETLV0001068	267	5678	3822	1064	14.314606741573	DS60
WSETLV0001069	317	6209	4535	1397	14.3059936908517	DS60
WSETLV0001071	1013	19642	19546	7412	19.2951628825271	DS60
WSETLV0001072	765	11757	12421	5226	16.2366013071895	DS60
WSETLV0001073	445	10029	7317	2447	16.4426966292135	DS60
WSETLV0001075	700	13660	12934	4019	18.4771428571429	DS60
WSETLV0001076	837	14385	15752	6421	18.8195937873357	DS60
WSETLV0001077	425	7598	5437	1543	12.7929411764706	DS60
WSETLV0001080	618	10313	10900	4193	17.6375404530744	DS60
WSETLV0001081	970	24302	19686	5811	20.2948453608247	DS60
WSETLV0001082	768	13563	13304	4801	17.3229166666667	DS60
WSETLV0001084	524	9600	7061	2595	13.4751908396947	DS60
WSETLV0001085	674	13845	10705	3820	15.8827893175074	DS60
WSETLV0001086	682	11853	10754	4270	15.7683284457478	DS60
WSETLV0001087	626	15138	9692	2442	15.482428115016	DS60
WSETLV0001088	1214	23436	21846	8306	17.995057660626	DS60
WSETLV0001089	2863	60227	61644	23272	21.531260915124	DS60
WSETLV0001090	2101	34405	39989	15234	19.0333174678724	DS60
WSETLV0001091	1205	24024	22375	7342	18.5684647302905	DS60
WSETLV0001092	765	12379	11782	3979	15.4013071895425	DS60
WSETLV0001093	320	5910	4266	1468	13.33125	DS60
WSETLV0001094	708	17168	13111	3479	18.5183615819209	DS60
WSETLV0001097	701	11306	13302	5411	18.9757489300999	DS60
WSETLV0001098	364	6142	5016	1858	13.7802197802198	DS60
WSETLV0001099	637	10373	9966	3708	15.6452119309262	DS60
WSETLV0001100	682	11460	12080	4562	17.7126099706745	DS60
WSETLV0001101	491	5696	4967	1522	10.1160896130346	DS60
WSETLV0001102	774	14855	16330	5911	21.0981912144703	DS60
WSETLV0001103	1454	33569	31027	11289	21.3390646492435	DS60
WSETLV0001104	420	7152	5919	1953	14.0928571428571	DS60
WSETLV0001105	469	7157	7362	2712	15.6972281449893	DS60
WSETLV0001106	895	18191	16170	5506	18.0670391061453	DS60
WSETLV0001107	305	5804	3810	1301	12.4918032786885	DS60
WSETLV0001108	450	9472	7583	2698	16.8511111111111	DS60
WSETLV0001112	356	6773	4908	1549	13.7865168539326	DS60
WSETLV0001113	1054	20733	20528	7106	19.4762808349146	DS60
WSETLV0001114	1037	18648	19416	6744	18.7232401157184	DS60
WSETLV0001115	637	15854	12773	3785	20.0518053375196	DS60
WSETLV0001116	414	7101	6251	2391	15.0990338164251	DS60
WSETLV0001118	752	15364	13782	4470	18.3271276595745	DS60
WSETLV0001119	465	8057	5152	1485	11.0795698924731	DS60
WSETLV0001120	938	16644	17787	7074	18.9626865671642	DS60
WSETLV0001122	1042	23961	20967	6542	20.1218809980806	DS60
WSETLV0001123	307	4400	3657	1049	11.9120521172638	DS60
WSETLV0001127	354	6145	4637	1555	13.0988700564972	DS60
WSETLV0001129	368	6795	6174	1820	16.7771739130435	DS60
WSETLV0001130	1335	32838	28463	7107	21.3205992509363	DS60
WSETLV0001136	427	7218	6434	2556	15.0679156908665	DS60
WSETLV0001137	633	11520	11394	4111	18	DS60
WSETLV0001138	955	23700	21129	6744	22.1246073298429	DS60
WSETLV0001139	760	16947	14649	4166	19.275	DS60
WSETLV0001140	999	25029	21451	5643	21.4724724724725	DS60
WSETLV0001141	462	8412	7352	2922	15.9134199134199	DS60
WSETLV0001143	741	14009	11493	3762	15.5101214574899	DS60
WSETLV0001145	1431	26438	28902	11027	20.1970649895178	DS60
WSETLV0001146	273	4446	3374	1301	12.3589743589744	DS60
WSETLV0001149	378	5700	4787	2030	12.6640211640212	DS60
WSETLV0001150	406	7014	6718	2598	16.5467980295567	DS60
WSETLV0001153	290	5520	3370	1244	11.6206896551724	DS60
WSETLV0001154	1890	46327	38716	10789	20.4846560846561	DS60
WSETLV0001156	313	6327	3508	1078	11.2076677316294	DS60
WSETLV0001158	361	6243	5636	2136	15.612188365651	DS60
WSETLV0001160	662	13083	11568	3944	17.4743202416918	DS60
WSETLV0001161	1245	32781	24419	5489	19.6136546184739	DS60
WSETLV0001162	1040	18933	19720	6803	18.9615384615385	DS60
WSETLV0001163	287	4956	3356	1037	11.6933797909408	DS60
WSETLV0001164	566	9921	10292	4229	18.1837455830389	DS60
WSETLV0001165	363	7123	5258	1819	14.4848484848485	DS60
WSETLV0001166	1996	64400	46683	10198	23.3882765531062	DS60
WSETLV0001170	1043	29607	22669	5074	21.7344199424736	DS60
WSETLV0001172	773	14895	15043	5299	19.4605433376455	DS60
WSETLV0001174	601	8952	9025	3830	15.0166389351082	DS60
WSETLV0001175	814	14637	14796	5227	18.1769041769042	DS60
WSETLV0001176	443	7835	6070	2276	13.7020316027088	DS60
WSETLV0001177	544	9522	10303	3962	18.9393382352941	DS60
WSETLV0001178	429	7428	6911	2466	16.1095571095571	DS60
WSETLV0001181	1210	25934	24199	8402	19.999173553719	DS60
WSETLV0001182	1260	29709	23934	7022	18.9952380952381	DS60
WSETLV0001184	674	17940	12020	3579	17.8338278931751	DS60
WSETLV0001185	1029	21363	19637	6558	19.0835762876579	DS60
WSETLV0001186	3016	91973	68859	14049	22.8312334217507	DS60
WSETLV0001187	325	6187	4002	1466	12.3138461538462	DS60
WSETLV0001188	592	12853	9876	3232	16.6824324324324	DS60
WSETLV0001190	443	6366	3880	1080	8.75846501128668	DS60
WSETLV0001191	478	9014	6741	2449	14.102510460251	DS60
WSETLV0001192	1308	35690	26626	7327	20.3562691131498	DS60
WSETLV0001198	756	13486	13949	5379	18.4510582010582	DS60
WSETLV0001200	3759	89335	76342	19651	20.3091247672253	DS60
WSETLV0001201	741	15130	13358	4327	18.0269905533063	DS60
WSETLV0001202	263	4257	3543	1200	13.4714828897338	DS60
WSETLV0001203	309	6517	4578	1558	14.8155339805825	DS60
WSETLV0001206	333	5431	4217	1490	12.6636636636637	DS60
WSETLV0001208	509	10200	9751	3607	19.1571709233792	DS60
WSETLV0001209	3369	69688	74168	28206	22.0148411991689	DS60
WSETLV0001210	467	10348	7728	2028	16.5481798715203	DS60
WSETLV0001211	670	13056	11773	3620	17.5716417910448	DS60
WSETLV0001212	352	5847	4130	1386	11.7329545454545	DS60
WSETLV0001213	424	6195	7397	3240	17.4457547169811	DS60
WSETLV0001215	921	17611	16516	5502	17.9326818675353	DS60
WSETLV0001216	472	9214	8773	3198	18.5868644067797	DS60
WSETLV0001217	735	12744	12243	4895	16.6571428571429	DS60
WSETLV0001218	926	17012	17866	6345	19.2937365010799	DS60
WSETLV0001220	285	3943	3082	1167	10.8140350877193	DS60
WSETLV0001225	689	13531	11329	2986	16.4426705370102	DS60
WSETLV0001226	927	17721	17176	6195	18.5285868392665	DS60
WSETLV0001227	792	14715	12448	3961	15.7171717171717	DS60
WSETLV0001230	627	12175	10702	3387	17.0685805422648	DS60
WSETLV0001232	533	7887	8339	3662	15.6454033771107	DS60
WSETLV0001233	442	7415	6979	2606	15.789592760181	DS60
WSETLV0001234	671	12453	13658	4949	20.354694485842	DS60
WSETLV0001235	472	8678	7939	2815	16.8199152542373	DS60
WSETLV0001236	530	9358	9348	3944	17.6377358490566	DS60
WSETLV0001237	315	4323	4155	1757	13.1904761904762	DS60
WSETLV0001238	277	5233	4380	1320	15.812274368231	DS60
WSETLV0001239	675	17255	13143	4180	19.4711111111111	DS60
WSETLV0001244	515	10122	9051	2819	17.5747572815534	DS60
WSETLV0001245	464	7791	6646	2556	14.323275862069	DS60
WSETLV0001249	1591	42548	35560	9863	22.3507228158391	DS60
WSETLV0001251	332	8157	5366	1437	16.1626506024096	DS60
WSETLV0001252	374	5783	4807	1723	12.8529411764706	DS60
WSETLV0001253	561	9899	8665	3194	15.445632798574	DS60
WSETLV0001255	495	9671	9047	3343	18.2767676767677	DS60
WSETLV0001256	713	13549	11835	4090	16.5988779803647	DS60
WSETLV0001258	540	9875	9337	3145	17.2907407407407	DS60
WSETLV0001260	619	11323	9445	2977	15.2584814216478	DS60
WSETLV0001261	416	8093	7011	2043	16.8533653846154	DS60
WSETLV0001262	621	14022	11260	3867	18.1320450885668	DS60
WSETLV0001263	698	10795	12137	4770	17.3882521489971	DS60
WSETLV0001264	391	6787	4400	1517	11.2531969309463	DS60
WSETLV0001265	267	4254	3524	1121	13.1985018726592	DS60
WSETLV0001267	645	11880	12282	4320	19.0418604651163	DS60
WSETLV0001269	628	10729	10922	4323	17.3917197452229	DS60
WSETLV0001270	331	4738	3507	1293	10.595166163142	DS60
WSETLV0001271	854	23532	17657	4838	20.675644028103	DS60
WSETLV0001273	575	15588	10792	2818	18.7686956521739	DS60
WSETLV0001274	1100	25490	22331	6084	20.3009090909091	DS60
WSETLV0001275	734	14759	12373	3729	16.8569482288828	DS60
WSETLV0001276	320	5315	3924	1551	12.2625	DS60
WSETLV0001278	871	20710	17189	5426	19.7347876004592	DS60
WSETLV0001279	465	8040	7518	2758	16.1677419354839	DS60
WSETLV0001282	1404	41384	30783	7362	21.9252136752137	DS60
WSETLV0001283	1064	18628	19226	7277	18.0695488721805	DS60
WSETLV0001290	521	11400	9777	3402	18.7658349328215	DS60
WSETLV0001291	347	5764	4139	1357	11.9279538904899	DS60
WSETLV0001292	565	13510	10280	2742	18.1946902654867	DS60
WSETLV0001295	564	9925	7649	2562	13.5620567375887	DS60
WSETLV0001298	623	10454	10035	3164	16.107544141252	DS60
WSETLV0001299	543	8416	8524	3389	15.6979742173112	DS60
WSETLV0001302	540	15854	10659	2621	19.7388888888889	DS60
WSETLV0001303	553	9269	8320	3378	15.0452079566004	DS60
WSETLV0001307	1550	30189	29095	8911	18.7709677419355	DS60
WSETLV0001310	562	11839	9542	3277	16.9786476868327	DS60
WSETLV0001312	843	21232	15961	4801	18.9335705812574	DS60
WSETLV0001313	3193	104455	80994	21834	25.3661133730034	DS60
WSETLV0001314	537	12361	9442	2246	17.5828677839851	DS60
WSETLV0001315	474	6372	7303	3063	15.4071729957806	DS60
WSETLV0001316	471	8101	7823	2834	16.6093418259023	DS60
WSETLV0001320	1684	42228	35542	11026	21.1057007125891	DS60
WSETLV0001321	650	15741	12963	3698	19.9430769230769	DS60
WSETLV0001325	940	22564	18648	6839	19.8382978723404	DS60
WSETLV0001326	924	21348	17918	6062	19.3917748917749	DS60
WSETLV0001327	620	9389	6684	1955	10.7806451612903	DS60
WSETLV0001328	690	13100	13225	4961	19.1666666666667	DS60
WSETLV0001329	1263	31318	26731	8240	21.1646872525732	DS60
WSETLV0001330	1191	21246	22546	8772	18.9303106633081	DS60
WSETLV0001332	920	17201	17555	6443	19.0815217391304	DS60
WSETLV0001335	1145	27957	20193	5007	17.635807860262	DS60
WSETLV0001336	984	14077	15500	5934	15.7520325203252	DS60
WSETLV0001338	2461	56776	51451	15154	20.9065420560748	DS60
WSETLV0001339	1585	28319	28862	10539	18.2094637223975	DS60
WSETLV0001345	1136	22498	19686	5519	17.3292253521127	DS60
WSETLV0001348	700	10999	9022	3416	12.8885714285714	DS60
WSETLV0001350	637	12405	9088	2999	14.2668759811617	DS60
WSETLV0001354	421	6785	6578	2172	15.624703087886	DS60
WSETLV0001358	344	6050	4853	1733	14.1075581395349	DS60
WSETLV0001359	436	8759	5259	1638	12.0619266055046	DS60
WSETLV0001360	1284	24154	24380	10032	18.98753894081	DS60
WSETLV0001361	1588	26552	29636	11890	18.6624685138539	DS60
WSETLV0001362	394	6788	4872	1652	12.3654822335025	DS60
WSETLV0001363	1023	22439	18701	5381	18.2805474095797	DS60
WSETLV0001367	1115	17909	19126	7987	17.1533632286996	DS60
WSETLV0001368	1209	22616	21131	7632	17.4780810587262	DS60
WSETLV0001369	719	12271	11560	4337	16.0778859527121	DS60
WSETLV0001370	807	14039	12791	4918	15.8500619578686	DS60
WSETLV0001371	968	25863	18662	6058	19.2789256198347	DS60
WSETLV0001372	1125	28559	22122	6604	19.664	DS60
WSETLV0001374	645	13176	10933	3527	16.9503875968992	DS60
WSETLV0001375	759	13973	14716	6040	19.3886693017128	DS60
WSETLV0001377	1255	23561	25942	9423	20.6709163346614	DS60
WSETLV0001378	1340	37082	29677	7659	22.1470149253731	DS60
WSETLV0001379	1158	22974	24182	9085	20.8825561312608	DS60
WSETLV0001380	464	8684	6892	2357	14.8534482758621	DS60
WSETLV0001381	580	9461	7055	2297	12.1637931034483	DS60
WSETLV0001382	1232	19725	22929	9820	18.6112012987013	DS60
WSETLV0001383	305	5863	3549	1246	11.6360655737705	DS60
WSETLV0001384	394	6424	5534	1939	14.0456852791878	DS60
WSETLV0002001	671	18300	14965	3788	22.3025335320417	DS60
WSETLV0002004	2859	95888	77100	13925	26.9674711437566	DS60
WSETLV0002005	424	8729	7712	2401	18.188679245283	DS60
WSETLV0002006	497	12653	10493	2708	21.112676056338	DS60
WSETLV0002008	566	13098	10674	2574	18.8586572438163	DS60
WSETLV0002009	834	21955	18094	4166	21.6954436450839	DS60
WSETLV0002011	2290	63141	55464	14964	24.2200873362445	DS60
WSETLV0002012	581	12671	11043	2821	19.0068846815835	DS60
WSETLV0002014	1797	53885	46325	10918	25.7790762381747	DS60
WSETLV0002015	1060	20558	20117	5667	18.9783018867925	DS60
WSETLV0002016	529	11718	10450	3280	19.7542533081285	DS60
WSETLV0002017	6473	153963	157090	48418	24.2684999227561	DS60
WSETLV0002018	1002	27050	21663	5043	21.6197604790419	DS60
WSETLV0002019	318	6620	4828	1497	15.1823899371069	DS60
WSETLV0002020	598	13999	11292	3068	18.8829431438127	DS60
WSETLV0002021	1798	39987	38213	9666	21.2530589543938	DS60
WSETLV0002022	962	30068	24117	3941	25.0696465696466	DS60
WSETLV0002023	721	15474	14053	4913	19.4909847434119	DS60
WSETLV0002024	602	13674	11706	3424	19.4451827242525	DS60
WSETLV0002025	1516	39852	36003	9925	23.7486807387863	DS60
WSETLV0002026	4183	126309	105017	18040	25.1056657901028	DS60
WSETLV0002027	2446	61155	58975	18355	24.1107931316435	DS60
WSETLV0002029	1144	29033	26236	7006	22.9335664335664	DS60
WSETLV0002031	4680	150235	121439	20987	25.9485042735043	DS60
WSETLV0002032	3514	100669	88521	23359	25.1909504837792	DS60
WSETLV0002035	1029	23442	21180	6160	20.5830903790087	DS60
WSETLV0002036	1050	27465	23639	6214	22.5133333333333	DS60
WSETLV0002037	834	24326	18459	3991	22.1330935251799	DS60
WSETLV0002039	1448	29483	31921	11840	22.0448895027624	DS60
WSETLV0002040	1641	57107	44100	9098	26.8738574040219	DS60
WSETLV0002042	560	12055	10030	2783	17.9107142857143	DS60
WSETLV0002044	368	9668	7441	2174	20.2201086956522	DS60
WSETLV0002045	1119	24953	23245	6591	20.7730116175156	DS60
WSETLV0002046	1330	34049	29219	7141	21.9691729323308	DS60
WSETLV0002047	1722	58125	46201	10295	26.8298490127758	DS60
WSETLV0002048	499	11689	9889	3025	19.8176352705411	DS60
WSETLV0002049	384	8192	7217	2443	18.7942708333333	DS60
WSETLV0002050	1010	21373	21740	7599	21.5247524752475	DS60
WSETLV0002051	1092	27624	24469	6442	22.4075091575092	DS60
WSETLV0002052	946	26027	20861	4770	22.0517970401691	DS60
WSETLV0002054	5498	125297	133267	45423	24.2391778828665	DS60
WSETLV0002055	1137	25439	26483	8905	23.2919964819701	DS60
WSETLV0002056	308	7349	5096	1349	16.5454545454545	DS60
WSETLV0002057	508	12011	9801	3194	19.2933070866142	DS60
WSETLV0002058	1803	57660	45745	7088	25.3716028840821	DS60
WSETLV0002059	503	10673	8858	2866	17.610337972167	DS60
WSETLV0002061	657	13207	11742	4042	17.8721461187215	DS60
WSETLV0002063	620	15774	14086	4167	22.7193548387097	DS60
WSETLV0002064	931	21426	19462	5830	20.9044038668099	DS60
WSETLV0002065	1132	20393	22991	9384	20.3100706713781	DS60
WSETLV0002066	1280	34361	29566	8567	23.0984375	DS60
WSETLV0002067	2038	56627	48866	12411	23.9774288518155	DS60
WSETLV0002068	848	24122	20576	5470	24.2641509433962	DS60
WSETLV0002069	713	16353	15026	3761	21.0743338008415	DS60
WSETLV0002071	4490	132640	115760	31142	25.7817371937639	DS60
WSETLV0002073	2181	75432	60461	13855	27.7216872994039	DS60
WSETLV0002075	1828	50909	43748	12967	23.9321663019694	DS60
WSETLV0002077	585	11767	10671	3896	18.2410256410256	DS60
WSETLV0002078	575	14782	12582	3673	21.8817391304348	DS60
WSETLV0002079	5514	153045	136254	32027	24.7105549510337	DS60
WSETLV0002082	714	21210	16552	3096	23.1820728291317	DS60
WSETLV0002085	1254	31345	30581	9413	24.3867623604466	DS60
WSETLV0002086	5783	216632	171238	29305	29.6105827425212	DS60
WSETLV0002087	4582	113695	105831	29730	23.097119161938	DS60
WSETLV0002090	695	12435	12503	4269	17.989928057554	DS60
WSETLV0002091	1919	50475	48635	15592	25.3439291297551	DS60
WSETLV0002092	2558	68948	58444	13465	22.8475371383894	DS60
WSETLV0002094	614	14715	12233	3455	19.9234527687296	DS60
WSETLV0002096	668	18038	16057	4498	24.0374251497006	DS60
WSETLV0002100	980	24830	21503	5420	21.9418367346939	DS60
WSETLV0002101	542	9149	7557	1908	13.9428044280443	DS60
WSETLV0002102	1888	47411	46480	14246	24.6186440677966	DS60
WSETLV0002103	1878	57986	47048	13094	25.0521831735889	DS60
WSETLV0002105	498	10642	9337	2560	18.7489959839357	DS60
WSETLV0002107	1726	36377	37490	11552	21.720741599073	DS60
WSETLV0002109	660	15845	14245	4265	21.5833333333333	DS60
WSETLV0002111	1837	51475	45265	12362	24.6407185628743	DS60
WSETLV0002113	2119	60573	52503	12386	24.7772534214252	DS60
WSETLV0002115	1038	26398	23678	6714	22.8111753371869	DS60
WSETLV0002117	627	14667	12757	3635	20.3460925039872	DS60
WSETLV0002118	1716	39282	40714	14327	23.7261072261072	DS60
WSETLV0002119	507	9118	8800	3219	17.3570019723866	DS60
WSETLV0002120	505	10548	8895	1696	17.6138613861386	DS60
WSETLV0002121	3487	102709	84208	16620	24.1491253226269	DS60
WSETLV0002122	1474	34087	31432	7045	21.3242876526459	DS60
WSETLV0002125	474	10525	8870	2815	18.7130801687764	DS60
WSETLV0002126	459	10151	8785	2744	19.1394335511983	DS60
WSETLV0002127	3032	78381	70213	20387	23.1573218997361	DS60
WSETLV0002128	573	13744	11220	3402	19.5811518324607	DS60
WSETLV0002130	3426	94470	84295	20158	24.6044950379451	DS60
WSETLV0002132	588	10611	10812	3875	18.3877551020408	DS60
WSETLV0002133	484	9977	8493	2306	17.547520661157	DS60
WSETLV0002135	4073	74944	88510	33774	21.7309108765038	DS60
WSETLV0002136	2293	66041	53772	11604	23.4505015263847	DS60
WSETLV0002137	2851	85436	70210	16035	24.6264468607506	DS60
WSETLV0002140	1243	31946	29544	8141	23.7683024939662	DS60
WSETLV0002141	555	11960	9965	2927	17.954954954955	DS60
WSETLV0002143	3230	117960	88089	14448	27.2721362229102	DS60
WSETLV0002144	3655	119467	90557	17776	24.7761969904241	DS60
WSETLV0002145	1124	37828	28958	5040	25.7633451957295	DS60
WSETLV0002147	817	21835	19170	4713	23.4638922888617	DS60
WSETLV0002148	3091	95378	78592	16815	25.4260757036558	DS60
WSETLV0002151	1936	57022	46630	7937	24.0857438016529	DS60
WSETLV0002152	548	12409	10563	3253	19.2755474452555	DS60
WSETLV0002153	920	25187	20844	5710	22.6565217391304	DS60
WSETLV0002154	1765	43982	43352	13509	24.5620396600567	DS60
WSETLV0002156	4336	135670	112519	24953	25.9499538745387	DS60
WSETLV0002159	2977	91247	73564	17536	24.7107826671145	DS60
WSETLV0002160	658	16397	14078	3263	21.3951367781155	DS60
WSETLV0002161	413	8735	8064	2567	19.5254237288136	DS60
WSETLV0002162	984	24767	21675	6538	22.0274390243902	DS60
WSETLV0002164	386	7527	6300	2267	16.3212435233161	DS60
WSETLV0002165	279	5548	3620	1343	12.9749103942652	DS60
WSETLV0002166	1748	47279	38894	8370	22.2505720823799	DS60
WSETLV0002167	561	13668	11881	2351	21.1782531194296	DS60
WSETLV0002168	1600	31601	32845	11481	20.528125	DS60
WSETLV0002169	1096	28822	24606	6577	22.4507299270073	DS60
WSETLV0002170	315	6666	5082	1629	16.1333333333333	DS60
WSETLV0002171	590	11448	11093	3610	18.8016949152542	DS60
WSETLV0002172	2106	80235	59891	10517	28.4382716049383	DS60
WSETLV0002173	345	7552	5025	1586	14.5652173913043	DS60
WSETLV0002174	703	14816	14773	5317	21.0142247510669	DS60
WSETLV0002175	1225	38193	31468	5908	25.6881632653061	DS60
WSETLV0002176	6366	181328	156371	43468	24.5634621426327	DS60
WSETLV0002178	2569	77900	67764	18851	26.3775788244453	DS60
WSETLV0002180	785	16376	17661	7029	22.4980891719745	DS60
WSETLV0002182	4621	144623	121461	33092	26.2845704392989	DS60
WSETLV0002185	926	21224	18438	4747	19.9114470842333	DS60
WSETLV0002186	492	10516	9189	2751	18.6768292682927	DS60
WSETLV0002187	1229	29356	26161	6912	21.286411716843	DS60
WSETLV0002191	453	8595	6195	2114	13.6754966887417	DS60
WSETLV0002192	899	19561	15891	3887	17.6763070077864	DS60
WSETLV0002193	324	6283	4773	1510	14.7314814814815	DS60
WSETLV0002195	388	10151	8008	1710	20.639175257732	DS60
WSETLV0002197	1344	39130	33505	7484	24.9293154761905	DS60
WSETLV0002199	955	25761	22624	5827	23.6900523560209	DS60
WSETLV0002200	1432	40178	32552	6410	22.731843575419	DS60
WSETLV0002201	1041	25789	23551	6804	22.6234390009606	DS60
WSETLV0002202	261	4793	3971	1376	15.2145593869732	DS60
WSETLV0002203	948	24893	20948	5182	22.0970464135021	DS60
WSETLV0002204	377	9125	7493	2115	19.8753315649867	DS60
WSETLV0002205	694	16309	14874	5001	21.4322766570605	DS60
WSETLV0002206	1202	33104	27578	6803	22.9434276206323	DS60
WSETLV0002207	356	7242	6517	1918	18.3061797752809	DS60
WSETLV0002208	1933	69758	54862	9880	28.3817899637869	DS60
WSETLV0002209	3850	120804	98541	19017	25.5950649350649	DS60
WSETLV0002210	551	15962	12929	3134	23.464609800363	DS60
WSETLV0002211	2882	51769	67061	27554	23.2689104788341	DS60
WSETLV0002215	1278	33195	29647	8882	23.197965571205	DS60
WSETLV0002216	4076	172779	130988	25800	32.1364082433759	DS60
WSETLV0002217	796	15670	15922	5396	20.0025125628141	DS60
WSETLV0002218	1456	36261	34581	10353	23.7506868131868	DS60
WSETLV0002219	1020	24528	21527	4657	21.1049019607843	DS60
WSETLV0002220	451	8805	7778	2386	17.2461197339246	DS60
WSETLV0002221	947	20909	20300	6671	21.4361140443506	DS60
WSETLV0002222	1067	27591	25235	7963	23.6504217432053	DS60
WSETLV0002223	484	15471	10568	1889	21.8347107438017	DS60
WSETLV0002224	1544	42594	37219	10298	24.1055699481865	DS60
WSETLV0002225	482	9550	8794	2578	18.2448132780083	DS60
WSETLV0002226	1788	44127	40098	10478	22.4261744966443	DS60
WSETLV0002227	913	20876	19529	6224	21.3899233296824	DS60
WSETLV0002229	1181	35874	28376	5638	24.0270956816257	DS60
WSETLV0002230	705	19627	16296	4685	23.1148936170213	DS60
WSETLV0002231	462	10173	7966	2033	17.2424242424242	DS60
WSETLV0002232	1219	26858	27610	9677	22.6497128794094	DS60
WSETLV0002233	668	13579	13157	4686	19.6961077844311	DS60
WSETLV0002234	345	7661	6504	1737	18.8521739130435	DS60
WSETLV0002235	940	19087	19679	6827	20.9351063829787	DS60
WSETLV0002237	1025	18900	20354	7381	19.8575609756098	DS60
WSETLV0002239	577	14327	12203	3081	21.1490467937608	DS60
WSETLV0002240	819	23029	18496	3791	22.5836385836386	DS60
WSETLV0002241	910	19508	18052	5147	19.8373626373626	DS60
WSETLV0002242	1079	37399	28577	5688	26.4847080630213	DS60
WSETLV0002245	505	11960	10080	2829	19.960396039604	DS60
WSETLV0002246	845	22526	20522	5847	24.2863905325444	DS60
WSETLV0002247	593	20855	14613	2674	24.6424957841484	DS60
WSETLV0002248	456	10237	9001	3067	19.7390350877193	DS60
WSETLV0002249	3297	84918	83762	27824	25.4055201698514	DS60
WSETLV0002250	670	13014	14030	5640	20.9402985074627	DS60
WSETLV0002251	321	6715	5577	1887	17.3738317757009	DS60
WSETLV0002252	716	15735	14881	4861	20.7835195530726	DS60
WSETLV0002253	735	14477	13850	4540	18.843537414966	DS60
WSETLV0002255	1388	39759	32806	6650	23.635446685879	DS60
WSETLV0002256	876	17762	17768	6052	20.2831050228311	DS60
WSETLV0002257	600	12235	12406	4626	20.6766666666667	DS60
WSETLV0002258	754	15671	15573	5365	20.6538461538462	DS60
WSETLV0002261	501	9484	9782	3738	19.5249500998004	DS60
WSETLV0002265	1180	20332	25716	10233	21.7932203389831	DS60
WSETLV0002266	928	20051	18817	5749	20.2769396551724	DS60
WSETLV0002267	541	11926	10847	3417	20.0499075785582	DS60
WSETLV0002268	821	16236	15659	5621	19.0730816077954	DS60
WSETLV0002269	260	5078	3316	1116	12.7538461538462	DS60
WSETLV0002270	591	11227	10356	3516	17.5228426395939	DS60
WSETLV0002273	867	23730	19094	4039	22.0230680507497	DS60
WSETLV0002274	1878	46197	45054	13025	23.9904153354633	DS60
WSETLV0002278	1192	29217	27574	7428	23.1325503355705	DS60
WSETLV0002279	2039	38909	48307	19230	23.6915154487494	DS60
WSETLV0002282	1464	36938	36837	11478	25.1618852459016	DS60
WSETLV0002283	403	9729	8085	2452	20.0620347394541	DS60
WSETLV0002286	736	16949	15857	4619	21.5448369565217	DS60
WSETLV0002290	1576	38030	35609	11122	22.5945431472081	DS60
WSETLV0002292	624	13854	12672	3683	20.3076923076923	DS60
WSETLV0002293	621	11517	12111	4689	19.5024154589372	DS60
WSETLV0002294	478	11508	9499	3004	19.8723849372385	DS60
WSETLV0002297	629	14007	12484	4288	19.8473767885533	DS60
WSETLV0002298	1988	46822	46195	14892	23.2369215291751	DS60
WSETLV0002299	1467	29104	30887	10821	21.054533060668	DS60
WSETLV0002300	492	9071	8124	2550	16.5121951219512	DS60
WSETLV0002301	1076	27840	25605	7258	23.796468401487	DS60
WSETLV0002303	449	10265	7896	2270	17.5857461024499	DS60
WSETLV0002304	1929	61955	49962	9773	25.900466562986	DS60
WSETLV0002305	1059	27235	23386	6174	22.0830972615675	DS60
WSETLV0002307	1866	49808	41035	8722	21.9908896034298	DS60
WSETLV0002310	800	19492	16949	3632	21.18625	DS60
WSETLV0002311	1754	48730	40689	9886	23.1978335233751	DS60
WSETLV0002313	2417	78251	65538	15512	27.1154323541581	DS60
WSETLV0002314	529	12043	9232	2069	17.4517958412098	DS60
WSETLV0002316	809	21438	17511	4561	21.6452410383189	DS60
WSETLV0002317	1207	33989	28952	6630	23.986743993372	DS60
WSETLV0002319	1416	41094	34049	7130	24.0459039548023	DS60
WSETLV0002320	3453	114854	92999	21184	26.9328120474949	DS60
WSETLV0002321	7569	243070	202449	47128	26.7471264367816	DS60
WSETLV0002322	825	17721	16322	4753	19.7842424242424	DS60
WSETLV0002323	1498	39410	34281	8164	22.8845126835781	DS60
WSETLV0002324	2476	78708	63600	12581	25.686591276252	DS60
WSETLV0002326	3456	116644	87753	17144	25.3914930555556	DS60
WSETLV0002327	1267	23329	20534	5877	16.2067876874507	DS60
WSETLV0002328	2248	62783	52901	11240	23.5324733096085	DS60
WSETLV0002329	1108	34465	27958	6711	25.2328519855596	DS60
WSETLV0002330	582	12405	11132	3299	19.127147766323	DS60
WSETLV0002331	2261	57056	51466	9745	22.7624944714728	DS60
WSETLV0002332	598	14563	12416	3747	20.7625418060201	DS60
WSETLV0002335	745	16002	14025	3546	18.8255033557047	DS60
WSETLV0002337	2778	74905	65970	17479	23.7473002159827	DS60
WSETLV0002338	1052	32292	26815	6298	25.4895437262357	DS60
WSETLV0002339	750	16994	12897	3616	17.196	DS60
WSETLV0002342	6631	179090	163492	48387	24.6557080380033	DS60
WSETLV0002343	1727	41488	40133	12071	23.2385639837869	DS60
WSETLV0002344	619	13550	11341	3338	18.3214862681745	DS60
WSETLV0002345	3884	107894	97298	24494	25.0509783728115	DS60
WSETLV0002346	1675	46509	37990	8210	22.6805970149254	DS60
WSETLV0002347	773	18516	16737	5181	21.6520051746442	DS60
WSETLV0002350	2478	60754	58668	16245	23.6755447941889	DS60
WSETLV0002351	1044	25498	24117	7276	23.1005747126437	DS60
WSETLV0002352	443	9495	7189	1975	16.2279909706546	DS60
WSETLV0002354	1516	29252	33824	12857	22.311345646438	DS60
WSETLV0002356	958	19810	18822	6166	19.6471816283925	DS60
WSETLV0002358	2144	78437	62524	10974	29.1623134328358	DS60
WSETLV0002359	974	20261	19318	6534	19.8336755646817	DS60
WSETLV0002360	1195	32651	27703	7087	23.1824267782427	DS60
WSETLV0002361	1160	23075	23231	8041	20.026724137931	DS60
WSETLV0002362	400	8045	6045	1559	15.1125	DS60
WSETLV0002363	3811	129712	104840	25228	27.5098399370244	DS60
WSETLV0002364	548	9885	10129	3272	18.4835766423358	DS60
WSETLV0002366	1171	22596	23333	8594	19.9257045260461	DS60
WSETLV0002367	950	25525	21283	5932	22.4031578947368	DS60
WSETLV0002368	841	19713	16865	4457	20.0535077288942	DS60
WSETLV0002369	1899	46287	43100	13766	22.6961558715113	DS60
WSETLV0002370	627	14693	13169	3031	21.0031897926635	DS60
WSETLV0002372	869	20030	18541	6365	21.3360184119678	DS60
WSETLV0002373	704	15236	13395	3999	19.0269886363636	DS60
WSETLV0002375	559	15104	12090	3308	21.6279069767442	DS60
WSETLV0002376	3672	145996	102445	17935	27.8989651416122	DS60
WSETLV0002377	1631	35615	36844	12727	22.5898221949724	DS60
WSETLV0002378	986	25128	22584	5737	22.9046653144016	DS60
WSETLV0002379	1167	37733	32361	7685	27.7300771208226	DS60
WSETLV0002380	794	19465	16835	4969	21.2027707808564	DS60
WSETLV0002381	638	12609	11276	4415	17.6739811912226	DS60
WSETLV0002382	1667	49560	39544	6746	23.7216556688662	DS60
WSETLV0002384	654	14323	10670	2264	16.3149847094801	DS60
WSETLV0003001	464	15207	9918	3269	21.375	DS60
WSETLV0003002	533	20333	16833	6676	31.5816135084428	DS60
WSETLV0003003	343	10060	8551	3031	24.930029154519	DS60
WSETLV0003004	653	23834	17125	4321	26.2251148545176	DS60
WSETLV0003005	307	10854	10119	3937	32.9609120521173	DS60
WSETLV0003006	321	11829	8817	2475	27.4672897196262	DS60
WSETLV0003007	246	9181	5149	1588	20.9308943089431	DS60
WSETLV0003008	1030	46506	34830	9126	33.8155339805825	DS60
WSETLV0003009	1200	51049	43955	13905	36.6291666666667	DS60
WSETLV0003011	565	17683	13042	4609	23.083185840708	DS60
WSETLV0003013	600	21584	17384	5381	28.9733333333333	DS60
WSETLV0003014	822	28273	28170	11110	34.2700729927007	DS60
WSETLV0003015	519	16670	14579	4115	28.0905587668594	DS60
WSETLV0003017	407	11043	7315	1994	17.972972972973	DS60
WSETLV0003018	333	10181	6583	2654	19.7687687687688	DS60
WSETLV0003019	530	15456	14009	5156	26.4320754716981	DS60
WSETLV0003020	357	11356	6150	2024	17.2268907563025	DS60
WSETLV0003021	403	12809	12021	4640	29.8287841191067	DS60
WSETLV0003022	491	15932	13683	5514	27.867617107943	DS60
WSETLV0003023	985	33758	34098	12509	34.6172588832487	DS60
WSETLV0003024	1114	33291	37992	15387	34.1041292639138	DS60
WSETLV0003025	1243	48360	45676	16996	36.7465808527756	DS60
WSETLV0003026	423	12054	7021	2368	16.5981087470449	DS60
WSETLV0003032	360	10483	7749	2283	21.525	DS60
WSETLV0003033	797	27387	25395	6736	31.8632371392723	DS60
WSETLV0003034	746	25060	23794	8261	31.8954423592493	DS60
WSETLV0003039	896	30692	29959	11853	33.4363839285714	DS60
WSETLV0003040	247	7544	5788	1560	23.4331983805668	DS60
WSETLV0003042	839	26130	25412	8801	30.2884386174017	DS60
WSETLV0003043	527	17983	18783	7689	35.6413662239089	DS60
WSETLV0003046	439	13353	11352	3802	25.8587699316629	DS60
WSETLV0003047	1251	44182	44293	14847	35.4060751398881	DS60
WSETLV0003048	475	16645	14562	4125	30.6568421052632	DS60
WSETLV0003049	684	25032	21476	8554	31.3976608187135	DS60
WSETLV0003050	421	14102	13086	4838	31.083135391924	DS60
WSETLV0003051	1038	41075	36499	10527	35.1628131021195	DS60
WSETLV0003052	418	12878	11330	4134	27.1052631578947	DS60
WSETLV0003054	292	4403	1203	386	4.11986301369863	DS60
WSETLV0003057	1743	74580	65423	20916	37.53471026965	DS60
WSETLV0003058	556	14270	14526	5640	26.1258992805755	DS60
WSETLV0003059	683	24853	24828	9502	36.3513909224012	DS60
WSETLV0003061	1002	37891	35389	13434	35.3183632734531	DS60
WSETLV0003062	755	26801	27109	9676	35.9059602649007	DS60
WSETLV0003064	1166	39433	43022	16293	36.8970840480274	DS60
WSETLV0003065	765	21682	23574	6473	30.8156862745098	DS60
WSETLV0003067	1309	50311	50658	17711	38.6997708174179	DS60
WSETLV0003069	360	10835	8943	1762	24.8416666666667	DS60
WSETLV0003071	1357	58679	47620	10969	35.0921149594694	DS60
WSETLV0003073	803	31139	31769	10660	39.5628891656289	DS60
WSETLV0003074	741	28226	26095	7106	35.2159244264507	DS60
WSETLV0003075	387	13062	9882	2820	25.5348837209302	DS60
WSETLV0003077	271	10462	7595	2579	28.0258302583026	DS60
WSETLV0003079	1695	67984	63349	19941	37.3740412979351	DS60
WSETLV0003082	1469	55581	53162	16516	36.1892443839347	DS60
WSETLV0003084	457	15327	14968	5921	32.7527352297593	DS60
WSETLV0003085	806	34807	29181	8089	36.2047146401985	DS60
WSETLV0003086	1004	33484	32345	10012	32.2161354581673	DS60
WSETLV0003087	604	20924	16082	3491	26.6258278145695	DS60
WSETLV0003089	986	47609	35466	9769	35.9695740365112	DS60
WSETLV0003090	575	22576	17590	4406	30.5913043478261	DS60
WSETLV0003091	671	22540	21969	8822	32.7406855439642	DS60
WSETLV0003092	353	11214	10719	3506	30.3654390934844	DS60
WSETLV0003093	893	39804	32654	9595	36.5666293393057	DS60
WSETLV0003094	934	33490	32941	12324	35.2687366167024	DS60
WSETLV0003095	1432	60238	50520	12643	35.2793296089386	DS60
WSETLV0003098	386	15303	8667	2567	22.4533678756477	DS60
WSETLV0003100	672	21459	20843	8010	31.0163690476191	DS60
WSETLV0003101	455	9902	6850	2702	15.0549450549451	DS60
WSETLV0003102	354	12919	7447	2153	21.0367231638418	DS60
WSETLV0003103	756	25944	22258	7280	29.4417989417989	DS60
WSETLV0003105	1148	32399	35386	15521	30.8240418118467	DS60
WSETLV0003108	1222	41289	41636	15210	34.0720130932897	DS60
WSETLV0003109	388	11426	6192	2008	15.9587628865979	DS60
WSETLV0003112	855	31228	25707	7688	30.0666666666667	DS60
WSETLV0003113	781	23189	21282	8524	27.2496798975672	DS60
WSETLV0003117	349	12178	7504	2549	21.5014326647564	DS60
WSETLV0003118	622	18587	18511	6951	29.7604501607717	DS60
WSETLV0003122	775	23406	21671	7476	27.9625806451613	DS60
WSETLV0003124	504	18258	12359	5271	24.5218253968254	DS60
WSETLV0003126	1041	33038	35222	14597	33.8347742555235	DS60
WSETLV0003128	221	8927	6376	1944	28.8506787330317	DS60
WSETLV0003129	311	10911	6515	2114	20.9485530546624	DS60
WSETLV0003130	553	16875	13746	4186	24.8571428571429	DS60
WSETLV0003132	1264	59625	46844	10997	37.0601265822785	DS60
WSETLV0003133	1180	39079	38515	12641	32.6398305084746	DS60
WSETLV0003135	240	5053	928	385	3.86666666666667	DS60
WSETLV0003136	709	20722	20898	8743	29.475317348378	DS60
WSETLV0003137	533	17496	13500	4698	25.328330206379	DS60
WSETLV0003138	644	24147	20909	7660	32.4673913043478	DS60
WSETLV0003139	325	12043	8173	2952	25.1476923076923	DS60
WSETLV0003140	627	18158	18732	7937	29.8755980861244	DS60
WSETLV0003143	671	21199	22201	7510	33.0864381520119	DS60
WSETLV0003145	340	12049	10777	3089	31.6970588235294	DS60
WSETLV0003146	450	12972	10954	3700	24.3422222222222	DS60
WSETLV0003147	336	11252	9027	3023	26.8660714285714	DS60
WSETLV0003148	307	10138	3580	1385	11.6612377850163	DS60
WSETLV0003150	371	12836	10246	3384	27.6172506738545	DS60
WSETLV0003151	227	6135	4397	1382	19.3700440528634	DS60
WSETLV0003152	735	28462	26173	7200	35.6095238095238	DS60
WSETLV0003153	535	14987	11776	4044	22.011214953271	DS60
WSETLV0003155	971	33475	36248	13830	37.3305870236869	DS60
WSETLV0003156	346	12304	8404	2632	24.2890173410405	DS60
WSETLV0003158	454	11891	10458	3983	23.0352422907489	DS60
WSETLV0003161	554	18581	17952	6628	32.4043321299639	DS60
WSETLV0003162	484	16097	12573	4343	25.9772727272727	DS60
WSETLV0003163	1101	33577	38691	15066	35.141689373297	DS60
WSETLV0003164	1015	29537	32968	13998	32.4807881773399	DS60
WSETLV0003167	1352	49266	49720	16826	36.7751479289941	DS60
WSETLV0003170	1153	37888	43148	16104	37.4223764093669	DS60
WSETLV0003171	1674	56407	63281	26747	37.8022700119474	DS60
WSETLV0003172	990	37736	36171	13464	36.5363636363636	DS60
WSETLV0003174	1968	114097	79895	15235	40.5970528455285	DS60
WSETLV0003176	537	18198	12262	2872	22.8342644320298	DS60
WSETLV0003177	285	8693	7644	3023	26.821052631579	DS60
WSETLV0003178	419	12784	9005	3110	21.491646778043	DS60
WSETLV0003179	310	11304	8318	2419	26.8322580645161	DS60
WSETLV0003180	462	16545	13492	4422	29.2034632034632	DS60
WSETLV0003182	368	11680	8176	2663	22.2173913043478	DS60
WSETLV0003183	854	31253	32833	11995	38.4461358313817	DS60
WSETLV0003186	1013	31884	37015	15863	36.5399802566634	DS60
WSETLV0003187	1169	40693	50211	19849	42.9520958083832	DS60
WSETLV0003188	1189	57406	52485	17989	44.1421362489487	DS60
WSETLV0003190	1017	34018	27888	7863	27.4218289085546	DS60
WSETLV0003199	420	13901	10418	3603	24.8047619047619	DS60
WSETLV0003201	389	12608	11181	4231	28.7429305912596	DS60
WSETLV0003204	538	18090	16508	5358	30.6840148698885	DS60
WSETLV0003206	398	11975	7842	2311	19.7035175879397	DS60
WSETLV0003207	403	14905	10720	3743	26.6004962779156	DS60
WSETLV0003211	852	30277	24523	7169	28.7828638497653	DS60
WSETLV0003212	707	22186	21309	7821	30.1400282885431	DS60
WSETLV0003213	658	19010	20378	8615	30.9696048632219	DS60
WSETLV0003214	552	18504	15369	4672	27.8423913043478	DS60
WSETLV0003215	333	11684	7513	3059	22.5615615615616	DS60
WSETLV0003216	1019	38954	35745	12770	35.0785083415113	DS60
WSETLV0003217	237	7619	5186	1784	21.8818565400844	DS60
WSETLV0003218	455	15577	12454	4731	27.3714285714286	DS60
WSETLV0003219	308	9945	6141	2184	19.9383116883117	DS60
WSETLV0003222	912	32315	29173	11085	31.9879385964912	DS60
WSETLV0003226	367	10885	8366	2600	22.7956403269755	DS60
WSETLV0003227	3156	107051	129936	55917	41.171102661597	DS60
WSETLV0003229	518	16128	13596	4847	26.2471042471043	DS60
WSETLV0003230	561	18512	16074	5438	28.6524064171123	DS60
WSETLV0003231	493	16725	15083	4985	30.5943204868154	DS60
WSETLV0003236	420	14494	13331	4088	31.7404761904762	DS60
WSETLV0003237	490	17185	14217	4735	29.0142857142857	DS60
WSETLV0003239	830	28001	29816	10868	35.9228915662651	DS60
WSETLV0003240	342	12409	8561	2549	25.0321637426901	DS60
WSETLV0003241	614	19617	20416	7905	33.2508143322476	DS60
WSETLV0003242	334	11057	11695	4511	35.0149700598802	DS60
WSETLV0003243	335	13156	10407	3185	31.065671641791	DS60
WSETLV0003244	472	14870	13843	4514	29.3283898305085	DS60
WSETLV0003245	549	19773	16485	5882	30.0273224043716	DS60
WSETLV0003247	673	27353	27346	10081	40.6329866270431	DS60
WSETLV0003248	319	10298	7751	2557	24.2978056426332	DS60
WSETLV0003249	517	16046	14148	4819	27.3655705996132	DS60
WSETLV0003250	259	7885	5578	1993	21.5366795366795	DS60
WSETLV0003252	948	33539	33743	12726	35.5938818565401	DS60
WSETLV0003259	630	26002	21487	6967	34.1063492063492	DS60
WSETLV0003260	910	32984	29930	10238	32.8901098901099	DS60
WSETLV0003261	416	12986	10059	4173	24.1802884615385	DS60
WSETLV0003263	566	10461	10638	3700	18.7950530035336	DS60
WSETLV0003265	1827	83282	68409	18430	37.4433497536946	DS60
WSETLV0003267	397	13143	11941	3904	30.0780856423174	DS60
WSETLV0003269	592	24456	20351	5905	34.3766891891892	DS60
WSETLV0003271	709	24581	26467	10409	37.3300423131171	DS60
WSETLV0003273	779	31705	27284	7534	35.0243902439024	DS60
WSETLV0003274	480	19393	14629	4369	30.4770833333333	DS60
WSETLV0003279	474	15597	15111	4721	31.879746835443	DS60
WSETLV0003281	1706	72512	65121	20154	38.1717467760844	DS60
WSETLV0003282	1684	69410	62956	18235	37.3847980997625	DS60
WSETLV0003283	319	11502	7921	1924	24.8307210031348	DS60
WSETLV0003284	206	7883	5272	1156	25.5922330097087	DS60
WSETLV0003285	456	19762	14724	3953	32.2894736842105	DS60
WSETLV0003286	418	12383	15170	6730	36.2918660287081	DS60
WSETLV0003287	384	12501	12830	4605	33.4114583333333	DS60
WSETLV0003292	588	20875	14190	5109	24.1326530612245	DS60
WSETLV0003293	406	13393	5774	1847	14.2216748768473	DS60
WSETLV0003294	323	11087	4510	1905	13.9628482972136	DS60
WSETLV0003297	578	21423	15287	6466	26.4480968858132	DS60
WSETLV0003299	782	28199	23545	10018	30.1086956521739	DS60
WSETLV0003302	462	16137	10534	3704	22.8008658008658	DS60
WSETLV0003305	371	11745	4447	1454	11.9865229110512	DS60
WSETLV0003306	524	20836	12768	5678	24.3664122137405	DS60
WSETLV0003307	1110	34510	35868	13476	32.3135135135135	DS60
WSETLV0003309	422	13610	10107	3440	23.9502369668246	DS60
WSETLV0003313	541	16122	9739	3612	18.0018484288355	DS60
WSETLV0003314	413	14501	5845	1819	14.1525423728814	DS60
WSETLV0003315	1374	41967	43860	17954	31.9213973799127	DS60
WSETLV0003316	1467	44763	50538	20823	34.4498977505113	DS60
WSETLV0003317	374	13562	7465	3217	19.9598930481283	DS60
WSETLV0003319	1084	29410	29857	10836	27.5433579335793	DS60
WSETLV0003321	930	26038	21394	7249	23.0043010752688	DS60
WSETLV0003323	2243	60186	70358	28408	31.3678109674543	DS60
WSETLV0003325	1100	38126	34319	11845	31.1990909090909	DS60
WSETLV0003326	433	15750	9782	2626	22.5912240184758	DS60
WSETLV0003327	509	12672	6882	2225	13.5206286836935	DS60
WSETLV0003328	540	19040	16347	5489	30.2722222222222	DS60
WSETLV0003332	378	12837	8509	2721	22.510582010582	DS60
WSETLV0003334	529	17120	14641	6087	27.6767485822306	DS60
WSETLV0003337	784	24005	22111	8454	28.202806122449	DS60
WSETLV0003338	683	22937	19124	7566	28	DS60
WSETLV0003340	415	13482	9654	3399	23.2626506024096	DS60
WSETLV0003341	318	14936	6963	2342	21.8962264150943	DS60
WSETLV0003345	544	15538	9299	2924	17.09375	DS60
WSETLV0003346	443	16723	10006	2667	22.5869074492099	DS60
WSETLV0003347	1370	61049	52811	17432	38.5481751824818	DS60
WSETLV0003348	1676	55999	57850	23743	34.5167064439141	DS60
WSETLV0003349	481	16409	11591	3707	24.0977130977131	DS60
WSETLV0003353	581	20416	12376	3783	21.3012048192771	DS60
WSETLV0003354	625	23414	19051	6388	30.4816	DS60
WSETLV0003357	461	16885	11598	3743	25.1583514099783	DS60
WSETLV0003360	952	35589	34129	10847	35.8497899159664	DS60
WSETLV0003361	687	21938	19818	7290	28.8471615720524	DS60
WSETLV0003362	463	16182	9356	2901	20.207343412527	DS60
WSETLV0003364	316	9903	5097	1689	16.129746835443	DS60
WSETLV0003365	1129	45739	39663	13102	35.1310894596989	DS60
WSETLV0003370	341	9485	8367	3058	24.5366568914956	DS60
WSETLV0003371	2932	124014	109150	37943	37.2271487039563	DS60
WSETLV0003372	577	19201	16671	7012	28.892547660312	DS60
WSETLV0003374	1154	43151	43999	16264	38.1273830155979	DS60
WSETLV0003377	582	21904	20332	5828	34.9347079037801	DS60
WSETLV0003378	303	9282	7041	2647	23.2376237623762	DS60
WSETLV0003382	741	22799	23547	8833	31.7773279352227	DS60
WSETLV0004001	492	15007	14129	4830	28.7174796747968	DS60
WSETLV0004002	647	17226	17626	6491	27.242658423493	DS60
WSETLV0004003	341	13399	10105	3480	29.633431085044	DS60
WSETLV0004004	1938	55574	64685	25105	33.3771929824561	DS60
WSETLV0004005	434	13462	14411	5908	33.205069124424	DS60
WSETLV0004006	1138	42411	39273	11742	34.5105448154657	DS60
WSETLV0004007	437	14097	11351	3237	25.974828375286	DS60
WSETLV0004009	750	21031	23764	9026	31.6853333333333	DS60
WSETLV0004011	1367	47128	43280	14129	31.6605705925384	DS60
WSETLV0004012	547	15512	15034	5173	27.4844606946984	DS60
WSETLV0004013	1127	35647	35330	12775	31.3487133984028	DS60
WSETLV0004016	2013	71751	76539	29236	38.0223546944858	DS60
WSETLV0004018	6481	239096	262731	97597	40.5386514426786	DS60
WSETLV0004020	536	17028	15775	5129	29.4309701492537	DS60
WSETLV0004021	940	32228	30883	11987	32.8542553191489	DS60
WSETLV0004022	674	21205	22709	8346	33.6928783382789	DS60
WSETLV0004023	604	17639	21680	9526	35.8940397350993	DS60
WSETLV0004025	386	12572	10672	3907	27.6476683937824	DS60
WSETLV0004026	698	21601	21217	7414	30.3968481375358	DS60
WSETLV0004027	413	13878	13419	5074	32.4915254237288	DS60
WSETLV0004028	724	23413	23980	8936	33.121546961326	DS60
WSETLV0004029	1265	44360	45714	14837	36.1375494071146	DS60
WSETLV0004031	600	22823	18045	5065	30.075	DS60
WSETLV0004032	1082	34725	39687	16263	36.6792975970425	DS60
WSETLV0004033	1503	45782	51710	21733	34.4045242847638	DS60
WSETLV0004035	838	27109	24604	6721	29.3603818615752	DS60
WSETLV0004036	1224	46247	39373	10491	32.1674836601307	DS60
WSETLV0004038	761	21069	25122	10155	33.011826544021	DS60
WSETLV0004041	454	13527	12473	3608	27.4735682819383	DS60
WSETLV0004042	1447	54273	48961	15009	33.8362128541811	DS60
WSETLV0004043	598	20409	18900	6148	31.6053511705686	DS60
WSETLV0004044	834	32098	28752	8609	34.4748201438849	DS60
WSETLV0004045	1274	49616	44053	13492	34.5784929356358	DS60
WSETLV0004046	535	20723	18848	6302	35.2299065420561	DS60
WSETLV0004047	734	35353	25066	6019	34.149863760218	DS60
WSETLV0004048	929	32248	31208	10631	33.5931108719053	DS60
WSETLV0004049	969	36288	35632	10322	36.7719298245614	DS60
WSETLV0004050	1663	51848	56638	20812	34.0577269993987	DS60
WSETLV0004051	538	16846	17571	6098	32.6598513011152	DS60
WSETLV0004052	633	21354	20461	6974	32.3238546603476	DS60
WSETLV0004053	992	48124	32460	6199	32.7217741935484	DS60
WSETLV0004056	752	20590	22311	8521	29.6688829787234	DS60
WSETLV0004057	1607	63175	58837	17246	36.6129433727443	DS60
WSETLV0004059	442	16743	13357	5173	30.2194570135747	DS60
WSETLV0004061	382	10436	10479	4634	27.4319371727749	DS60
WSETLV0004063	272	6646	7059	2879	25.9522058823529	DS60
WSETLV0004064	898	57599	35077	5529	39.0612472160356	DS60
WSETLV0004065	540	15975	18767	8073	34.7537037037037	DS60
WSETLV0004068	224	6725	4601	1234	20.5401785714286	DS60
WSETLV0004069	451	13166	14387	5934	31.90022172949	DS60
WSETLV0004071	643	20647	22649	8897	35.2239502332815	DS60
WSETLV0004072	243	8157	5366	1867	22.082304526749	DS60
WSETLV0004073	483	16779	15445	6146	31.9772256728779	DS60
WSETLV0004074	819	26656	21886	4821	26.7228327228327	DS60
WSETLV0004075	380	9240	10252	4010	26.9789473684211	DS60
WSETLV0004077	962	30226	32590	11932	33.8773388773389	DS60
WSETLV0004078	533	15451	14038	5305	26.3377110694184	DS60
WSETLV0004079	440	12220	11157	4361	25.3568181818182	DS60
WSETLV0004081	1523	51418	50889	17838	33.4136572554169	DS60
WSETLV0004083	387	11945	8256	2591	21.3333333333333	DS60
WSETLV0004084	341	9584	7582	2570	22.2346041055719	DS60
WSETLV0004085	494	15117	15842	6295	32.0688259109312	DS60
WSETLV0004089	939	40844	32494	9246	34.604898828541	DS60
WSETLV0004090	396	12514	9966	3243	25.1666666666667	DS60
WSETLV0004091	1946	70223	69788	25250	35.8622816032888	DS60
WSETLV0004092	864	27632	27973	11315	32.3761574074074	DS60
WSETLV0004093	871	29609	28835	10642	33.105625717566	DS60
WSETLV0004095	448	14588	13706	5146	30.59375	DS60
WSETLV0004096	723	25960	20903	5441	28.911479944675	DS60
WSETLV0004097	547	21431	18758	7283	34.2925045703839	DS60
WSETLV0004098	843	24709	29748	11185	35.288256227758	DS60
WSETLV0004099	478	16942	14371	4201	30.0648535564854	DS60
WSETLV0004100	686	26011	21208	6623	30.9154518950437	DS60
WSETLV0004101	407	7293	6234	2422	15.3169533169533	DS60
WSETLV0004102	360	11467	9751	2838	27.0861111111111	DS60
WSETLV0004105	409	13568	12588	4355	30.7775061124694	DS60
WSETLV0004106	421	14106	13063	4311	31.0285035629454	DS60
WSETLV0004109	523	12948	15553	6816	29.7380497131931	DS60
WSETLV0004110	686	28101	23915	7622	34.8615160349854	DS60
WSETLV0004111	413	20993	15923	4359	38.5544794188862	DS60
WSETLV0004112	310	10648	7412	2158	23.9096774193548	DS60
WSETLV0004114	798	21199	25075	10034	31.422305764411	DS60
WSETLV0004115	323	14171	9369	2190	29.0061919504644	DS60
WSETLV0004116	594	21299	18825	6556	31.6919191919192	DS60
WSETLV0004117	484	16686	13013	3787	26.8863636363636	DS60
WSETLV0004118	606	18690	20427	8181	33.7079207920792	DS60
WSETLV0004119	676	18739	20629	8815	30.5162721893491	DS60
WSETLV0004120	273	8849	5478	1785	20.0659340659341	DS60
WSETLV0004121	592	18184	16434	5661	27.7601351351351	DS60
WSETLV0004122	995	41244	33339	9265	33.5065326633166	DS60
WSETLV0004124	280	9701	6426	2437	22.95	DS60
WSETLV0004125	272	8845	7015	2247	25.7904411764706	DS60
WSETLV0004128	677	21708	21669	8288	32.0073855243722	DS60
WSETLV0004132	256	5774	4581	1415	17.89453125	DS60
WSETLV0004133	1585	66596	55021	16947	34.7135646687697	DS60
WSETLV0004134	490	13526	13748	5313	28.0571428571429	DS60
WSETLV0004135	871	27516	25652	10463	29.451205510907	DS60
WSETLV0004137	660	23501	24045	9361	36.4318181818182	DS60
WSETLV0004138	647	25518	20692	6643	31.9814528593509	DS60
WSETLV0004139	354	11808	9302	2967	26.2768361581921	DS60
WSETLV0004140	325	9551	8687	2941	26.7292307692308	DS60
WSETLV0004142	342	12459	9318	3130	27.2456140350877	DS60
WSETLV0004144	1153	29994	38758	16110	33.6149176062446	DS60
WSETLV0004145	575	22052	22197	8667	38.6034782608696	DS60
WSETLV0004146	249	7163	5719	1957	22.9678714859438	DS60
WSETLV0004147	676	24554	20536	6845	30.3786982248521	DS60
WSETLV0004148	465	14085	12124	4312	26.0731182795699	DS60
WSETLV0004149	544	19317	15243	4473	28.0202205882353	DS60
WSETLV0004151	663	21981	19594	6853	29.553544494721	DS60
WSETLV0004152	976	32257	32557	13806	33.3575819672131	DS60
WSETLV0004153	599	18448	15993	5086	26.6994991652755	DS60
WSETLV0004154	1212	37178	42607	17781	35.1542904290429	DS60
WSETLV0004155	552	17536	16382	6349	29.6775362318841	DS60
WSETLV0004156	529	20738	17458	6104	33.0018903591682	DS60
WSETLV0004158	1545	38578	45918	19023	29.7203883495146	DS60
WSETLV0004159	386	13842	9875	3618	25.5829015544041	DS60
WSETLV0004160	1140	47620	39174	15331	34.3631578947368	DS60
WSETLV0004163	427	12791	10611	4069	24.8501170960187	DS60
WSETLV0004165	489	14661	11367	4197	23.2453987730061	DS60
WSETLV0004169	1067	39657	36092	13999	33.825679475164	DS60
WSETLV0004170	857	29316	26690	9233	31.1435239206534	DS60
WSETLV0004171	733	29726	24652	9674	33.6316507503411	DS60
WSETLV0004172	394	15247	8620	2326	21.8781725888325	DS60
WSETLV0004174	498	17127	14440	5374	28.995983935743	DS60
WSETLV0004176	667	32598	20493	5978	30.7241379310345	DS60
WSETLV0004177	333	11199	9258	3561	27.8018018018018	DS60
WSETLV0004180	482	16558	14209	5040	29.4792531120332	DS60
WSETLV0004181	385	11570	7830	2911	20.3376623376623	DS60
WSETLV0004182	506	14504	12335	4078	24.3774703557312	DS60
WSETLV0004183	693	18712	21245	9135	30.6565656565657	DS60
WSETLV0004185	808	29668	27530	10671	34.0717821782178	DS60
WSETLV0004187	716	21829	23071	9312	32.2220670391061	DS60
WSETLV0004188	247	8034	6649	2597	26.919028340081	DS60
WSETLV0004190	594	15513	11135	4056	18.7457912457912	DS60
WSETLV0004193	382	11382	9324	3001	24.4083769633508	DS60
WSETLV0004195	647	19932	19940	7380	30.8191653786708	DS60
WSETLV0004196	542	19763	19287	6242	35.5848708487085	DS60
WSETLV0004198	773	26756	26250	8956	33.9586028460543	DS60
WSETLV0004201	1396	46830	49733	19574	35.6253581661891	DS60
WSETLV0004202	641	18898	23231	10031	36.2418096723869	DS60
WSETLV0004203	574	20268	17325	4430	30.1829268292683	DS60
WSETLV0004204	410	10960	9911	3185	24.1731707317073	DS60
WSETLV0004206	768	38108	27535	7790	35.8528645833333	DS60
WSETLV0004207	495	17660	14561	4591	29.4161616161616	DS60
WSETLV0004209	700	24523	22810	7654	32.5857142857143	DS60
WSETLV0004210	505	16237	14059	3954	27.839603960396	DS60
WSETLV0004211	928	38160	35656	12445	38.4224137931034	DS60
WSETLV0004212	1217	65335	45370	11782	37.2801972062449	DS60
WSETLV0004213	1271	34453	39406	14636	31.0039339103068	DS60
WSETLV0004214	296	13812	7941	1724	26.8277027027027	DS60
WSETLV0004215	581	28250	21308	5712	36.6746987951807	DS60
WSETLV0004216	432	19937	14830	4731	34.3287037037037	DS60
WSETLV0004217	301	7491	6150	2196	20.4318936877076	DS60
WSETLV0004220	689	23802	20812	6965	30.2060957910015	DS60
WSETLV0004222	214	6199	4888	1725	22.8411214953271	DS60
WSETLV0004224	395	10841	9078	3248	22.9822784810127	DS60
WSETLV0004225	942	24127	29255	11109	31.0562632696391	DS60
WSETLV0004227	340	8116	7754	2895	22.8058823529412	DS60
WSETLV0004229	741	23689	25212	9016	34.0242914979757	DS60
WSETLV0004230	246	7815	4357	1430	17.7113821138211	DS60
WSETLV0004231	599	19655	20885	8391	34.8664440734558	DS60
WSETLV0004232	229	6149	3540	1171	15.4585152838428	DS60
WSETLV0004234	832	24840	28161	10700	33.8473557692308	DS60
WSETLV0004235	339	11710	8751	2787	25.8141592920354	DS60
WSETLV0004238	373	8659	8229	3602	22.0616621983914	DS60
WSETLV0004239	371	14070	9311	2755	25.0970350404313	DS60
WSETLV0004241	446	17110	12930	4353	28.9910313901345	DS60
WSETLV0004242	490	16776	15028	4871	30.669387755102	DS60
WSETLV0004244	520	13971	14053	5002	27.025	DS60
WSETLV0004246	483	17663	16344	6695	33.8385093167702	DS60
WSETLV0004247	738	32867	27302	7471	36.9945799457995	DS60
WSETLV0004249	566	21795	18988	5496	33.547703180212	DS60
WSETLV0004252	512	13131	13310	5644	25.99609375	DS60
WSETLV0004256	498	15558	13798	5041	27.706827309237	DS60
WSETLV0004257	2040	85950	73315	21598	35.9387254901961	DS60
WSETLV0004259	1549	64783	60255	18890	38.8992898644287	DS60
WSETLV0004260	321	11189	9554	3294	29.7632398753894	DS60
WSETLV0004263	414	18799	12650	3450	30.5555555555556	DS60
WSETLV0004266	409	12184	11827	3743	28.9168704156479	DS60
WSETLV0004267	378	15212	11783	3896	31.1719576719577	DS60
WSETLV0004268	382	11976	9997	3862	26.1701570680628	DS60
WSETLV0004269	912	26719	30066	12403	32.9671052631579	DS60
WSETLV0004271	599	24433	17001	6285	28.3823038397329	DS60
WSETLV0004272	1335	55053	46717	16587	34.9940074906367	DS60
WSETLV0004273	745	31582	24491	5512	32.8738255033557	DS60
WSETLV0004274	521	19459	17977	6969	34.5047984644914	DS60
WSETLV0004279	661	29070	21549	6118	32.6006051437216	DS60
WSETLV0004281	4833	217799	195462	67427	40.4432029795158	DS60
WSETLV0004282	1247	44973	40172	12321	32.214915797915	DS60
WSETLV0004283	730	36264	24859	5576	34.0534246575342	DS60
WSETLV0004284	1041	52050	37046	8405	35.5869356388088	DS60
WSETLV0004285	671	23962	21076	9071	31.4098360655738	DS60
WSETLV0004287	685	23910	22607	8299	33.0029197080292	DS60
WSETLV0004290	1484	58852	53987	19253	36.3793800539084	DS60
WSETLV0004291	284	7708	5136	1946	18.0845070422535	DS60
WSETLV0004293	614	20503	14845	5611	24.1775244299674	DS60
WSETLV0004294	357	14024	7707	2023	21.5882352941177	DS60
WSETLV0004295	763	20894	18170	6101	23.8138925294889	DS60
WSETLV0004296	278	7403	4393	1687	15.8021582733813	DS60
WSETLV0004297	834	24131	22296	8381	26.7338129496403	DS60
WSETLV0004298	419	11542	10267	3444	24.5035799522673	DS60
WSETLV0004299	372	11205	8102	2637	21.7795698924731	DS60
WSETLV0004300	802	34895	25921	8268	32.3204488778055	DS60
WSETLV0004301	778	24987	24865	9524	31.9601542416453	DS60
WSETLV0004303	763	28840	24594	8974	32.2332896461337	DS60
WSETLV0004305	418	13560	8613	2551	20.6052631578947	DS60
WSETLV0004306	362	9020	7917	3064	21.8701657458564	DS60
WSETLV0004307	1014	32525	34770	13434	34.2899408284024	DS60
WSETLV0004308	405	11035	9928	3919	24.5135802469136	DS60
WSETLV0004309	424	14213	13793	5114	32.5306603773585	DS60
WSETLV0004311	440	14461	12099	4089	27.4977272727273	DS60
WSETLV0004312	717	20101	18035	5707	25.1534170153417	DS60
WSETLV0004315	419	13341	9755	3995	23.2816229116945	DS60
WSETLV0004316	1820	57795	63126	26727	34.6846153846154	DS60
WSETLV0004318	587	16620	15739	6011	26.8126064735946	DS60
WSETLV0004321	874	24601	32639	14759	37.3443935926773	DS60
WSETLV0004322	656	19296	18547	7222	28.2728658536585	DS60
WSETLV0004324	875	26574	26099	9643	29.8274285714286	DS60
WSETLV0004326	560	22903	13889	3633	24.8017857142857	DS60
WSETLV0004327	1106	25878	25213	9189	22.7965641952984	DS60
WSETLV0004328	212	4576	3281	1186	15.4764150943396	DS60
WSETLV0004334	361	13522	11026	3662	30.5429362880886	DS60
WSETLV0004335	407	10593	8525	3051	20.9459459459459	DS60
WSETLV0004336	754	16875	14262	5214	18.9151193633952	DS60
WSETLV0004337	432	11838	11967	4874	27.7013888888889	DS60
WSETLV0004340	307	8680	4757	1676	15.4951140065147	DS60
WSETLV0004341	490	16366	10954	3902	22.3551020408163	DS60
WSETLV0004342	675	20132	18192	7123	26.9511111111111	DS60
WSETLV0004344	403	11000	11178	4659	27.7369727047146	DS60
WSETLV0004345	405	13087	8301	3207	20.4962962962963	DS60
WSETLV0004346	738	20974	21930	9128	29.7154471544715	DS60
WSETLV0004347	639	20541	17843	6550	27.9233176838811	DS60
WSETLV0004348	1822	50064	55224	22107	30.3095499451153	DS60
WSETLV0004349	574	17111	15575	6555	27.1341463414634	DS60
WSETLV0004350	339	9359	5430	2260	16.0176991150442	DS60
WSETLV0004351	496	18776	14440	4388	29.1129032258065	DS60
WSETLV0004352	1093	34683	37510	14718	34.3183897529735	DS60
WSETLV0004353	1111	27776	32138	14010	28.9270927092709	DS60
WSETLV0004354	666	23396	21042	7658	31.5945945945946	DS60
WSETLV0004355	648	14058	10535	4028	16.2577160493827	DS60
WSETLV0004356	449	15858	10721	3116	23.8775055679287	DS60
WSETLV0004357	455	17868	12382	4252	27.2131868131868	DS60
WSETLV0004358	823	30383	24010	9523	29.1737545565006	DS60
WSETLV0004362	743	27171	22647	8047	30.4804845222073	DS60
WSETLV0004365	759	24095	21655	8310	28.5309617918314	DS60
WSETLV0004367	869	28904	26080	9901	30.0115074798619	DS60
WSETLV0004368	288	9896	4667	1558	16.2048611111111	DS60
WSETLV0004369	850	29686	26353	9393	31.0035294117647	DS60
WSETLV0004372	465	14719	10191	4161	21.9161290322581	DS60
WSETLV0004373	1248	40608	39934	12932	31.9983974358974	DS60
WSETLV0004375	883	35616	25978	8495	29.4201585503964	DS60
WSETLV0004376	613	22830	17158	5558	27.9902120717781	DS60
WSETLV0004377	1364	63591	48643	12436	35.6620234604106	DS60
WSETLV0004378	399	20217	14090	3097	35.3132832080201	DS60
WSETLV0004379	632	23761	20777	6710	32.875	DS60
WSETLV0004380	675	24624	18822	6658	27.8844444444444	DS60
WSETLV0004382	780	27338	21699	7115	27.8192307692308	DS60
WSETLV0004383	513	20729	15012	5202	29.2631578947368	DS60
WSETLV0004384	661	19713	16177	6040	24.4735249621785	DS60
WSETLV0005001	1605	17666	21007	8739	13.0884735202492	DS60
WSETLV0005003	789	7516	7869	3088	9.97338403041825	DS60
WSETLV0005004	524	7271	6300	2122	12.0229007633588	DS60
WSETLV0005005	472	7664	6374	1920	13.5042372881356	DS60
WSETLV0005006	505	7496	6840	2010	13.5445544554455	DS60
WSETLV0005007	720	12568	10718	2756	14.8861111111111	DS60
WSETLV0005008	1851	26403	26930	9294	14.5488924905457	DS60
WSETLV0005009	897	11732	12526	4307	13.9643255295429	DS60
WSETLV0005011	867	11418	10189	3518	11.7520184544406	DS60
WSETLV0005012	1256	16887	17154	6628	13.6576433121019	DS60
WSETLV0005013	1072	13532	16043	6737	14.9654850746269	DS60
WSETLV0005015	631	7676	7612	2721	12.0633914421553	DS60
WSETLV0005016	4650	69940	73217	24663	15.7455913978495	DS60
WSETLV0005017	769	10235	10784	3659	14.0234070221066	DS60
WSETLV0005019	1794	20580	27409	11949	15.278149386845	DS60
WSETLV0005020	1308	25230	22653	5413	17.3188073394495	DS60
WSETLV0005021	1100	12748	14341	5698	13.0372727272727	DS60
WSETLV0005023	1620	22904	22619	8753	13.9623456790123	DS60
WSETLV0005024	350	4407	3494	1205	9.98285714285714	DS60
WSETLV0005025	717	7961	7635	2531	10.6485355648536	DS60
WSETLV0005026	833	12561	11542	2997	13.8559423769508	DS60
WSETLV0005027	3139	36404	44643	17605	14.2220452373367	DS60
WSETLV0005028	1351	16386	18105	7273	13.4011843079201	DS60
WSETLV0005029	1089	16348	15762	5149	14.4738292011019	DS60
WSETLV0005031	798	9738	10898	4667	13.65664160401	DS60
WSETLV0005032	1450	16325	19805	8240	13.6586206896552	DS60
WSETLV0005033	1159	13719	16029	6787	13.8300258843831	DS60
WSETLV0005034	2213	25373	29644	11497	13.3953908721193	DS60
WSETLV0005035	2012	32878	34056	11066	16.9264413518887	DS60
WSETLV0005036	3196	40477	46316	17912	14.4918648310388	DS60
WSETLV0005037	1456	18353	18608	6798	12.7802197802198	DS60
WSETLV0005038	2526	34351	36058	13002	14.2747426761679	DS60
WSETLV0005039	2187	25985	29015	11465	13.2670324645633	DS60
WSETLV0005040	847	9695	10306	3867	12.1676505312869	DS60
WSETLV0005041	2510	35839	39200	14099	15.6175298804781	DS60
WSETLV0005042	1645	18961	21504	8450	13.0723404255319	DS60
WSETLV0005043	2423	38369	42177	13661	17.4069335534461	DS60
WSETLV0005044	1562	18610	22700	9595	14.5326504481434	DS60
WSETLV0005046	440	6116	5354	2079	12.1681818181818	DS60
WSETLV0005047	967	12780	14082	5475	14.5625646328852	DS60
WSETLV0005048	1598	18671	21408	8832	13.3967459324155	DS60
WSETLV0005049	422	5323	4272	1538	10.1232227488152	DS60
WSETLV0005050	935	14341	13994	5289	14.9668449197861	DS60
WSETLV0005051	2217	27566	31668	12216	14.2841677943166	DS60
WSETLV0005052	1266	16773	18026	6534	14.2385466034755	DS60
WSETLV0005053	951	19789	16770	3825	17.6340694006309	DS60
WSETLV0005054	508	7285	6209	1793	12.2224409448819	DS60
WSETLV0005056	433	5937	4713	1507	10.8845265588915	DS60
WSETLV0005058	2617	41970	40239	14254	15.3760030569354	DS60
WSETLV0005059	2687	35464	40355	15511	15.0186081131373	DS60
WSETLV0005061	1279	14922	16081	6565	12.5731039874902	DS60
WSETLV0005063	769	9856	8764	2884	11.3966189856957	DS60
WSETLV0005064	6148	77834	90433	32965	14.7093363695511	DS60
WSETLV0005065	1230	13340	14660	6068	11.9186991869919	DS60
WSETLV0005066	384	4648	3148	1106	8.19791666666667	DS60
WSETLV0005067	1835	23243	25150	10721	13.7057220708447	DS60
WSETLV0005068	711	7562	8761	3609	12.3220815752461	DS60
WSETLV0005069	1091	14281	15443	5569	14.1549037580202	DS60
WSETLV0005071	784	12201	10524	3371	13.4234693877551	DS60
WSETLV0005072	2092	30397	31529	9857	15.071223709369	DS60
WSETLV0005073	729	11699	9592	2864	13.1577503429355	DS60
WSETLV0005074	1089	16668	14910	4178	13.6914600550964	DS60
WSETLV0005075	735	12129	11708	3840	15.9292517006803	DS60
WSETLV0005076	1387	16206	17861	7622	12.8774333093007	DS60
WSETLV0005079	1141	14971	15534	5507	13.6143733567046	DS60
WSETLV0005080	1868	22771	27038	10144	14.4743040685225	DS60
WSETLV0005081	2073	28838	31718	11369	15.3005306319344	DS60
WSETLV0005083	2825	41963	40923	14221	14.486017699115	DS60
WSETLV0005084	358	4357	3589	1302	10.0251396648045	DS60
WSETLV0005085	1028	17993	16397	5180	15.9503891050584	DS60
WSETLV0005086	3261	53625	56594	17138	17.3547991413677	DS60
WSETLV0005087	1361	16862	19265	7246	14.1550330639236	DS60
WSETLV0005088	4116	51431	56604	21095	13.7521865889213	DS60
WSETLV0005089	4933	98533	92422	21780	18.7354550983175	DS60
WSETLV0005090	2642	29483	34511	15420	13.0624526873581	DS60
WSETLV0005091	1401	21170	21174	7003	15.1134903640257	DS60
WSETLV0005092	3053	34214	42165	17229	13.8110055682935	DS60
WSETLV0005094	1719	24539	25042	8055	14.5677719604421	DS60
WSETLV0005095	397	5094	4437	1500	11.176322418136	DS60
WSETLV0005096	1014	16116	14529	4248	14.3284023668639	DS60
WSETLV0005097	892	11229	12243	4458	13.72533632287	DS60
WSETLV0005098	612	10368	9502	3115	15.5261437908497	DS60
WSETLV0005099	942	11113	12154	4480	12.9023354564756	DS60
WSETLV0005100	1101	12402	14682	6201	13.3351498637602	DS60
WSETLV0005102	374	6185	4778	1404	12.7754010695187	DS60
WSETLV0005103	633	9564	8953	2741	14.1437598736177	DS60
WSETLV0005104	1789	23743	26089	9493	14.5830072666294	DS60
WSETLV0005105	1031	12203	14278	5512	13.8486905916586	DS60
WSETLV0005106	429	5437	3950	1369	9.20745920745921	DS60
WSETLV0005107	782	12064	12331	3683	15.7685421994885	DS60
WSETLV0005108	3757	47712	57103	21471	15.1990950226244	DS60
WSETLV0005112	2023	35611	34727	9750	17.1660899653979	DS60
WSETLV0005113	1694	23601	25445	9426	15.0206611570248	DS60
WSETLV0005114	1335	18019	19151	6373	14.3453183520599	DS60
WSETLV0005115	1103	13049	15200	5747	13.780598368087	DS60
WSETLV0005116	1055	13670	14872	5842	14.096682464455	DS60
WSETLV0005117	363	4457	3782	1388	10.4187327823691	DS60
WSETLV0005118	428	5814	5685	2182	13.2827102803738	DS60
WSETLV0005119	1102	14535	15384	5002	13.9600725952813	DS60
WSETLV0005120	601	9065	8078	2069	13.4409317803661	DS60
WSETLV0005121	682	9495	8895	3019	13.0425219941349	DS60
WSETLV0005122	1312	17184	19774	7217	15.0716463414634	DS60
WSETLV0005124	816	10686	10732	4176	13.1519607843137	DS60
WSETLV0005125	731	10608	10507	3756	14.3734610123119	DS60
WSETLV0005126	974	12158	12948	5128	13.2936344969199	DS60
WSETLV0005127	940	9490	10531	4421	11.2031914893617	DS60
WSETLV0005128	927	14074	14811	5797	15.9773462783172	DS60
WSETLV0005130	424	5344	4806	1851	11.3349056603774	DS60
WSETLV0005132	793	9940	10002	3682	12.6128625472888	DS60
WSETLV0005134	285	3554	2841	873	9.96842105263158	DS60
WSETLV0005136	663	7699	7812	2861	11.7828054298643	DS60
WSETLV0005137	816	10162	11114	4079	13.6200980392157	DS60
WSETLV0005138	761	10191	10869	3780	14.2825229960578	DS60
WSETLV0005139	563	8710	8500	2837	15.0976909413854	DS60
WSETLV0005140	867	15183	14631	3692	16.8754325259516	DS60
WSETLV0005142	2264	51194	44345	9934	19.5870141342756	DS60
WSETLV0005143	765	9653	10159	4083	13.2797385620915	DS60
WSETLV0005144	896	10175	11412	4762	12.7366071428571	DS60
WSETLV0005146	2106	23571	28022	11642	13.3057929724596	DS60
WSETLV0005147	943	13538	14072	4515	14.9225874867444	DS60
WSETLV0005148	589	7166	7416	2788	12.5908319185059	DS60
WSETLV0005150	570	6582	6076	2043	10.659649122807	DS60
WSETLV0005151	518	7082	6140	1908	11.8532818532819	DS60
WSETLV0005152	433	5297	4011	1366	9.26327944572748	DS60
WSETLV0005154	1769	20843	24091	10293	13.6184284906727	DS60
WSETLV0005155	491	6176	5994	2187	12.2077393075356	DS60
WSETLV0005158	913	13170	13415	4241	14.6933187294633	DS60
WSETLV0005159	766	11234	10447	3682	13.6383812010444	DS60
WSETLV0005160	3089	55170	51735	16391	16.748138556167	DS60
WSETLV0005161	633	8820	7784	2435	12.2969984202212	DS60
WSETLV0005162	1221	18298	18643	7013	15.2686322686323	DS60
WSETLV0005163	572	6424	6391	2516	11.1730769230769	DS60
WSETLV0005164	484	6219	5430	1810	11.2190082644628	DS60
WSETLV0005166	546	5872	5690	2124	10.4212454212454	DS60
WSETLV0005167	1408	27138	23772	7961	16.8835227272727	DS60
WSETLV0005168	1419	19302	19479	7739	13.7272727272727	DS60
WSETLV0005169	915	10968	10918	4333	11.9322404371585	DS60
WSETLV0005170	1013	14338	15197	5243	15.0019743336624	DS60
WSETLV0005171	1621	20120	20468	7765	12.6267735965453	DS60
WSETLV0005173	503	5751	5486	2245	10.9065606361829	DS60
WSETLV0005174	2005	29552	31612	10003	15.7665835411471	DS60
WSETLV0005175	454	5709	5491	2027	12.0947136563877	DS60
WSETLV0005176	1269	19430	19225	6312	15.1497241922774	DS60
WSETLV0005177	1675	21797	27142	11722	16.2041791044776	DS60
WSETLV0005178	987	12750	13070	5285	13.242147922999	DS60
WSETLV0005179	1793	22313	25249	9460	14.0819854991634	DS60
WSETLV0005180	814	10648	11493	4606	14.1191646191646	DS60
WSETLV0005181	658	8085	7831	2596	11.9012158054711	DS60
WSETLV0005182	936	11494	11895	4694	12.7083333333333	DS60
WSETLV0005183	922	14811	13949	4569	15.1290672451193	DS60
WSETLV0005184	2110	26302	30328	12157	14.3734597156398	DS60
WSETLV0005185	486	8741	6692	1961	13.7695473251029	DS60
WSETLV0005186	2340	31469	36691	14357	15.6799145299145	DS60
WSETLV0005187	2095	33107	35040	11444	16.7255369928401	DS60
WSETLV0005190	883	13050	11546	2985	13.0758776896942	DS60
WSETLV0005191	3401	36561	45724	19434	13.4442810937959	DS60
WSETLV0005192	1681	29951	27555	6747	16.3920285544319	DS60
WSETLV0005193	347	4640	3798	1388	10.9452449567723	DS60
WSETLV0005194	322	4553	3585	1077	11.1335403726708	DS60
WSETLV0005195	1700	28676	29305	9373	17.2382352941176	DS60
WSETLV0005196	731	12648	11895	4025	16.2722298221614	DS60
WSETLV0005197	1114	16583	17020	6207	15.278276481149	DS60
WSETLV0005198	1293	16626	18875	7274	14.5978344934261	DS60
WSETLV0005199	602	13906	9958	2305	16.5415282392027	DS60
WSETLV0005201	780	10003	9911	3896	12.7064102564103	DS60
WSETLV0005202	351	4517	4029	1456	11.4786324786325	DS60
WSETLV0005203	564	7820	7013	2282	12.4343971631206	DS60
WSETLV0005204	780	13069	12457	3239	15.9705128205128	DS60
WSETLV0005205	699	7387	8982	3613	12.8497854077253	DS60
WSETLV0005206	688	7896	8424	3363	12.2441860465116	DS60
WSETLV0005207	1163	14597	15749	5513	13.5417024935512	DS60
WSETLV0005208	448	6936	5613	1582	12.5290178571429	DS60
WSETLV0005209	813	10495	11483	4324	14.1242312423124	DS60
WSETLV0005210	881	20661	15488	3724	17.5800227014756	DS60
WSETLV0005212	303	4257	3273	920	10.8019801980198	DS60
WSETLV0005213	1173	14157	14168	5179	12.078431372549	DS60
WSETLV0005215	557	7889	7217	2862	12.9569120287253	DS60
WSETLV0005216	1351	21464	21424	6950	15.8578830495929	DS60
WSETLV0005217	300	3759	3116	1339	10.3866666666667	DS60
WSETLV0005220	708	7060	7301	2796	10.3121468926554	DS60
WSETLV0005221	429	6620	5638	1890	13.1421911421911	DS60
WSETLV0005222	1023	12329	13595	4836	13.2893450635386	DS60
WSETLV0005224	2525	37206	36996	13557	14.6518811881188	DS60
WSETLV0005225	985	10150	12471	5257	12.6609137055838	DS60
WSETLV0005226	1181	17867	17538	5399	14.8501270110076	DS60
WSETLV0005227	834	9453	10668	4203	12.7913669064748	DS60
WSETLV0005229	921	11026	11939	4695	12.9630836047774	DS60
WSETLV0005230	681	9471	9389	3471	13.7870778267254	DS60
WSETLV0005231	485	6208	5958	1964	12.2845360824742	DS60
WSETLV0005233	1415	15382	17893	7007	12.6452296819788	DS60
WSETLV0005234	349	4465	3639	1180	10.4269340974212	DS60
WSETLV0005235	1487	17852	19500	7515	13.1136516476126	DS60
WSETLV0005236	931	15687	14699	3553	15.7883995703545	DS60
WSETLV0005237	1471	20494	23377	8004	15.8919102651258	DS60
WSETLV0005238	353	5399	4224	1338	11.9660056657224	DS60
WSETLV0005239	670	7766	8183	3102	12.2134328358209	DS60
WSETLV0005240	487	5647	5435	2028	11.1601642710472	DS60
WSETLV0005241	2979	38775	43582	17252	14.6297415240013	DS60
WSETLV0005242	1899	24235	27368	10339	14.4117956819379	DS60
WSETLV0005243	1505	23491	23332	6875	15.5029900332226	DS60
WSETLV0005244	337	5689	4559	1397	13.5281899109792	DS60
WSETLV0005245	503	5730	5780	2306	11.4910536779324	DS60
WSETLV0005246	1598	17808	21679	8771	13.5663329161452	DS60
WSETLV0005247	534	7849	7368	2498	13.7977528089888	DS60
WSETLV0005250	1318	16733	17806	6691	13.5098634294385	DS60
WSETLV0005251	2409	27794	34455	14056	14.3026151930262	DS60
WSETLV0005252	2161	29279	33226	11442	15.3752892179547	DS60
WSETLV0005253	742	9797	9920	3730	13.3692722371968	DS60
WSETLV0005255	1048	13404	14255	4650	13.6020992366412	DS60
WSETLV0005256	1084	13330	14791	5894	13.6448339483395	DS60
WSETLV0005257	2384	38612	38021	13066	15.9484060402685	DS60
WSETLV0005258	1135	13037	14379	5440	12.6687224669604	DS60
WSETLV0005260	3560	48957	52139	18091	14.6457865168539	DS60
WSETLV0005261	666	11296	10635	3441	15.9684684684685	DS60
WSETLV0005262	2263	32931	36068	11799	15.9381352187362	DS60
WSETLV0005263	1010	12591	13279	4913	13.1475247524752	DS60
WSETLV0005264	531	6669	5668	2108	10.6741996233522	DS60
WSETLV0005265	2348	31446	33952	12240	14.4599659284497	DS60
WSETLV0005266	618	8144	7507	2414	12.1472491909385	DS60
WSETLV0005267	555	7193	6782	2715	12.2198198198198	DS60
WSETLV0005268	2030	28008	32412	11506	15.9665024630542	DS60
WSETLV0005269	1074	12077	14545	6065	13.5428305400372	DS60
WSETLV0005270	619	8140	7161	2434	11.5686591276252	DS60
WSETLV0005271	1365	17508	19512	7833	14.2945054945055	DS60
WSETLV0005272	875	10208	10514	3874	12.016	DS60
WSETLV0005273	1558	24077	23274	8251	14.9383825417202	DS60
WSETLV0005274	606	8368	8038	2601	13.2640264026403	DS60
WSETLV0005275	1572	18317	21464	8314	13.6539440203562	DS60
WSETLV0005278	637	7290	7838	3183	12.3045525902669	DS60
WSETLV0005279	920	14453	14339	4020	15.5858695652174	DS60
WSETLV0005280	923	10482	12452	5163	13.4907908992416	DS60
WSETLV0005281	558	8565	7766	2640	13.9175627240143	DS60
WSETLV0005282	1830	26385	27245	9363	14.8879781420765	DS60
WSETLV0005283	2102	29087	30851	11202	14.6769743101808	DS60
WSETLV0005284	2356	44871	41076	11200	17.4346349745331	DS60
WSETLV0005286	815	13068	12661	4139	15.5349693251534	DS60
WSETLV0005287	1507	30818	25946	6585	17.2169873921699	DS60
WSETLV0005288	2308	34872	32872	12049	14.2426343154246	DS60
WSETLV0005290	3714	76739	69891	20658	18.8182552504039	DS60
WSETLV0005291	1180	14989	15966	5255	13.5305084745763	DS60
WSETLV0005293	557	6796	6555	2580	11.7684021543986	DS60
WSETLV0005294	1881	22098	27692	10965	14.7219564061669	DS60
WSETLV0005295	452	4779	3936	1349	8.70796460176991	DS60
WSETLV0005298	2017	30061	30396	10979	15.0699058006941	DS60
WSETLV0005299	821	10269	10274	3696	12.5140073081608	DS60
WSETLV0005300	1087	12865	14375	6002	13.2244710211592	DS60
WSETLV0005301	1043	13684	14605	5765	14.0028763183126	DS60
WSETLV0005302	913	11137	12034	4687	13.1807228915663	DS60
WSETLV0005304	979	13750	12749	4582	13.0224719101124	DS60
WSETLV0005305	1700	21259	24177	8857	14.2217647058824	DS60
WSETLV0005306	266	4056	2697	785	10.1390977443609	DS60
WSETLV0005307	1462	18589	19926	7498	13.6292749658003	DS60
WSETLV0005308	2479	34093	37449	14243	15.1064945542558	DS60
WSETLV0005309	660	7584	8650	3647	13.1060606060606	DS60
WSETLV0005310	1368	20070	20742	6782	15.1622807017544	DS60
WSETLV0005311	1036	12761	13269	4755	12.8079150579151	DS60
WSETLV0005312	634	9339	7768	2395	12.2523659305994	DS60
WSETLV0005313	1205	15174	15667	6138	13.0016597510373	DS60
WSETLV0005314	813	10857	9219	2856	11.339483394834	DS60
WSETLV0005315	1161	13098	15235	6426	13.1223083548665	DS60
WSETLV0005316	1211	15706	15841	6147	13.0809248554913	DS60
WSETLV0005318	1402	17722	19814	7593	14.132667617689	DS60
WSETLV0005319	813	9154	9145	3505	11.2484624846248	DS60
WSETLV0005320	1775	22244	23618	8948	13.3059154929577	DS60
WSETLV0005322	875	10301	10229	3925	11.6902857142857	DS60
WSETLV0005323	1444	16737	18519	6359	12.8247922437673	DS60
WSETLV0005324	1605	21030	23130	8821	14.411214953271	DS60
WSETLV0005325	7132	100840	109123	38256	15.3004767246214	DS60
WSETLV0005326	2644	32507	37124	13770	14.0408472012103	DS60
WSETLV0005327	821	8991	8678	3465	10.5700365408039	DS60
WSETLV0005328	457	6233	4880	1575	10.6783369803063	DS60
WSETLV0005329	1242	15233	17564	7004	14.1417069243156	DS60
WSETLV0005330	3149	56896	51994	15581	16.5112734201334	DS60
WSETLV0005331	5287	86012	91353	27191	17.2787970493664	DS60
WSETLV0005332	682	8695	8403	2816	12.3211143695015	DS60
WSETLV0005333	1104	13211	14781	5752	13.3885869565217	DS60
WSETLV0005334	920	13758	12895	4006	14.0163043478261	DS60
WSETLV0005335	2460	28071	33833	13472	13.7532520325203	DS60
WSETLV0005336	885	8557	8718	3596	9.85084745762712	DS60
WSETLV0005337	1524	18490	20866	8403	13.6916010498688	DS60
WSETLV0005338	686	8365	8021	2995	11.6924198250729	DS60
WSETLV0005339	790	9719	8578	2883	10.8582278481013	DS60
WSETLV0005341	989	12037	14343	6107	14.5025278058645	DS60
WSETLV0005343	760	10107	10253	3027	13.4907894736842	DS60
WSETLV0005344	985	11017	11501	4613	11.6761421319797	DS60
WSETLV0005346	632	7026	6908	2654	10.9303797468354	DS60
WSETLV0005347	1762	23478	25333	9455	14.3774120317821	DS60
WSETLV0005348	1634	19449	23180	9358	14.1860465116279	DS60
WSETLV0005349	1296	16734	17754	6721	13.6990740740741	DS60
WSETLV0005350	2165	26686	31651	12781	14.6193995381062	DS60
WSETLV0005351	1706	19743	22713	8617	13.3135990621336	DS60
WSETLV0005352	392	5120	3677	1320	9.38010204081633	DS60
WSETLV0005353	1238	18621	17705	6296	14.3012924071082	DS60
WSETLV0005354	1145	12057	15115	6032	13.2008733624454	DS60
WSETLV0005355	940	10392	9373	2787	9.97127659574468	DS60
WSETLV0005357	738	9112	9032	3172	12.2384823848238	DS60
WSETLV0005358	929	11375	13080	5305	14.0796555435953	DS60
WSETLV0005359	2025	26476	29715	12032	14.6740740740741	DS60
WSETLV0005360	1394	17383	19873	7868	14.2560975609756	DS60
WSETLV0005361	3416	46089	51314	16429	15.021662763466	DS60
WSETLV0005363	2332	40448	39944	13409	17.1286449399657	DS60
WSETLV0005364	1211	11748	13775	5661	11.3748967795211	DS60
WSETLV0005365	1966	31883	33061	11307	16.8163784333672	DS60
WSETLV0005366	1845	23331	26619	9948	14.4276422764228	DS60
WSETLV0005367	525	7162	6282	2314	11.9657142857143	DS60
WSETLV0005368	693	10873	10029	3119	14.4718614718615	DS60
WSETLV0005369	1593	19736	21790	8625	13.6785938480854	DS60
WSETLV0005370	1157	14435	15964	5865	13.7977528089888	DS60
WSETLV0005371	679	8967	7252	2436	10.680412371134	DS60
WSETLV0005373	1178	18226	16864	4682	14.3157894736842	DS60
WSETLV0005374	2038	33253	32550	10536	15.9715407262022	DS60
WSETLV0005375	1277	24106	22394	5926	17.5364134690681	DS60
WSETLV0005376	507	8638	7012	1810	13.8303747534517	DS60
WSETLV0005377	926	11005	12459	4996	13.4546436285097	DS60
WSETLV0005379	1460	27371	23816	6122	16.3123287671233	DS60
WSETLV0005381	1536	20528	21896	8371	14.2552083333333	DS60
WSETLV0005382	1989	23522	26588	10053	13.3675213675214	DS60
WSETLV0005383	484	7574	6143	2003	12.6921487603306	DS60
WSETLV0005384	878	11417	9561	2816	10.8895216400911	DS60
WSETLV0006001	1308	17091	16913	5530	12.9304281345566	DS60
WSETLV0006002	548	5406	4804	1642	8.76642335766423	DS60
WSETLV0006003	514	6052	5302	1301	10.3151750972763	DS60
WSETLV0006004	1158	13578	14890	5644	12.8583765112263	DS60
WSETLV0006005	1330	15093	15592	5169	11.7233082706767	DS60
WSETLV0006006	452	5601	5113	1705	11.3119469026549	DS60
WSETLV0006007	621	8431	7349	2263	11.8341384863124	DS60
WSETLV0006008	1676	18971	21096	7775	12.5871121718377	DS60
WSETLV0006011	1611	20133	20321	7254	12.6139044072005	DS60
WSETLV0006012	5078	53545	69568	27775	13.6998818432454	DS60
WSETLV0006013	446	4413	4035	1489	9.04708520179372	DS60
WSETLV0006014	2589	44023	38653	12057	14.9297025878718	DS60
WSETLV0006015	1614	19315	19382	6866	12.0086741016109	DS60
WSETLV0006016	1451	17903	17622	6042	12.144727773949	DS60
WSETLV0006017	603	6705	6560	2245	10.8789386401327	DS60
WSETLV0006018	1265	21313	21157	5772	16.7249011857708	DS60
WSETLV0006019	332	3736	3128	1228	9.42168674698795	DS60
WSETLV0006020	2209	26064	27025	9552	12.2340425531915	DS60
WSETLV0006021	1262	16749	17059	5796	13.5174326465927	DS60
WSETLV0006022	1467	25400	23477	6257	16.0034083162918	DS60
WSETLV0006023	1117	13043	13444	4934	12.0358102059087	DS60
WSETLV0006024	1075	12292	12849	5069	11.9525581395349	DS60
WSETLV0006025	897	9094	11007	4347	12.2709030100334	DS60
WSETLV0006026	835	9156	9680	3441	11.5928143712575	DS60
WSETLV0006027	2850	41724	46489	14727	16.3119298245614	DS60
WSETLV0006030	613	8095	7380	2084	12.0391517128874	DS60
WSETLV0006031	646	10277	8837	2305	13.6795665634675	DS60
WSETLV0006032	1229	13265	14283	5302	11.6216436126932	DS60
WSETLV0006033	1889	24098	25062	8980	13.2673372154579	DS60
WSETLV0006034	2061	29996	29197	8860	14.1664240659874	DS60
WSETLV0006035	2409	35149	35347	10648	14.6728933167289	DS60
WSETLV0006036	1715	22426	23401	8104	13.6448979591837	DS60
WSETLV0006038	1140	12719	13518	5005	11.8578947368421	DS60
WSETLV0006039	2017	25293	27554	9322	13.6608824987605	DS60
WSETLV0006040	4448	56009	65573	25047	14.742131294964	DS60
WSETLV0006041	1144	15058	13678	4419	11.9562937062937	DS60
WSETLV0006042	2942	44202	43015	13911	14.6210061182869	DS60
WSETLV0006043	1831	34740	31433	7927	17.1671217913708	DS60
WSETLV0006044	1183	15597	16526	5485	13.9695688926458	DS60
WSETLV0006045	2333	28323	30061	11840	12.8851264466352	DS60
WSETLV0006046	1700	22753	23481	8111	13.8123529411765	DS60
WSETLV0006047	1621	21840	22182	6998	13.6841455891425	DS60
WSETLV0006049	1188	12453	13320	4784	11.2121212121212	DS60
WSETLV0006050	248	2755	1429	408	5.76209677419355	DS60
WSETLV0006051	706	9202	8301	2565	11.757790368272	DS60
WSETLV0006052	738	8863	8613	2853	11.6707317073171	DS60
WSETLV0006053	1087	16702	15421	4089	14.1867525298988	DS60
WSETLV0006054	1838	23572	26718	9721	14.5364526659412	DS60
WSETLV0006055	1733	25296	24639	7464	14.2175418349683	DS60
WSETLV0006056	1451	14622	16587	6492	11.4314266023432	DS60
WSETLV0006057	4467	60578	69912	25441	15.6507723304231	DS60
WSETLV0006058	2128	26537	27404	9631	12.8778195488722	DS60
WSETLV0006059	1034	15882	14656	4480	14.174081237911	DS60
WSETLV0006060	1021	10318	11303	4539	11.0705190989226	DS60
WSETLV0006062	643	9554	8104	2447	12.6034214618974	DS60
WSETLV0006063	526	5788	5115	1834	9.72433460076046	DS60
WSETLV0006064	3026	36917	41141	14236	13.5958360872439	DS60
WSETLV0006065	968	16628	14199	3791	14.6683884297521	DS60
WSETLV0006066	1877	36564	31472	8500	16.7671816728823	DS60
WSETLV0006068	1445	18201	19176	7063	13.2705882352941	DS60
WSETLV0006069	885	12252	12109	3567	13.6824858757062	DS60
WSETLV0006070	2573	35148	37800	12448	14.6910221531286	DS60
WSETLV0006071	2813	33800	37684	14405	13.3963739779595	DS60
WSETLV0006072	1029	14339	14475	4677	14.067055393586	DS60
WSETLV0006073	658	8591	8101	2683	12.3115501519757	DS60
WSETLV0006074	958	12389	12126	3693	12.6576200417537	DS60
WSETLV0006075	957	12685	11590	4072	12.110762800418	DS60
WSETLV0006076	1267	18930	19038	5936	15.026045777427	DS60
WSETLV0006077	991	13982	14007	4904	14.1342078708375	DS60
WSETLV0006078	1159	20950	19156	5191	16.5280414150129	DS60
WSETLV0006079	1276	24373	21874	5846	17.1426332288401	DS60
WSETLV0006081	2216	28923	31919	11342	14.403880866426	DS60
WSETLV0006082	1453	23085	21188	5499	14.582243633861	DS60
WSETLV0006083	3284	70931	64570	14592	19.6619975639464	DS60
WSETLV0006084	1036	10699	11475	4571	11.0762548262548	DS60
WSETLV0006085	445	6797	5136	1275	11.5415730337079	DS60
WSETLV0006086	3103	38990	41867	15216	13.4924266838543	DS60
WSETLV0006088	1803	20843	22301	7523	12.3688297282307	DS60
WSETLV0006089	7514	139607	135477	34554	18.0299441043386	DS60
WSETLV0006090	2250	26453	29602	11363	13.1564444444444	DS60
WSETLV0006091	581	7756	6340	1756	10.9122203098107	DS60
WSETLV0006092	1404	17755	18700	6601	13.3190883190883	DS60
WSETLV0006093	3342	45536	48484	16748	14.5074805505685	DS60
WSETLV0006094	1542	22473	22511	7131	14.5985732814527	DS60
WSETLV0006097	1890	24567	26057	8788	13.7867724867725	DS60
WSETLV0006099	8062	118133	127580	40064	15.8248573554949	DS60
WSETLV0006100	829	10742	10346	3498	12.4800965018094	DS60
WSETLV0006101	379	1919	1811	718	4.77836411609499	DS60
WSETLV0006102	1182	17898	17918	5669	15.1590524534687	DS60
WSETLV0006104	1253	15939	16654	5810	13.2913008778931	DS60
WSETLV0006106	1796	22579	25002	8540	13.9209354120267	DS60
WSETLV0006107	1807	25911	27908	8489	15.4443829551743	DS60
WSETLV0006108	1740	24875	26159	8001	15.033908045977	DS60
WSETLV0006109	1185	14527	15037	5230	12.6894514767932	DS60
WSETLV0006110	569	8899	7169	1701	12.5992970123023	DS60
WSETLV0006111	815	10087	9921	3140	12.1730061349693	DS60
WSETLV0006112	608	7784	6825	2029	11.2253289473684	DS60
WSETLV0006113	1191	14643	15330	5339	12.8715365239295	DS60
WSETLV0006114	581	10063	9019	2353	15.5232358003442	DS60
WSETLV0006115	3399	48180	53526	17612	15.747572815534	DS60
WSETLV0006117	994	12117	11631	4388	11.7012072434608	DS60
WSETLV0006118	1120	12355	14049	5228	12.54375	DS60
WSETLV0006119	1634	29102	27448	7166	16.7980416156671	DS60
WSETLV0006120	1730	23187	25022	7924	14.4635838150289	DS60
WSETLV0006121	848	10517	10791	3730	12.7252358490566	DS60
WSETLV0006122	1817	22269	24117	8974	13.272977435333	DS60
WSETLV0006123	680	7353	7945	3087	11.6838235294118	DS60
WSETLV0006125	682	10502	9554	2726	14.0087976539589	DS60
WSETLV0006127	1866	18808	24116	10192	12.9239013933548	DS60
WSETLV0006128	1680	26464	25120	8883	14.952380952381	DS60
WSETLV0006129	1032	13061	13681	3650	13.2567829457364	DS60
WSETLV0006130	621	7396	7136	2426	11.4911433172303	DS60
WSETLV0006134	678	8429	8662	2762	12.7758112094395	DS60
WSETLV0006135	1585	22685	22852	7088	14.417665615142	DS60
WSETLV0006136	2411	32761	33888	11913	14.0555785980921	DS60
WSETLV0006137	807	12032	11796	3844	14.6171003717472	DS60
WSETLV0006138	1604	21670	21199	6752	13.2163341645885	DS60
WSETLV0006139	1998	37950	35896	9122	17.965965965966	DS60
WSETLV0006140	518	7878	6211	1595	11.9903474903475	DS60
WSETLV0006141	725	11113	10180	3055	14.0413793103448	DS60
WSETLV0006142	858	13638	11993	3406	13.9778554778555	DS60
WSETLV0006143	1117	13912	12609	4538	11.2882721575649	DS60
WSETLV0006144	603	7228	6945	2492	11.5174129353234	DS60
WSETLV0006146	1437	17167	18717	6147	13.0250521920668	DS60
WSETLV0006147	1442	17733	19528	6703	13.5423023578363	DS60
WSETLV0006148	889	13202	13232	4212	14.8841394825647	DS60
WSETLV0006150	574	7485	6566	1905	11.4390243902439	DS60
WSETLV0006152	577	7194	7035	2451	12.1923743500867	DS60
WSETLV0006153	716	7833	6536	2029	9.12849162011173	DS60
WSETLV0006155	834	14858	12830	2819	15.3836930455636	DS60
WSETLV0006158	336	3762	3015	744	8.97321428571429	DS60
WSETLV0006159	2299	27365	29651	11110	12.8973466724663	DS60
WSETLV0006161	2055	29688	29089	9134	14.1552311435523	DS60
WSETLV0006162	1895	20300	25288	10273	13.3445910290237	DS60
WSETLV0006163	5588	67803	85228	31903	15.251968503937	DS60
WSETLV0006164	1071	15571	15703	4610	14.6619981325864	DS60
WSETLV0006165	1830	21120	22862	8175	12.4928961748634	DS60
WSETLV0006167	645	13272	9528	1965	14.7720930232558	DS60
WSETLV0006169	1581	23490	23503	7822	14.8659076533839	DS60
WSETLV0006170	1580	19272	22622	8742	14.3177215189873	DS60
WSETLV0006171	984	18527	15795	3306	16.0518292682927	DS60
WSETLV0006172	1747	25289	26855	8886	15.3720663995421	DS60
WSETLV0006173	1878	21662	24580	9403	13.0883919062833	DS60
WSETLV0006174	2017	27012	28909	10235	14.3326722855726	DS60
WSETLV0006176	1330	20530	19628	5334	14.7578947368421	DS60
WSETLV0006177	2682	35333	36672	13131	13.6733780760626	DS60
WSETLV0006178	611	7417	6703	2250	10.9705400981997	DS60
WSETLV0006179	659	10204	9272	2771	14.0698027314112	DS60
WSETLV0006180	1723	22224	24592	9625	14.272780034823	DS60
WSETLV0006181	1885	33438	32611	8257	17.3002652519894	DS60
WSETLV0006183	1022	13774	13511	4130	13.220156555773	DS60
WSETLV0006184	418	6052	4297	1010	10.2799043062201	DS60
WSETLV0006185	1745	25881	25568	8685	14.6521489971347	DS60
WSETLV0006187	2076	26327	28492	10072	13.7244701348748	DS60
WSETLV0006190	2964	57060	50898	10720	17.1720647773279	DS60
WSETLV0006191	2585	39172	38795	11841	15.0077369439072	DS60
WSETLV0006192	2634	73312	57903	10523	21.9829157175399	DS60
WSETLV0006193	450	3898	3002	915	6.67111111111111	DS60
WSETLV0006194	541	9780	7713	1814	14.2569316081331	DS60
WSETLV0006195	716	10273	9670	2987	13.5055865921788	DS60
WSETLV0006196	1437	25074	24797	7260	17.2560890744607	DS60
WSETLV0006198	682	13251	10545	2137	15.4618768328446	DS60
WSETLV0006199	736	10633	10213	3268	13.8763586956522	DS60
WSETLV0006200	1320	24081	21768	4475	16.4909090909091	DS60
WSETLV0006201	555	7134	6394	2185	11.5207207207207	DS60
WSETLV0006202	283	3368	2623	809	9.26855123674912	DS60
WSETLV0006203	1480	16939	19533	7605	13.197972972973	DS60
WSETLV0006205	721	8926	8679	2584	12.0374479889043	DS60
WSETLV0006206	442	5161	4868	1729	11.0135746606335	DS60
WSETLV0006207	610	6942	6848	2628	11.2262295081967	DS60
WSETLV0006211	1461	19357	20626	6954	14.1177275838467	DS60
WSETLV0006212	695	11184	9936	2321	14.2964028776978	DS60
WSETLV0006213	1132	13596	13943	5147	12.3171378091873	DS60
WSETLV0006215	686	10214	9225	2523	13.4475218658892	DS60
WSETLV0006217	847	11579	10887	3247	12.85360094451	DS60
WSETLV0006218	529	7159	6417	2054	12.1304347826087	DS60
WSETLV0006219	1504	19914	22839	7669	15.1855053191489	DS60
WSETLV0006220	951	9960	9945	3747	10.4574132492114	DS60
WSETLV0006221	780	10831	10999	3545	14.1012820512821	DS60
WSETLV0006223	1873	31540	31033	9557	16.5686065136145	DS60
WSETLV0006224	1193	15093	15442	5202	12.9438390611903	DS60
WSETLV0006225	930	9629	10595	4228	11.3924731182796	DS60
WSETLV0006227	828	9937	8911	2894	10.762077294686	DS60
WSETLV0006229	786	12889	10392	2528	13.2213740458015	DS60
WSETLV0006230	2224	25580	29457	11346	13.2450539568345	DS60
WSETLV0006231	851	11901	11757	3665	13.8155111633373	DS60
WSETLV0006233	689	7338	7416	2718	10.7634252539913	DS60
WSETLV0006234	2532	32184	35032	12415	13.8357030015798	DS60
WSETLV0006235	1365	22882	21506	4867	15.7553113553114	DS60
WSETLV0006238	299	4288	3085	841	10.3177257525084	DS60
WSETLV0006239	5392	72067	83723	29661	15.527262611276	DS60
WSETLV0006240	841	10520	9698	3465	11.5315101070155	DS60
WSETLV0006242	8094	135744	135369	39318	16.7246108228317	DS60
WSETLV0006243	1189	11583	13505	4875	11.3582842724979	DS60
WSETLV0006244	1405	21369	20724	5720	14.7501779359431	DS60
WSETLV0006245	1854	25314	27418	8465	14.7885652642934	DS60
WSETLV0006246	548	6000	5166	1625	9.42700729927007	DS60
WSETLV0006247	1116	17823	15797	4274	14.155017921147	DS60
WSETLV0006249	2784	41285	41948	13958	15.0675287356322	DS60
WSETLV0006251	2040	28605	29853	9790	14.6338235294118	DS60
WSETLV0006253	370	4571	4048	1183	10.9405405405405	DS60
WSETLV0006255	1581	26607	26515	6105	16.7710309930424	DS60
WSETLV0006257	520	5893	4962	1687	9.54230769230769	DS60
WSETLV0006258	720	8959	8911	2934	12.3763888888889	DS60
WSETLV0006260	1793	25896	26102	8654	14.5577244841049	DS60
WSETLV0006261	755	10016	9321	2555	12.3456953642384	DS60
WSETLV0006262	1227	15054	16915	6732	13.7856560717196	DS60
WSETLV0006263	519	6732	5603	1722	10.7957610789981	DS60
WSETLV0006265	604	7298	6588	2108	10.9072847682119	DS60
WSETLV0006266	421	5968	4965	1353	11.7933491686461	DS60
WSETLV0006268	913	11045	11001	3924	12.0492880613363	DS60
WSETLV0006269	2290	31349	33522	10972	14.6384279475983	DS60
WSETLV0006270	647	9194	8264	2526	12.7727975270479	DS60
WSETLV0006271	1030	11336	12622	5219	12.2543689320388	DS60
WSETLV0006272	1854	23049	23893	8212	12.8872707659115	DS60
WSETLV0006273	1392	22277	23219	8028	16.680316091954	DS60
WSETLV0006274	334	4367	3282	743	9.82634730538922	DS60
WSETLV0006275	2046	28575	28676	9639	14.0156402737048	DS60
WSETLV0006277	1616	32535	28414	6695	17.5829207920792	DS60
WSETLV0006279	2128	41575	38241	8801	17.9703947368421	DS60
WSETLV0006280	477	8118	6443	1734	13.5073375262055	DS60
WSETLV0006281	1714	26901	25543	8813	14.9025670945158	DS60
WSETLV0006282	1493	21552	20817	6370	13.9430676490288	DS60
WSETLV0006283	3137	38622	43458	16677	13.8533630857507	DS60
WSETLV0006284	303	2172	1280	313	4.22442244224422	DS60
WSETLV0006285	756	11922	10726	2736	14.1878306878307	DS60
WSETLV0006286	1549	21462	21593	7573	13.9399612653325	DS60
WSETLV0006287	1650	29870	28263	7600	17.1290909090909	DS60
WSETLV0006288	2025	32773	29451	8353	14.5437037037037	DS60
WSETLV0006290	1081	13319	14866	5603	13.7520814061055	DS60
WSETLV0006292	916	9948	10899	4282	11.8984716157205	DS60
WSETLV0006293	5360	60093	75660	30397	14.115671641791	DS60
WSETLV0006294	367	4638	4020	1242	10.9536784741144	DS60
WSETLV0006295	714	8855	7678	2004	10.7535014005602	DS60
WSETLV0006297	383	4532	3723	1298	9.72062663185379	DS60
WSETLV0006298	1087	14718	13457	4047	12.3799448022079	DS60
WSETLV0006299	919	11304	10530	2771	11.4581066376496	DS60
WSETLV0006300	758	12046	9755	2710	12.8693931398417	DS60
WSETLV0006301	2132	30303	31791	11249	14.9113508442777	DS60
WSETLV0006302	1288	15197	15585	5011	12.1001552795031	DS60
WSETLV0006303	560	6674	5465	1461	9.75892857142857	DS60
WSETLV0006304	450	5009	4018	1367	8.92888888888889	DS60
WSETLV0006305	3727	55386	58552	20825	15.7102226992219	DS60
WSETLV0006306	724	8874	6924	2184	9.56353591160221	DS60
WSETLV0006307	892	9126	10316	3866	11.5650224215247	DS60
WSETLV0006308	1878	20945	23321	8981	12.4179978700745	DS60
WSETLV0006309	369	4631	3526	1174	9.55555555555556	DS60
WSETLV0006310	2016	27923	30968	11518	15.3611111111111	DS60
WSETLV0006311	2329	43687	43218	12635	18.5564620008587	DS60
WSETLV0006312	638	10357	9203	2133	14.4247648902821	DS60
WSETLV0006313	924	12820	10597	2718	11.4686147186147	DS60
WSETLV0006314	2275	31807	32418	10569	14.2496703296703	DS60
WSETLV0006316	798	10495	9055	3483	11.3471177944862	DS60
WSETLV0006318	859	14984	12324	2816	14.3469150174622	DS60
WSETLV0006319	4334	62236	64474	18982	14.8763267189663	DS60
WSETLV0006320	1052	14175	13044	4251	12.3992395437262	DS60
WSETLV0006321	545	6129	6157	2300	11.297247706422	DS60
WSETLV0006322	4594	56706	66012	23775	14.369177187636	DS60
WSETLV0006323	2538	36921	37714	11143	14.859732072498	DS60
WSETLV0006324	802	11363	9967	2842	12.427680798005	DS60
WSETLV0006326	602	7684	6998	2374	11.624584717608	DS60
WSETLV0006327	676	6919	5517	1773	8.1612426035503	DS60
WSETLV0006328	844	11534	10193	3407	12.0770142180095	DS60
WSETLV0006331	2415	32101	35281	10844	14.6091097308489	DS60
WSETLV0006334	1209	13334	14431	5851	11.9363110008271	DS60
WSETLV0006335	1262	13028	13701	5228	10.8565768621236	DS60
WSETLV0006336	4460	51580	54988	20251	12.3291479820628	DS60
WSETLV0006337	381	4670	3457	1046	9.07349081364829	DS60
WSETLV0006338	5128	69681	79986	29110	15.5978939157566	DS60
WSETLV0006339	1820	20922	21690	8568	11.9175824175824	DS60
WSETLV0006340	523	6927	5227	1489	9.9942638623327	DS60
WSETLV0006341	997	12733	12321	4265	12.358074222668	DS60
WSETLV0006342	934	10697	10193	3606	10.9132762312634	DS60
WSETLV0006343	966	11334	11120	3582	11.5113871635611	DS60
WSETLV0006345	2402	32789	33916	11432	14.1199000832639	DS60
WSETLV0006346	2094	22460	25825	9821	12.3328557784145	DS60
WSETLV0006348	1770	25224	24461	7165	13.8197740112994	DS60
WSETLV0006349	2610	36135	38398	13605	14.711877394636	DS60
WSETLV0006350	1361	18390	20010	6748	14.7024246877296	DS60
WSETLV0006351	2244	27286	30796	11521	13.7237076648841	DS60
WSETLV0006352	1242	15985	16705	6081	13.4500805152979	DS60
WSETLV0006353	3893	69929	66913	20901	17.1880297970717	DS60
WSETLV0006354	1629	21066	22662	7364	13.9116022099448	DS60
WSETLV0006355	1091	10239	10333	3707	9.4711274060495	DS60
WSETLV0006356	545	8933	6941	1521	12.7357798165138	DS60
WSETLV0006357	732	7660	7419	2818	10.1352459016393	DS60
WSETLV0006358	2176	36918	37337	10812	17.1585477941177	DS60
WSETLV0006360	610	6097	5865	2137	9.61475409836066	DS60
WSETLV0006361	1231	14399	14613	4539	11.8708367181154	DS60
WSETLV0006362	1344	18990	18399	5201	13.6897321428571	DS60
WSETLV0006363	2926	73865	61233	11616	20.9272043745728	DS60
WSETLV0006364	1827	20019	22258	8456	12.1828133552272	DS60
WSETLV0006365	542	6961	6031	1995	11.1273062730627	DS60
WSETLV0006366	2872	48052	49744	12705	17.3203342618384	DS60
WSETLV0006367	1044	12703	12949	4423	12.4032567049808	DS60
WSETLV0006370	2372	32575	35800	11506	15.0927487352445	DS60
WSETLV0006371	4010	52734	56542	20038	14.1002493765586	DS60
WSETLV0006372	5252	76966	85531	29165	16.2854150799695	DS60
WSETLV0006373	1880	28116	28639	9112	15.2335106382979	DS60
WSETLV0006374	1912	25802	27001	8890	14.1218619246862	DS60
WSETLV0006375	2146	27051	30001	10681	13.979962721342	DS60
WSETLV0006376	2671	41714	38292	11696	14.3362036690378	DS60
WSETLV0006377	776	9833	9120	2923	11.7525773195876	DS60
WSETLV0006378	1411	22699	21306	6086	15.0999291282778	DS60
WSETLV0006379	2598	43475	38247	10562	14.7217090069284	DS60
WSETLV0006380	2813	48125	45603	12617	16.211517952364	DS60
WSETLV0006381	748	14495	11578	2502	15.4786096256685	DS60
WSETLV0006383	1263	17903	19167	6783	15.1757719714964	DS60
WSETLV0006384	1777	28348	24607	5704	13.8474957794035	DS60
WSETLV0007001	616	8662	7977	2426	12.9496753246753	DS60
WSETLV0007002	339	4916	3677	1015	10.8466076696165	DS60
WSETLV0007003	885	9712	10547	4025	11.9175141242938	DS60
WSETLV0007005	1692	27685	27472	8192	16.2364066193853	DS60
WSETLV0007007	378	6192	3926	915	10.3862433862434	DS60
WSETLV0007008	668	12838	11173	2596	16.7260479041916	DS60
WSETLV0007009	743	10571	11439	4090	15.3956931359354	DS60
WSETLV0007011	1524	18284	20356	8122	13.3569553805774	DS60
WSETLV0007013	501	7384	5461	1577	10.9001996007984	DS60
WSETLV0007015	623	10712	8342	2347	13.3900481540931	DS60
WSETLV0007016	2270	34653	37041	12684	16.3176211453745	DS60
WSETLV0007017	1019	17767	16950	4522	16.6339548577036	DS60
WSETLV0007019	1126	14598	16513	6437	14.6651865008881	DS60
WSETLV0007020	612	8310	7259	2244	11.8611111111111	DS60
WSETLV0007021	1057	14764	15117	4809	14.3017975402081	DS60
WSETLV0007022	1081	14274	15209	5293	14.0693802035153	DS60
WSETLV0007024	993	14988	15250	4519	15.3575025176234	DS60
WSETLV0007025	607	9073	7674	2356	12.6425041186161	DS60
WSETLV0007026	2250	36306	39725	12136	17.6555555555556	DS60
WSETLV0007027	796	10226	10953	4239	13.7600502512563	DS60
WSETLV0007028	1007	22849	18959	3348	18.8272095332671	DS60
WSETLV0007029	591	9880	7772	1886	13.1505922165821	DS60
WSETLV0007031	1061	12645	14224	5427	13.4062205466541	DS60
WSETLV0007032	1446	17228	19605	7405	13.5580912863071	DS60
WSETLV0007033	2066	31496	32136	11196	15.5546950629235	DS60
WSETLV0007034	2321	30210	34971	12745	15.0672124084446	DS60
WSETLV0007035	763	12406	11526	3091	15.1061598951507	DS60
WSETLV0007036	2698	45101	44874	12700	16.6323202372128	DS60
WSETLV0007037	2454	32734	38803	14653	15.8121434392828	DS60
WSETLV0007039	371	5516	4116	1101	11.0943396226415	DS60
WSETLV0007040	755	11237	11030	4020	14.6092715231788	DS60
WSETLV0007041	1383	16492	19374	7685	14.0086767895879	DS60
WSETLV0007042	1229	29526	25370	4293	20.6427990235964	DS60
WSETLV0007043	614	8551	6468	2040	10.5342019543974	DS60
WSETLV0007045	503	7401	6953	1909	13.8230616302187	DS60
WSETLV0007046	1621	20278	23888	9441	14.73658235657	DS60
WSETLV0007047	2781	56190	52099	13174	18.7339086659475	DS60
WSETLV0007048	1186	14994	16786	6633	14.1534569983137	DS60
WSETLV0007049	1073	17338	16105	4295	15.0093196644921	DS60
WSETLV0007050	2363	33515	36306	12859	15.3643673296657	DS60
WSETLV0007051	1432	20623	23657	8314	16.520251396648	DS60
WSETLV0007053	2530	35926	37843	13401	14.9577075098814	DS60
WSETLV0007054	955	17973	15634	4127	16.3706806282723	DS60
WSETLV0007055	2006	30434	31105	10044	15.5059820538385	DS60
WSETLV0007056	637	7469	7025	2272	11.0282574568289	DS60
WSETLV0007057	3369	55541	55303	15686	16.4152567527456	DS60
WSETLV0007058	2706	38173	42420	14796	15.6762749445676	DS60
WSETLV0007061	1753	21824	23447	8444	13.37535653166	DS60
WSETLV0007062	1235	22728	20923	5422	16.9417004048583	DS60
WSETLV0007063	1998	28722	31662	10381	15.8468468468468	DS60
WSETLV0007064	2667	50783	51502	13302	19.3108361454818	DS60
WSETLV0007066	545	7509	6810	2497	12.4954128440367	DS60
WSETLV0007067	2582	33226	39105	14300	15.1452362509682	DS60
WSETLV0007068	1193	14077	15300	5313	12.8248113998324	DS60
WSETLV0007069	711	9971	9463	2993	13.309423347398	DS60
WSETLV0007070	2211	26491	32137	12841	14.535052012664	DS60
WSETLV0007072	1255	20272	19888	5575	15.8470119521912	DS60
WSETLV0007073	3154	56018	56219	17222	17.8246670894103	DS60
WSETLV0007074	2277	34824	36040	9713	15.8278436539306	DS60
WSETLV0007078	530	9270	7513	1923	14.1754716981132	DS60
WSETLV0007079	1235	17537	17219	6519	13.9425101214575	DS60
WSETLV0007080	2091	32107	34014	10380	16.2668579626973	DS60
WSETLV0007081	1025	15675	15771	4769	15.3863414634146	DS60
WSETLV0007082	1660	29237	27289	8068	16.439156626506	DS60
WSETLV0007083	4229	64927	68238	22620	16.1357294868763	DS60
WSETLV0007084	1677	21280	23828	9483	14.2087060226595	DS60
WSETLV0007085	708	10211	9806	3103	13.8502824858757	DS60
WSETLV0007086	1418	34143	29493	5314	20.7990126939351	DS60
WSETLV0007088	1137	14064	14510	5403	12.7616534740545	DS60
WSETLV0007089	1955	30413	30209	8885	15.4521739130435	DS60
WSETLV0007090	521	6265	6037	2081	11.5873320537428	DS60
WSETLV0007091	2478	36730	38171	12388	15.4039548022599	DS60
WSETLV0007092	735	8986	8961	3468	12.1918367346939	DS60
WSETLV0007093	682	13860	12380	2296	18.1524926686217	DS60
WSETLV0007094	944	16084	14298	3731	15.146186440678	DS60
WSETLV0007095	1459	31821	29577	6002	20.2721041809459	DS60
WSETLV0007096	4357	64612	70858	24802	16.2630250172137	DS60
WSETLV0007097	1045	12522	13749	5244	13.1569377990431	DS60
WSETLV0007098	1149	17258	18155	6327	15.8006962576153	DS60
WSETLV0007099	777	9857	10279	3983	13.2290862290862	DS60
WSETLV0007101	1445	9726	11012	4236	7.62076124567474	DS60
WSETLV0007102	407	5218	4914	1671	12.0737100737101	DS60
WSETLV0007103	1503	22776	23437	8311	15.5934797072522	DS60
WSETLV0007104	499	6641	6379	2089	12.7835671342685	DS60
WSETLV0007105	495	5997	5896	2153	11.9111111111111	DS60
WSETLV0007106	1516	21495	23331	8869	15.3898416886544	DS60
WSETLV0007107	485	7764	7602	1957	15.6742268041237	DS60
WSETLV0007108	829	14131	13748	3976	16.583835946924	DS60
WSETLV0007109	411	7028	5337	1180	12.985401459854	DS60
WSETLV0007111	1489	19910	22760	8497	15.2854264607119	DS60
WSETLV0007112	947	14293	12040	2903	12.713833157339	DS60
WSETLV0007113	457	9212	8086	1692	17.6936542669584	DS60
WSETLV0007114	595	9200	8225	2032	13.8235294117647	DS60
WSETLV0007115	566	7943	7414	2459	13.0989399293286	DS60
WSETLV0007116	1853	24555	29470	11624	15.9039395574744	DS60
WSETLV0007117	823	11757	11011	2853	13.3791008505468	DS60
WSETLV0007118	2244	30639	36754	13535	16.3787878787879	DS60
WSETLV0007119	3031	55532	57128	14923	18.8479049818542	DS60
WSETLV0007120	2074	36799	36640	8895	17.6663452266152	DS60
WSETLV0007122	1175	16152	16483	5506	14.028085106383	DS60
WSETLV0007123	1007	14233	14785	5047	14.682224428997	DS60
WSETLV0007124	742	10886	9905	2647	13.3490566037736	DS60
WSETLV0007125	1359	23417	23976	7323	17.6423841059603	DS60
WSETLV0007126	1204	14048	16981	6849	14.1038205980066	DS60
WSETLV0007127	2173	28456	32419	11244	14.9190059825127	DS60
WSETLV0007128	596	10253	9223	2261	15.4748322147651	DS60
WSETLV0007129	1630	21461	24075	8994	14.7699386503067	DS60
WSETLV0007130	414	5659	4897	1308	11.8285024154589	DS60
WSETLV0007132	489	5153	4465	1817	9.13087934560327	DS60
WSETLV0007133	487	8658	7184	1776	14.7515400410678	DS60
WSETLV0007134	1361	17143	20015	7274	14.7060984570169	DS60
WSETLV0007135	2155	30782	33914	12253	15.7373549883991	DS60
WSETLV0007136	1518	20442	21879	8171	14.4130434782609	DS60
WSETLV0007137	1886	25699	29305	10916	15.5381760339343	DS60
WSETLV0007138	2293	37077	40205	12665	17.5337985172263	DS60
WSETLV0007139	1037	17656	16807	5264	16.2073288331726	DS60
WSETLV0007140	776	11237	10841	3424	13.9703608247423	DS60
WSETLV0007141	757	12149	10414	2742	13.7569352708058	DS60
WSETLV0007142	383	5336	4232	1386	11.0496083550914	DS60
WSETLV0007144	1107	13810	14740	5292	13.3152664859982	DS60
WSETLV0007147	1664	30402	31228	9278	18.7668269230769	DS60
WSETLV0007150	1716	20055	23125	8565	13.4761072261072	DS60
WSETLV0007151	2713	40445	42083	14123	15.511610762993	DS60
WSETLV0007152	2318	34886	38392	14569	16.5625539257981	DS60
WSETLV0007153	1657	23705	24930	7695	15.0452625226313	DS60
WSETLV0007154	876	9971	11189	4364	12.7728310502283	DS60
WSETLV0007155	2584	49575	46970	11131	18.1772445820433	DS60
WSETLV0007156	820	12608	11658	3326	14.2170731707317	DS60
WSETLV0007158	767	10060	9688	2906	12.6310299869622	DS60
WSETLV0007160	1896	25954	29581	10300	15.6017932489451	DS60
WSETLV0007161	1093	16635	16336	4348	14.9460201280878	DS60
WSETLV0007162	516	7619	6298	1806	12.2054263565891	DS60
WSETLV0007163	491	6020	5882	1916	11.979633401222	DS60
WSETLV0007164	2405	33636	37206	12678	15.4702702702703	DS60
WSETLV0007165	1489	38917	32184	5282	21.6145063801209	DS60
WSETLV0007166	3767	61422	65773	20339	17.4603132466153	DS60
WSETLV0007167	3651	52728	62731	23748	17.181867981375	DS60
WSETLV0007168	592	8194	6988	2176	11.8040540540541	DS60
WSETLV0007170	660	10505	9549	2210	14.4681818181818	DS60
WSETLV0007172	843	11564	11834	4074	14.0379596678529	DS60
WSETLV0007173	870	10641	11000	3813	12.6436781609195	DS60
WSETLV0007174	467	6932	5310	1757	11.3704496788009	DS60
WSETLV0007176	848	12065	12094	3598	14.2617924528302	DS60
WSETLV0007177	645	8485	8191	3292	12.6992248062016	DS60
WSETLV0007178	1761	21791	25247	9612	14.3367404883589	DS60
WSETLV0007179	824	11741	11202	3564	13.5946601941748	DS60
WSETLV0007180	669	8605	8641	2917	12.9162929745889	DS60
WSETLV0007181	1509	19582	23206	9017	15.3783962889331	DS60
WSETLV0007182	5793	86569	98415	36518	16.9886069394096	DS60
WSETLV0007183	1731	23504	25763	8361	14.8833044482958	DS60
WSETLV0007184	1263	21060	20853	6278	16.5106888361045	DS60
WSETLV0007185	2173	38789	37267	10947	17.1500230096641	DS60
WSETLV0007187	3583	55504	58145	19368	16.2280212112755	DS60
WSETLV0007188	1822	30539	29305	9141	16.0839736553238	DS60
WSETLV0007189	1254	16104	17133	6007	13.6626794258373	DS60
WSETLV0007190	1427	27855	26055	4468	18.2585844428872	DS60
WSETLV0007191	1358	18715	19637	6239	14.460235640648	DS60
WSETLV0007192	1053	19785	16813	4566	15.9667616334283	DS60
WSETLV0007193	446	7655	6456	1768	14.47533632287	DS60
WSETLV0007195	332	5433	4677	1247	14.0873493975904	DS60
WSETLV0007196	758	11471	12360	3988	16.3060686015831	DS60
WSETLV0007198	294	4846	3016	761	10.2585034013605	DS60
WSETLV0007199	1274	20767	20876	6679	16.3861852433281	DS60
WSETLV0007200	383	6326	4904	987	12.8041775456919	DS60
WSETLV0007201	1131	16874	17461	6010	15.4385499557913	DS60
WSETLV0007203	399	4596	3916	1485	9.81453634085213	DS60
WSETLV0007204	844	10209	11065	4166	13.1101895734597	DS60
WSETLV0007205	607	8102	7999	2927	13.1779242174629	DS60
WSETLV0007206	1505	22573	23624	7737	15.6970099667774	DS60
WSETLV0007207	1684	27408	27081	7966	16.0813539192399	DS60
WSETLV0007208	366	5967	5291	1648	14.4562841530055	DS60
WSETLV0007209	815	11620	11766	3652	14.4368098159509	DS60
WSETLV0007211	2183	31206	33503	10893	15.3472285845167	DS60
WSETLV0007212	2892	46502	50051	15315	17.3067081604426	DS60
WSETLV0007213	4251	61943	68294	22701	16.065396377323	DS60
WSETLV0007214	963	13785	12722	4361	13.2107995846314	DS60
WSETLV0007216	7452	126219	137923	47165	18.5081857219538	DS60
WSETLV0007217	1737	21562	23727	8978	13.6597582037997	DS60
WSETLV0007218	552	9451	8387	2415	15.1938405797101	DS60
WSETLV0007219	635	8936	9257	3066	14.5779527559055	DS60
WSETLV0007220	1028	11653	13083	4550	12.7266536964981	DS60
WSETLV0007222	1204	19036	18330	5593	15.2242524916944	DS60
WSETLV0007223	2097	34463	35116	10385	16.7458273724368	DS60
WSETLV0007225	300	3799	2376	732	7.92	DS60
WSETLV0007226	886	18446	17867	1961	20.165914221219	DS60
WSETLV0007227	2413	33555	38256	13675	15.8541234977207	DS60
WSETLV0007229	812	10231	10428	3795	12.8423645320197	DS60
WSETLV0007230	1644	23274	24466	8225	14.88199513382	DS60
WSETLV0007231	671	11520	10677	2504	15.9120715350224	DS60
WSETLV0007232	1407	19687	20638	6992	14.6680881307747	DS60
WSETLV0007233	2494	31524	36535	12748	14.64915797915	DS60
WSETLV0007235	718	8753	9079	3449	12.6448467966574	DS60
WSETLV0007236	1223	23397	22602	4636	18.4807849550286	DS60
WSETLV0007237	326	5170	3846	881	11.7975460122699	DS60
WSETLV0007238	484	6879	6569	2450	13.5723140495868	DS60
WSETLV0007239	871	12113	11005	3202	12.6349024110218	DS60
WSETLV0007241	647	9444	8700	2951	13.4466769706337	DS60
WSETLV0007242	1283	18945	20312	6620	15.8316445830086	DS60
WSETLV0007243	1781	27121	28440	8722	15.9685569904548	DS60
WSETLV0007244	1477	23169	23533	7928	15.9329722410291	DS60
WSETLV0007245	1691	28680	27007	8497	15.9710230632762	DS60
WSETLV0007246	2105	34568	35236	9978	16.7391923990499	DS60
WSETLV0007247	1099	17122	16288	5554	14.820746132848	DS60
WSETLV0007248	641	8005	8542	2791	13.3260530421217	DS60
WSETLV0007249	1865	28185	29101	9629	15.6037533512064	DS60
WSETLV0007250	1259	16813	18302	6612	14.5369340746624	DS60
WSETLV0007251	336	4741	3576	780	10.6428571428571	DS60
WSETLV0007252	1158	21255	19936	4883	17.2158894645941	DS60
WSETLV0007253	824	11720	11871	4244	14.4065533980583	DS60
WSETLV0007255	966	13796	14340	3934	14.8447204968944	DS60
WSETLV0007256	330	5009	4228	1221	12.8121212121212	DS60
WSETLV0007257	1595	24514	26705	8785	16.742946708464	DS60
WSETLV0007258	1152	14158	15075	5409	13.0859375	DS60
WSETLV0007259	6157	102912	110374	33996	17.9265876238428	DS60
WSETLV0007260	387	5006	3886	1066	10.0413436692506	DS60
WSETLV0007261	835	13378	12672	3515	15.1760479041916	DS60
WSETLV0007262	1762	24304	26021	9459	14.7678774120318	DS60
WSETLV0007265	1885	27003	27874	10116	14.7872679045093	DS60
WSETLV0007266	1397	18618	19876	5974	14.2276306370795	DS60
WSETLV0007267	683	8742	8729	3010	12.7803806734993	DS60
WSETLV0007268	1080	13373	13984	5211	12.9481481481481	DS60
WSETLV0007270	374	6310	4823	1078	12.8957219251337	DS60
WSETLV0007271	519	7823	6655	1968	12.8227360308285	DS60
WSETLV0007272	1475	22183	21864	6526	14.8230508474576	DS60
WSETLV0007273	1387	21041	22145	7683	15.9661139149243	DS60
WSETLV0007274	951	19231	16268	3184	17.1062039957939	DS60
WSETLV0007275	488	7830	6885	2030	14.1086065573771	DS60
WSETLV0007276	730	17079	13752	2791	18.8383561643836	DS60
WSETLV0007278	836	16474	14492	3076	17.3349282296651	DS60
WSETLV0007280	468	7371	6302	2075	13.465811965812	DS60
WSETLV0007281	935	17471	14917	4181	15.9540106951872	DS60
WSETLV0007282	1354	21602	22123	6992	16.3389955686854	DS60
WSETLV0007283	2279	32878	34783	11878	15.2623957876262	DS60
WSETLV0007284	2478	40001	39679	12844	16.0125100887813	DS60
WSETLV0007286	677	11992	10488	3395	15.4918759231905	DS60
WSETLV0007287	2217	40592	38410	10972	17.3252142534957	DS60
WSETLV0007288	4663	72881	73421	23549	15.745442847952	DS60
WSETLV0007290	736	10586	9730	3045	13.2201086956522	DS60
WSETLV0007291	878	11767	12347	4517	14.0626423690205	DS60
WSETLV0007293	890	11312	11802	4567	13.2606741573034	DS60
WSETLV0007294	2550	35859	41752	15412	16.3733333333333	DS60
WSETLV0007295	594	8126	7414	2479	12.4814814814815	DS60
WSETLV0007298	393	4876	4645	1661	11.8193384223919	DS60
WSETLV0007299	769	10435	8961	2648	11.6527958387516	DS60
WSETLV0007300	1155	13664	14012	4818	12.1316017316017	DS60
WSETLV0007301	1323	17836	19087	7236	14.427059712774	DS60
WSETLV0007302	949	12341	13615	5177	14.3466807165437	DS60
WSETLV0007303	1022	13107	15444	6372	15.1115459882583	DS60
WSETLV0007305	4403	61808	72686	26294	16.5082898024075	DS60
WSETLV0007306	618	8189	7078	2055	11.453074433657	DS60
WSETLV0007307	454	6420	5768	1719	12.704845814978	DS60
WSETLV0007308	633	11654	9650	2154	15.2448657187994	DS60
WSETLV0007309	1601	22250	25186	9093	15.7314178638351	DS60
WSETLV0007310	1144	16831	16273	5441	14.2246503496504	DS60
WSETLV0007311	947	16095	15691	5397	16.5691657866948	DS60
WSETLV0007312	2307	36111	39163	12432	16.9757260511487	DS60
WSETLV0007313	673	10653	9277	2635	13.7845468053492	DS60
WSETLV0007315	1375	18849	19001	5372	13.8189090909091	DS60
WSETLV0007316	836	10824	10443	3677	12.4916267942584	DS60
WSETLV0007317	1157	15973	17994	6537	15.552290406223	DS60
WSETLV0007318	2174	29895	31472	11314	14.4765409383625	DS60
WSETLV0007319	2316	25964	30584	11957	13.2055267702936	DS60
WSETLV0007321	4910	76913	86297	27785	17.5757637474542	DS60
WSETLV0007322	1573	23340	24326	7552	15.4647171010807	DS60
WSETLV0007324	313	3822	2799	868	8.94249201277955	DS60
WSETLV0007325	3028	49471	52414	16939	17.3097754293263	DS60
WSETLV0007326	3369	60720	61609	15640	18.2870287919264	DS60
WSETLV0007327	675	8189	6976	2347	10.3348148148148	DS60
WSETLV0007328	2292	28631	34529	14262	15.0650087260035	DS60
WSETLV0007329	1812	28156	29169	8577	16.0976821192053	DS60
WSETLV0007331	1427	18097	20242	7270	14.1850035038542	DS60
WSETLV0007332	1382	19823	20746	6386	15.0115774240232	DS60
WSETLV0007333	1907	28326	32391	11884	16.9853172522286	DS60
WSETLV0007334	1121	17060	16803	5241	14.9892952720785	DS60
WSETLV0007335	2133	38429	36587	10083	17.1528363806845	DS60
WSETLV0007336	1331	15970	15158	4650	11.3884297520661	DS60
WSETLV0007338	2375	34542	35464	12570	14.9322105263158	DS60
WSETLV0007339	693	9106	8809	3435	12.7113997113997	DS60
WSETLV0007340	1405	18135	19308	7433	13.7423487544484	DS60
WSETLV0007341	1014	15300	13714	3886	13.5246548323471	DS60
WSETLV0007342	868	11502	10591	2806	12.2016129032258	DS60
WSETLV0007343	548	9463	7565	1602	13.8047445255474	DS60
WSETLV0007344	422	5667	5019	1810	11.89336492891	DS60
WSETLV0007345	1351	17736	18637	6230	13.7949666913398	DS60
WSETLV0007346	2652	32941	40951	16585	15.4415535444947	DS60
WSETLV0007347	1848	24681	27873	10949	15.0827922077922	DS60
WSETLV0007348	1809	27645	28014	8912	15.485903814262	DS60
WSETLV0007349	3264	40788	46974	18181	14.3915441176471	DS60
WSETLV0007350	1150	14986	15573	5474	13.5417391304348	DS60
WSETLV0007351	1167	17122	16112	5401	13.8063410454156	DS60
WSETLV0007352	2619	34351	44950	18894	17.1630393279878	DS60
WSETLV0007353	1409	21784	21123	7256	14.9914833215046	DS60
WSETLV0007354	298	3754	2414	731	8.1006711409396	DS60
WSETLV0007355	928	9295	9403	3305	10.1325431034483	DS60
WSETLV0007356	1081	17390	17814	5825	16.4791859389454	DS60
WSETLV0007357	993	14747	15029	5195	15.134944612286	DS60
WSETLV0007358	861	13418	12915	3511	15	DS60
WSETLV0007359	1009	13551	14233	5382	14.1060455896928	DS60
WSETLV0007360	496	6659	5865	1897	11.8245967741935	DS60
WSETLV0007361	3599	50792	57403	18187	15.9497082522923	DS60
WSETLV0007362	1323	18018	17885	5440	13.5185185185185	DS60
WSETLV0007364	343	4146	3117	846	9.08746355685131	DS60
WSETLV0007366	3708	49473	55927	18468	15.0827939590076	DS60
WSETLV0007367	6630	99298	111101	37770	16.7573152337858	DS60
WSETLV0007370	2949	54099	55360	11703	18.7724652424551	DS60
WSETLV0007371	651	8923	8447	2871	12.9754224270353	DS60
WSETLV0007372	2056	27775	30920	10045	15.0389105058366	DS60
WSETLV0007373	3107	43101	47217	16051	15.1969745735436	DS60
WSETLV0007374	1345	19727	21579	7699	16.0438661710037	DS60
WSETLV0007375	2022	30741	31373	10208	15.5158259149357	DS60
WSETLV0007376	1639	26375	25965	8543	15.8419768151312	DS60
WSETLV0007377	1530	21163	21967	8427	14.3575163398693	DS60
WSETLV0007378	1848	27061	28233	9926	15.2775974025974	DS60
WSETLV0007379	3317	63362	61273	17763	18.4724148326801	DS60
WSETLV0007380	1650	32246	30304	8211	18.3660606060606	DS60
WSETLV0007381	1515	24488	25218	7895	16.6455445544554	DS60
WSETLV0007382	1158	21493	18321	4548	15.8212435233161	DS60
WSETLV0007383	2382	32696	37982	14661	15.9454240134341	DS60
WSETLV0007384	738	9342	8523	2489	11.5487804878049	DS60
WSETLV0008002	642	20402	20019	7307	31.1822429906542	DS60
WSETLV0008005	1454	46042	47316	16586	32.5419532324622	DS60
WSETLV0008006	1345	41313	45596	18544	33.9003717472119	DS60
WSETLV0008007	398	12672	11538	4308	28.9899497487437	DS60
WSETLV0008009	1913	63451	74488	27350	38.9377940407737	DS60
WSETLV0008012	1489	40379	45333	18825	30.4452652787105	DS60
WSETLV0008013	991	30407	30579	10189	30.8567103935419	DS60
WSETLV0008014	880	31379	31276	9803	35.5409090909091	DS60
WSETLV0008015	986	23245	26231	10770	26.6034482758621	DS60
WSETLV0008016	965	28493	29734	11217	30.8124352331606	DS60
WSETLV0008017	472	13803	13367	4888	28.3199152542373	DS60
WSETLV0008019	492	13328	13361	5253	27.1565040650407	DS60
WSETLV0008020	978	27550	28790	10523	29.4376278118609	DS60
WSETLV0008022	593	15002	15227	5668	25.6779089376054	DS60
WSETLV0008023	427	12475	9323	3728	21.8337236533958	DS60
WSETLV0008024	352	8711	7059	2943	20.0539772727273	DS60
WSETLV0008025	1399	46043	51671	19643	36.9342387419585	DS60
WSETLV0008026	868	32891	29476	6226	33.9585253456221	DS60
WSETLV0008027	686	20927	19701	7567	28.7186588921283	DS60
WSETLV0008028	1363	41689	44687	14835	32.7857666911225	DS60
WSETLV0008029	387	10924	7224	2433	18.6666666666667	DS60
WSETLV0008030	354	13461	8197	2898	23.1553672316384	DS60
WSETLV0008032	283	8437	5387	1950	19.0353356890459	DS60
WSETLV0008033	1203	44277	41662	10903	34.6317539484622	DS60
WSETLV0008034	932	26499	29609	12596	31.769313304721	DS60
WSETLV0008036	482	17673	13935	4631	28.9107883817427	DS60
WSETLV0008037	595	20174	16215	5040	27.2521008403361	DS60
WSETLV0008038	380	11060	5639	2115	14.8394736842105	DS60
WSETLV0008039	636	19045	17483	7527	27.4889937106918	DS60
WSETLV0008040	267	6725	4641	1951	17.3820224719101	DS60
WSETLV0008041	844	24559	25580	9420	30.3080568720379	DS60
WSETLV0008042	1315	48915	48119	14568	36.5923954372624	DS60
WSETLV0008043	723	25527	23834	7419	32.9654218533887	DS60
WSETLV0008044	1570	41833	52816	23125	33.6407643312102	DS60
WSETLV0008045	1281	45797	44865	11715	35.0234192037471	DS60
WSETLV0008046	616	18314	16731	6315	27.1607142857143	DS60
WSETLV0008047	875	25630	28634	10382	32.7245714285714	DS60
WSETLV0008048	998	25060	32067	13294	32.1312625250501	DS60
WSETLV0008049	999	28682	28279	11361	28.3073073073073	DS60
WSETLV0008050	596	18859	17058	6794	28.6208053691275	DS60
WSETLV0008052	386	11678	8270	2543	21.4248704663212	DS60
WSETLV0008053	445	14846	12524	4940	28.1438202247191	DS60
WSETLV0008054	447	14012	11432	3803	25.5749440715884	DS60
WSETLV0008057	707	21423	20294	6472	28.7043847241867	DS60
WSETLV0008058	1131	28624	34845	14326	30.8090185676393	DS60
WSETLV0008059	1741	49509	62774	26156	36.0562894887995	DS60
WSETLV0008060	626	17709	17879	6872	28.5607028753994	DS60
WSETLV0008063	278	7908	3290	1102	11.8345323741007	DS60
WSETLV0008064	460	13501	9020	3908	19.6086956521739	DS60
WSETLV0008065	447	11417	10747	4297	24.0425055928412	DS60
WSETLV0008066	789	23004	21644	8896	27.4321926489227	DS60
WSETLV0008067	1486	39501	47440	18720	31.9246298788695	DS60
WSETLV0008068	704	19726	18372	7731	26.0965909090909	DS60
WSETLV0008069	1823	55306	70703	26014	38.7838727372463	DS60
WSETLV0008070	290	7504	3013	1247	10.3896551724138	DS60
WSETLV0008072	741	22159	21634	8039	29.195681511471	DS60
WSETLV0008073	687	22682	22341	9408	32.5196506550218	DS60
WSETLV0008075	275	9306	6168	1604	22.4290909090909	DS60
WSETLV0008076	345	8880	7979	3406	23.1275362318841	DS60
WSETLV0008078	477	15035	11752	4104	24.6373165618449	DS60
WSETLV0008079	341	10570	7037	2595	20.6363636363636	DS60
WSETLV0008080	319	9519	6437	2044	20.1786833855799	DS60
WSETLV0008081	2538	88320	95474	31372	37.6178092986604	DS60
WSETLV0008083	792	18722	20179	8553	25.4785353535354	DS60
WSETLV0008085	1093	30912	32274	12965	29.5279048490393	DS60
WSETLV0008088	587	16436	13175	4780	22.4446337308348	DS60
WSETLV0008089	1139	40102	35452	9600	31.1255487269535	DS60
WSETLV0008090	613	16028	15861	6110	25.8743882544861	DS60
WSETLV0008091	667	21861	19559	6156	29.3238380809595	DS60
WSETLV0008092	386	10824	7498	2500	19.4248704663212	DS60
WSETLV0008093	599	17064	15426	5417	25.7529215358932	DS60
WSETLV0008095	1061	39433	36051	10594	33.9783223374175	DS60
WSETLV0008096	328	9321	5079	1737	15.484756097561	DS60
WSETLV0008097	559	14657	15470	5520	27.6744186046512	DS60
WSETLV0008099	531	14390	14922	4759	28.1016949152542	DS60
WSETLV0008100	370	10875	10037	4128	27.127027027027	DS60
WSETLV0008101	584	11751	12415	4391	21.2585616438356	DS60
WSETLV0008104	749	26332	25831	6656	34.4873164218959	DS60
WSETLV0008105	290	7882	4929	1728	16.9965517241379	DS60
WSETLV0008107	661	18328	19557	7996	29.5869894099849	DS60
WSETLV0008108	1276	34394	41160	17097	32.2570532915361	DS60
WSETLV0008111	530	15586	15454	5910	29.1584905660377	DS60
WSETLV0008113	269	8031	4153	1310	15.4386617100372	DS60
WSETLV0008114	691	18406	16796	6573	24.3068017366136	DS60
WSETLV0008115	568	14524	14050	5893	24.7359154929578	DS60
WSETLV0008116	518	16588	11261	4005	21.7393822393822	DS60
WSETLV0008118	494	12221	11907	4658	24.1032388663968	DS60
WSETLV0008120	1589	47236	54145	21094	34.0748898678414	DS60
WSETLV0008121	390	11584	9391	3100	24.0794871794872	DS60
WSETLV0008123	672	18369	18923	7382	28.1592261904762	DS60
WSETLV0008124	610	18664	16148	5414	26.472131147541	DS60
WSETLV0008125	346	10693	6855	2642	19.8121387283237	DS60
WSETLV0008126	1561	45285	55201	23271	35.3625880845612	DS60
WSETLV0008127	496	15510	11522	3674	23.2298387096774	DS60
WSETLV0008128	3063	100786	122335	46059	39.939601697682	DS60
WSETLV0008129	476	13113	12555	5275	26.3760504201681	DS60
WSETLV0008130	982	37496	31079	9245	31.6486761710794	DS60
WSETLV0008132	821	24830	23587	8347	28.7295980511571	DS60
WSETLV0008133	280	10311	5537	1764	19.775	DS60
WSETLV0008135	815	19053	20256	8577	24.8539877300614	DS60
WSETLV0008136	888	22785	28475	11821	32.0664414414414	DS60
WSETLV0008137	522	16590	15516	5995	29.7241379310345	DS60
WSETLV0008138	1403	47049	48269	15397	34.4041339985745	DS60
WSETLV0008139	394	13597	10552	2957	26.7817258883249	DS60
WSETLV0008140	1546	52232	58620	21911	37.9172056921087	DS60
WSETLV0008141	1103	31589	33685	13473	30.5394378966455	DS60
WSETLV0008142	366	9874	7074	2744	19.327868852459	DS60
WSETLV0008143	2597	100419	107568	31202	41.4201001155179	DS60
WSETLV0008144	311	8734	5749	2004	18.4855305466238	DS60
WSETLV0008145	607	16493	15720	6231	25.8978583196046	DS60
WSETLV0008146	540	12435	13209	5592	24.4611111111111	DS60
WSETLV0008147	463	16840	14535	4087	31.3930885529158	DS60
WSETLV0008148	1404	33732	35576	14474	25.3390313390313	DS60
WSETLV0008149	636	19500	16706	6308	26.2672955974843	DS60
WSETLV0008151	416	12310	9708	3094	23.3365384615385	DS60
WSETLV0008152	867	23078	23593	9236	27.2122260668974	DS60
WSETLV0008153	730	18217	19759	8688	27.0671232876712	DS60
WSETLV0008154	532	13311	11367	4701	21.3665413533835	DS60
WSETLV0008155	399	10733	8523	2447	21.3609022556391	DS60
WSETLV0008156	392	11018	8749	3418	22.3188775510204	DS60
WSETLV0008158	298	6513	5149	2210	17.2785234899329	DS60
WSETLV0008159	793	22777	19571	6897	24.6796973518285	DS60
WSETLV0008160	1185	35423	40091	13682	33.8320675105485	DS60
WSETLV0008163	959	26228	26677	11169	27.8175182481752	DS60
WSETLV0008164	722	19571	18707	6140	25.909972299169	DS60
WSETLV0008165	2022	79726	71600	22065	35.4104846686449	DS60
WSETLV0008166	621	18036	15274	5261	24.5958132045089	DS60
WSETLV0008167	641	18736	14719	5754	22.9625585023401	DS60
WSETLV0008170	367	11160	8456	2911	23.0408719346049	DS60
WSETLV0008171	510	12823	12336	4915	24.1882352941177	DS60
WSETLV0008173	1497	42342	44479	16743	29.7120908483634	DS60
WSETLV0008174	725	23160	22357	8655	30.8372413793103	DS60
WSETLV0008175	1408	41643	44279	16879	31.4481534090909	DS60
WSETLV0008176	639	17441	16332	6722	25.5586854460094	DS60
WSETLV0008178	342	9185	5952	2366	17.4035087719298	DS60
WSETLV0008179	755	19620	18668	7100	24.7258278145695	DS60
WSETLV0008180	1855	61868	62048	23184	33.4490566037736	DS60
WSETLV0008181	958	23034	24014	10826	25.0668058455115	DS60
WSETLV0008182	642	15111	11617	5054	18.095015576324	DS60
WSETLV0008183	1108	36042	36141	14218	32.6182310469314	DS60
WSETLV0008184	594	18336	15275	5578	25.7154882154882	DS60
WSETLV0008185	415	12907	11452	3321	27.5951807228916	DS60
WSETLV0008186	659	18254	20071	8149	30.4567526555387	DS60
WSETLV0008187	669	19673	17655	6738	26.390134529148	DS60
WSETLV0008188	818	24473	25322	10195	30.9559902200489	DS60
WSETLV0008189	611	17281	13340	5081	21.8330605564648	DS60
WSETLV0008190	870	32671	26544	6431	30.5103448275862	DS60
WSETLV0008191	359	11030	5633	1922	15.6908077994429	DS60
WSETLV0008193	639	18348	20151	7358	31.5352112676056	DS60
WSETLV0008194	848	23714	29178	12174	34.4080188679245	DS60
WSETLV0008195	1197	36119	42112	15791	35.1812865497076	DS60
WSETLV0008196	468	16049	14042	5514	30.0042735042735	DS60
WSETLV0008197	382	12156	10361	4344	27.1230366492147	DS60
WSETLV0008198	597	15816	14612	5816	24.4757118927973	DS60
WSETLV0008199	454	13795	11693	4158	25.7555066079295	DS60
WSETLV0008200	370	10894	6657	2543	17.9918918918919	DS60
WSETLV0008201	680	21070	20363	7106	29.9455882352941	DS60
WSETLV0008202	633	18464	19246	7450	30.4044233807267	DS60
WSETLV0008203	409	11773	8663	3406	21.1809290953545	DS60
WSETLV0008205	1235	31458	36254	13735	29.3554655870445	DS60
WSETLV0008206	336	7441	6029	2334	17.9434523809524	DS60
WSETLV0008207	295	9461	6757	1673	22.9050847457627	DS60
WSETLV0008208	576	15403	14796	5926	25.6875	DS60
WSETLV0008209	1214	44909	46047	13057	37.9299835255354	DS60
WSETLV0008210	271	10552	7640	2448	28.1918819188192	DS60
WSETLV0008211	366	11364	7861	2682	21.4781420765027	DS60
WSETLV0008212	782	20882	21500	8958	27.4936061381074	DS60
WSETLV0008213	909	26161	27042	9546	29.7491749174918	DS60
WSETLV0008215	538	16412	15633	5871	29.0576208178439	DS60
WSETLV0008216	355	8135	3781	1056	10.6507042253521	DS60
WSETLV0008218	464	13940	10646	4392	22.9439655172414	DS60
WSETLV0008220	864	20117	21985	8960	25.4456018518519	DS60
WSETLV0008223	636	16829	14327	6157	22.5267295597484	DS60
WSETLV0008225	1114	32358	35767	13557	32.1068222621185	DS60
WSETLV0008226	551	13584	13634	5533	24.7441016333938	DS60
WSETLV0008227	528	12672	12211	5225	23.1268939393939	DS60
WSETLV0008230	470	13225	10855	4018	23.0957446808511	DS60
WSETLV0008231	1273	40324	43175	16021	33.9159465828751	DS60
WSETLV0008232	332	8997	6154	2681	18.5361445783133	DS60
WSETLV0008233	1555	57977	55227	12588	35.5157556270096	DS60
WSETLV0008234	383	12497	10298	3075	26.88772845953	DS60
WSETLV0008235	579	18230	17490	6106	30.2072538860104	DS60
WSETLV0008239	406	11713	10135	4322	24.9630541871921	DS60
WSETLV0008241	1050	30010	30596	12236	29.1390476190476	DS60
WSETLV0008242	535	18971	16792	4298	31.3869158878505	DS60
WSETLV0008243	970	29361	29402	7985	30.3113402061856	DS60
WSETLV0008244	327	8611	6600	2664	20.1834862385321	DS60
WSETLV0008245	545	15220	14431	4669	26.4788990825688	DS60
WSETLV0008246	1545	41114	54114	21486	35.0252427184466	DS60
WSETLV0008248	391	9571	7845	3216	20.0639386189258	DS60
WSETLV0008249	439	14168	10758	3355	24.50569476082	DS60
WSETLV0008250	391	9581	7389	3275	18.8976982097187	DS60
WSETLV0008253	602	15451	13938	5565	23.1528239202658	DS60
WSETLV0008255	693	18570	17800	7489	25.6854256854257	DS60
WSETLV0008256	576	17856	14713	4585	25.5434027777778	DS60
WSETLV0008257	808	24957	26908	11151	33.3019801980198	DS60
WSETLV0008258	453	12754	11492	4159	25.3686534216336	DS60
WSETLV0008259	355	7975	4813	1795	13.5577464788732	DS60
WSETLV0008260	335	8824	5985	2109	17.865671641791	DS60
WSETLV0008261	261	7641	4571	1569	17.5134099616858	DS60
WSETLV0008264	506	15900	11028	3963	21.7944664031621	DS60
WSETLV0008265	1778	52686	58089	20959	32.6709786276715	DS60
WSETLV0008266	2482	74582	86818	30314	34.9790491539081	DS60
WSETLV0008267	466	11965	9786	3851	21	DS60
WSETLV0008269	5108	144049	175348	71416	34.3281127642913	DS60
WSETLV0008271	291	9247	3156	1119	10.8453608247423	DS60
WSETLV0008272	1126	31339	31256	11345	27.7584369449378	DS60
WSETLV0008273	971	30064	35192	13807	36.2430484037075	DS60
WSETLV0008274	459	14961	13819	4532	30.1067538126362	DS60
WSETLV0008276	481	16330	14364	4673	29.8627858627859	DS60
WSETLV0008277	716	21106	19063	7701	26.6243016759777	DS60
WSETLV0008279	2904	95004	97557	35159	33.5940082644628	DS60
WSETLV0008280	636	18001	18261	6927	28.7122641509434	DS60
WSETLV0008281	712	25469	21599	7728	30.3356741573034	DS60
WSETLV0008283	780	19628	21636	9631	27.7384615384615	DS60
WSETLV0008284	588	13902	14106	5998	23.9897959183673	DS60
WSETLV0008286	847	20276	22959	9636	27.1062573789847	DS60
WSETLV0008288	471	10588	9884	3918	20.9851380042463	DS60
WSETLV0008290	685	18513	17410	6469	25.4160583941606	DS60
WSETLV0008291	1456	45280	50079	18925	34.3949175824176	DS60
WSETLV0008292	524	15090	12425	5107	23.7118320610687	DS60
WSETLV0008293	411	11291	6432	2425	15.6496350364964	DS60
WSETLV0008294	644	16069	15359	6441	23.8493788819876	DS60
WSETLV0008296	2340	70460	81602	33779	34.8726495726496	DS60
WSETLV0008297	563	14979	13570	5305	24.1030195381883	DS60
WSETLV0008298	317	9652	5999	2268	18.9242902208202	DS60
WSETLV0008299	349	11830	6691	2287	19.1719197707736	DS60
WSETLV0008303	796	20364	20494	8803	25.7462311557789	DS60
WSETLV0008304	457	12627	9048	3276	19.7986870897155	DS60
WSETLV0008305	975	24019	23976	9168	24.5907692307692	DS60
WSETLV0008306	750	20547	19553	7497	26.0706666666667	DS60
WSETLV0008307	490	13386	12483	5013	25.4755102040816	DS60
WSETLV0008308	830	21931	20948	8717	25.2385542168675	DS60
WSETLV0008309	301	6907	5315	2012	17.6578073089701	DS60
WSETLV0008311	576	23382	17433	4562	30.265625	DS60
WSETLV0008313	731	19253	18437	7503	25.2216142270862	DS60
WSETLV0008314	630	14004	9002	2718	14.2888888888889	DS60
WSETLV0008315	588	15735	14345	6273	24.3962585034014	DS60
WSETLV0008316	1140	29985	31099	12933	27.2798245614035	DS60
WSETLV0008317	1016	26850	24681	9901	24.2923228346457	DS60
WSETLV0008318	481	12357	9862	4207	20.5031185031185	DS60
WSETLV0008319	1186	29422	30160	12082	25.4300168634064	DS60
WSETLV0008320	618	22051	18285	4335	29.5873786407767	DS60
WSETLV0008321	671	15099	14291	5608	21.2980625931446	DS60
WSETLV0008324	621	16533	13571	5053	21.85346215781	DS60
WSETLV0008325	2336	71943	76285	28551	32.65625	DS60
WSETLV0008328	1458	40758	47577	19194	32.6316872427984	DS60
WSETLV0008330	315	9444	5832	2126	18.5142857142857	DS60
WSETLV0008331	931	25156	25473	9866	27.3609022556391	DS60
WSETLV0008332	758	18745	20152	8828	26.5857519788918	DS60
WSETLV0008333	867	25736	26053	10356	30.0495963091119	DS60
WSETLV0008334	512	14446	12270	4808	23.96484375	DS60
WSETLV0008336	2597	53056	64699	27271	24.9129765113593	DS60
WSETLV0008337	364	10482	6517	2437	17.9038461538462	DS60
WSETLV0008338	941	22047	25310	11251	26.8969181721573	DS60
WSETLV0008340	3052	88481	106269	42322	34.8194626474443	DS60
WSETLV0008341	2775	87643	99662	40894	35.9142342342342	DS60
WSETLV0008343	491	12895	10686	4429	21.7637474541752	DS60
WSETLV0008344	412	12665	8696	2949	21.1067961165049	DS60
WSETLV0008345	455	12767	9747	2860	21.421978021978	DS60
WSETLV0008346	445	11327	8137	3494	18.285393258427	DS60
WSETLV0008348	646	17561	14208	5633	21.9938080495356	DS60
WSETLV0008350	1271	34724	40067	17079	31.5239968528718	DS60
WSETLV0008351	839	22636	21592	9135	25.7353992848629	DS60
WSETLV0008352	627	19654	13659	4320	21.7846889952153	DS60
WSETLV0008353	391	10490	6525	2284	16.6879795396419	DS60
WSETLV0008354	473	13321	10790	3669	22.8118393234672	DS60
WSETLV0008355	1092	24043	23147	8979	21.1968864468864	DS60
WSETLV0008356	1403	37563	45771	19186	32.623663578047	DS60
WSETLV0008357	3322	90887	111434	46394	33.5442504515352	DS60
WSETLV0008358	697	19152	18699	7390	26.8278335724534	DS60
WSETLV0008360	450	11676	9226	3757	20.5022222222222	DS60
WSETLV0008361	485	14234	10456	3346	21.5587628865979	DS60
WSETLV0008362	897	22752	22384	9008	24.9542920847269	DS60
WSETLV0008363	2400	166943	126477	30677	52.69875	DS60
WSETLV0008364	303	9175	4029	1370	13.2970297029703	DS60
WSETLV0008365	1107	31381	32158	12835	29.0496838301716	DS60
WSETLV0008367	414	9806	5166	2078	12.4782608695652	DS60
WSETLV0008368	1311	40918	41972	17358	32.0152555301297	DS60
WSETLV0008370	279	7312	4007	1466	14.3620071684588	DS60
WSETLV0008371	1574	40500	47391	19221	30.1086404066074	DS60
WSETLV0008372	909	23811	23718	9035	26.0924092409241	DS60
WSETLV0008374	459	12856	7776	2520	16.9411764705882	DS60
WSETLV0008375	793	30911	25668	7406	32.3682219419924	DS60
WSETLV0008376	1465	47150	45489	15161	31.0505119453925	DS60
WSETLV0008377	1055	31875	35803	13658	33.9364928909953	DS60
WSETLV0008378	963	30748	26666	9535	27.6905503634476	DS60
WSETLV0008380	309	9480	4182	1249	13.5339805825243	DS60
WSETLV0008381	337	10521	5332	2076	15.8219584569733	DS60
WSETLV0008383	1032	31727	31992	12316	31	DS60
WSETLV0008384	860	24758	22389	8813	26.0337209302326	DS60
WSETLV0009001	380	10445	9633	3045	25.35	DS60
WSETLV0009002	1512	60144	52507	11828	34.7268518518519	DS60
WSETLV0009003	866	21343	22267	6966	25.7124711316397	DS60
WSETLV0009004	513	12282	12016	3796	23.4230019493177	DS60
WSETLV0009006	3709	124325	133079	38045	35.8800215691561	DS60
WSETLV0009008	1172	27898	30299	11771	25.8523890784983	DS60
WSETLV0009009	852	33858	31752	6450	37.2676056338028	DS60
WSETLV0009011	1329	30282	33151	11020	24.9443190368698	DS60
WSETLV0009012	448	9395	9638	3637	21.5133928571429	DS60
WSETLV0009013	3461	77444	98827	40583	28.5544640277377	DS60
WSETLV0009014	1564	50780	48446	13804	30.9757033248082	DS60
WSETLV0009015	730	15493	16065	6191	22.0068493150685	DS60
WSETLV0009016	1452	38127	44131	16370	30.3932506887052	DS60
WSETLV0009017	1780	51656	55260	17934	31.0449438202247	DS60
WSETLV0009018	725	24483	21883	6243	30.1834482758621	DS60
WSETLV0009019	443	11112	10852	3542	24.4966139954853	DS60
WSETLV0009020	1749	49648	48844	15201	27.9268153230417	DS60
WSETLV0009021	278	8578	6592	1424	23.7122302158273	DS60
WSETLV0009022	987	21292	24308	9797	24.6281661600811	DS60
WSETLV0009023	1173	25069	25595	10197	21.8201193520887	DS60
WSETLV0009024	654	12702	14317	6103	21.8914373088685	DS60
WSETLV0009025	625	17780	17639	6058	28.2224	DS60
WSETLV0009027	1856	41783	48612	18904	26.1918103448276	DS60
WSETLV0009028	2086	45172	55191	20953	26.4578139980825	DS60
WSETLV0009029	623	18318	16914	4794	27.1492776886035	DS60
WSETLV0009030	403	11745	9846	2797	24.4317617866005	DS60
WSETLV0009031	415	8895	7010	2704	16.8915662650602	DS60
WSETLV0009033	1005	21826	25287	9803	25.1611940298508	DS60
WSETLV0009035	456	10644	9075	2719	19.9013157894737	DS60
WSETLV0009036	1022	25383	25864	8479	25.307240704501	DS60
WSETLV0009037	552	14811	11472	4365	20.7826086956522	DS60
WSETLV0009038	289	7253	3747	1218	12.9653979238754	DS60
WSETLV0009039	734	14441	15621	6502	21.2820163487738	DS60
WSETLV0009040	464	9451	8854	3267	19.0818965517241	DS60
WSETLV0009041	421	13687	9835	2074	23.3610451306413	DS60
WSETLV0009042	524	14716	11952	2661	22.8091603053435	DS60
WSETLV0009043	646	15370	16687	6406	25.8312693498452	DS60
WSETLV0009044	683	14236	14832	5522	21.7159590043924	DS60
WSETLV0009046	366	7401	6715	2417	18.3469945355191	DS60
WSETLV0009047	291	6173	3805	1248	13.0756013745704	DS60
WSETLV0009049	1289	34750	36798	11689	28.5477114041893	DS60
WSETLV0009050	596	12948	13085	5092	21.9546979865772	DS60
WSETLV0009051	562	17429	14154	3826	25.1850533807829	DS60
WSETLV0009053	781	14930	17264	7215	22.1049935979513	DS60
WSETLV0009054	542	13017	11260	4050	20.7749077490775	DS60
WSETLV0009056	550	10768	9893	3866	17.9872727272727	DS60
WSETLV0009057	1649	39164	47782	18083	28.9763493026076	DS60
WSETLV0009058	2359	79179	85572	23529	36.2746926663841	DS60
WSETLV0009059	885	25387	24017	7369	27.1378531073446	DS60
WSETLV0009060	565	13907	13433	5592	23.7752212389381	DS60
WSETLV0009061	613	13960	11351	4928	18.5171288743883	DS60
WSETLV0009062	680	15980	14692	5340	21.6058823529412	DS60
WSETLV0009063	1297	35200	36969	13607	28.5034695451041	DS60
WSETLV0009065	764	15313	16340	5609	21.3874345549738	DS60
WSETLV0009066	305	7033	3816	1374	12.5114754098361	DS60
WSETLV0009067	456	12455	9811	2248	21.515350877193	DS60
WSETLV0009070	729	17348	16540	5742	22.6886145404664	DS60
WSETLV0009071	799	26282	22935	6998	28.7046307884856	DS60
WSETLV0009072	605	13729	12102	4454	20.003305785124	DS60
WSETLV0009073	1024	25157	26676	9825	26.05078125	DS60
WSETLV0009074	625	20895	18655	4220	29.848	DS60
WSETLV0009075	532	12946	9364	2703	17.6015037593985	DS60
WSETLV0009076	245	5454	2944	1146	12.0163265306122	DS60
WSETLV0009077	695	14511	14544	6392	20.926618705036	DS60
WSETLV0009078	868	24319	22322	8088	25.7165898617512	DS60
WSETLV0009080	509	11929	8128	3247	15.9685658153242	DS60
WSETLV0009081	737	19802	19839	5770	26.9185888738128	DS60
WSETLV0009082	678	17374	16612	5819	24.5014749262537	DS60
WSETLV0009083	1694	34118	37468	14776	22.1180637544274	DS60
WSETLV0009085	477	11606	9270	3467	19.4339622641509	DS60
WSETLV0009086	841	22673	21231	6836	25.2449464922711	DS60
WSETLV0009087	1176	22925	25376	10518	21.578231292517	DS60
WSETLV0009089	913	22883	23238	8130	25.4523548740416	DS60
WSETLV0009090	1158	24003	27662	11019	23.8877374784111	DS60
WSETLV0009091	1331	32719	35240	13500	26.4763335837716	DS60
WSETLV0009092	4624	88866	117568	50227	25.4256055363322	DS60
WSETLV0009094	1421	37328	36645	13091	25.7881773399015	DS60
WSETLV0009095	796	19512	18403	6565	23.1193467336683	DS60
WSETLV0009096	784	19118	18442	6690	23.5229591836735	DS60
WSETLV0009097	337	9109	7087	1998	21.0296735905045	DS60
WSETLV0009098	667	16652	18495	6837	27.7286356821589	DS60
WSETLV0009099	424	11007	8726	2639	20.5801886792453	DS60
WSETLV0009100	719	15688	16564	6932	23.0375521557719	DS60
WSETLV0009101	375	4141	4121	1630	10.9893333333333	DS60
WSETLV0009102	323	11964	10195	1988	31.5634674922601	DS60
WSETLV0009103	1108	45869	42303	9824	38.1796028880866	DS60
WSETLV0009104	886	31062	29732	8395	33.5575620767494	DS60
WSETLV0009105	841	19641	21467	8096	25.525564803805	DS60
WSETLV0009106	1027	34359	32307	8248	31.4576436222006	DS60
WSETLV0009107	415	9970	8960	3174	21.5903614457831	DS60
WSETLV0009108	3620	97857	115746	39190	31.9740331491713	DS60
WSETLV0009109	542	11177	11584	4762	21.3726937269373	DS60
WSETLV0009110	523	15755	14472	3912	27.6711281070746	DS60
WSETLV0009111	408	11790	9224	2568	22.6078431372549	DS60
WSETLV0009112	330	7114	4614	1494	13.9818181818182	DS60
WSETLV0009113	1039	24147	26470	9729	25.4764196342637	DS60
WSETLV0009114	481	15155	12645	2463	26.2889812889813	DS60
WSETLV0009115	992	27339	30076	10154	30.3185483870968	DS60
WSETLV0009116	785	18743	21241	8166	27.0585987261147	DS60
WSETLV0009117	289	8665	6495	1489	22.4740484429066	DS60
WSETLV0009118	711	16749	17962	6719	25.2630098452883	DS60
WSETLV0009119	1220	33316	35344	11922	28.9704918032787	DS60
WSETLV0009120	472	9972	9092	3548	19.2627118644068	DS60
WSETLV0009121	1914	50424	57491	19064	30.0370950888192	DS60
WSETLV0009122	600	13958	13508	4704	22.5133333333333	DS60
WSETLV0009123	755	19892	21799	7522	28.8728476821192	DS60
WSETLV0009124	2900	66807	83321	33132	28.7313793103448	DS60
WSETLV0009126	1554	36916	41618	15780	26.7812097812098	DS60
WSETLV0009127	1676	57632	52567	15317	31.3645584725537	DS60
WSETLV0009128	276	7420	4386	1122	15.8913043478261	DS60
WSETLV0009129	958	20525	24220	8746	25.2818371607516	DS60
WSETLV0009130	957	21964	24821	9545	25.9362591431557	DS60
WSETLV0009133	305	7802	5191	1796	17.0196721311475	DS60
WSETLV0009135	926	18067	19507	7882	21.0658747300216	DS60
WSETLV0009136	651	14775	14461	5881	22.2135176651306	DS60
WSETLV0009138	3193	126850	129535	33678	40.5684309426871	DS60
WSETLV0009140	3396	95917	106235	34708	31.2823910482921	DS60
WSETLV0009141	657	14702	15166	6514	23.0837138508371	DS60
WSETLV0009142	443	8362	7606	3103	17.1693002257336	DS60
WSETLV0009144	409	11453	9995	2772	24.4376528117359	DS60
WSETLV0009145	601	13652	14189	5308	23.6089850249584	DS60
WSETLV0009146	326	7562	4600	1399	14.1104294478528	DS60
WSETLV0009147	545	14105	14084	4222	25.8422018348624	DS60
WSETLV0009148	384	8133	5446	1978	14.1822916666667	DS60
WSETLV0009149	765	18184	17209	5886	22.4954248366013	DS60
WSETLV0009150	399	8272	6258	2621	15.6842105263158	DS60
WSETLV0009152	586	13867	13903	5885	23.7252559726963	DS60
WSETLV0009153	1162	26587	30657	11781	26.3829604130809	DS60
WSETLV0009155	391	8688	9183	3748	23.4859335038363	DS60
WSETLV0009156	1749	53801	50259	16968	28.7358490566038	DS60
WSETLV0009158	421	8067	6429	2676	15.270783847981	DS60
WSETLV0009159	368	8295	4823	1428	13.1059782608696	DS60
WSETLV0009160	565	12628	11898	4289	21.058407079646	DS60
WSETLV0009162	445	10286	9287	3816	20.8696629213483	DS60
WSETLV0009163	392	7933	6576	2464	16.7755102040816	DS60
WSETLV0009164	777	15128	16415	7050	21.1261261261261	DS60
WSETLV0009165	604	12748	12417	5223	20.5579470198676	DS60
WSETLV0009166	1335	36637	37776	13490	28.2966292134832	DS60
WSETLV0009167	791	20077	18122	6599	22.9102402022756	DS60
WSETLV0009168	904	17233	21993	9780	24.3285398230089	DS60
WSETLV0009170	511	10213	11337	4317	22.1859099804305	DS60
WSETLV0009174	794	15987	14726	6067	18.5465994962217	DS60
WSETLV0009175	286	6595	4123	1403	14.4160839160839	DS60
WSETLV0009176	760	18312	15182	5490	19.9763157894737	DS60
WSETLV0009177	789	19174	19852	6963	25.1609632446134	DS60
WSETLV0009178	367	6847	5093	1990	13.8773841961853	DS60
WSETLV0009179	444	9856	6571	2016	14.7995495495496	DS60
WSETLV0009180	463	10912	7585	2837	16.3822894168467	DS60
WSETLV0009182	556	11009	9453	3996	17.0017985611511	DS60
WSETLV0009183	725	17269	16465	5958	22.7103448275862	DS60
WSETLV0009184	586	13430	11288	4643	19.2627986348123	DS60
WSETLV0009185	455	13142	11648	3873	25.6	DS60
WSETLV0009186	498	10495	9832	3925	19.7429718875502	DS60
WSETLV0009187	709	15598	15435	6191	21.7700987306065	DS60
WSETLV0009188	402	8396	6854	2926	17.0497512437811	DS60
WSETLV0009189	1112	22272	25048	10603	22.5251798561151	DS60
WSETLV0009191	1015	18288	17560	7699	17.3004926108374	DS60
WSETLV0009192	1703	44092	44983	16850	26.4139753376395	DS60
WSETLV0009194	450	14298	12763	3344	28.3622222222222	DS60
WSETLV0009195	2711	85773	92361	29345	34.068978236813	DS60
WSETLV0009196	1573	39190	47850	17093	30.4195804195804	DS60
WSETLV0009197	507	17706	16270	4057	32.0907297830375	DS60
WSETLV0009198	709	17482	18610	6892	26.2482369534556	DS60
WSETLV0009202	336	8971	8150	2407	24.2559523809524	DS60
WSETLV0009203	854	16309	19064	8094	22.3231850117096	DS60
WSETLV0009205	238	5798	3824	1468	16.0672268907563	DS60
WSETLV0009206	2463	49153	68416	28141	27.7775071051563	DS60
WSETLV0009209	697	16010	17130	6128	24.5767575322812	DS60
WSETLV0009210	717	22459	22168	6451	30.9177126917713	DS60
WSETLV0009211	859	22900	21668	6464	25.2246798603027	DS60
WSETLV0009212	398	9877	9263	3288	23.2738693467337	DS60
WSETLV0009213	1315	27840	33300	12834	25.3231939163498	DS60
WSETLV0009214	401	10722	8787	2213	21.9127182044888	DS60
WSETLV0009215	526	12531	10653	4173	20.2528517110266	DS60
WSETLV0009218	1112	27804	30437	11063	27.3714028776978	DS60
WSETLV0009219	1025	22820	27433	10963	26.7639024390244	DS60
WSETLV0009220	263	6230	4626	1340	17.5893536121673	DS60
WSETLV0009221	422	10412	8534	2947	20.2227488151659	DS60
WSETLV0009223	487	13106	9912	3336	20.35318275154	DS60
WSETLV0009224	468	10456	7910	2836	16.9017094017094	DS60
WSETLV0009225	1241	29863	36320	12674	29.2667203867849	DS60
WSETLV0009226	1133	42381	42619	9634	37.6160635481024	DS60
WSETLV0009227	1786	37503	45227	18134	25.3230683090706	DS60
WSETLV0009229	530	9840	10327	4108	19.4849056603774	DS60
WSETLV0009231	270	6215	3588	1223	13.2888888888889	DS60
WSETLV0009233	913	19979	22306	9134	24.4315443592552	DS60
WSETLV0009234	1564	38260	42602	14911	27.2391304347826	DS60
WSETLV0009235	526	11973	12704	4586	24.1520912547529	DS60
WSETLV0009236	535	16568	13752	3116	25.7046728971963	DS60
WSETLV0009238	477	10305	8648	3379	18.1299790356394	DS60
WSETLV0009240	256	5977	3539	1026	13.82421875	DS60
WSETLV0009241	1272	36408	38217	11525	30.0448113207547	DS60
WSETLV0009242	252	6175	4378	1326	17.3730158730159	DS60
WSETLV0009243	225	5806	3662	852	16.2755555555556	DS60
WSETLV0009244	282	6165	3860	1275	13.6879432624113	DS60
WSETLV0009248	2063	42079	53239	21458	25.8065923412506	DS60
WSETLV0009249	1040	49439	43640	8129	41.9615384615385	DS60
WSETLV0009250	589	12220	13517	5748	22.9490662139219	DS60
WSETLV0009253	2391	67060	73544	25346	30.758678377248	DS60
WSETLV0009255	294	7621	4463	1185	15.1802721088435	DS60
WSETLV0009256	357	9044	6848	2320	19.1820728291317	DS60
WSETLV0009257	683	16517	15290	5541	22.3865300146413	DS60
WSETLV0009258	289	8368	6659	1896	23.0415224913495	DS60
WSETLV0009259	1605	37128	42070	16555	26.2118380062305	DS60
WSETLV0009261	445	7727	8185	3628	18.3932584269663	DS60
WSETLV0009265	614	14978	13882	4216	22.6091205211726	DS60
WSETLV0009266	812	17794	18851	7454	23.2155172413793	DS60
WSETLV0009267	473	9369	8013	3163	16.9408033826639	DS60
WSETLV0009269	374	8778	6979	2696	18.6604278074866	DS60
WSETLV0009270	645	13465	12295	4814	19.062015503876	DS60
WSETLV0009271	645	20414	15643	4391	24.2527131782946	DS60
WSETLV0009272	363	8323	6936	2060	19.1074380165289	DS60
WSETLV0009273	1185	30192	31617	11079	26.6810126582278	DS60
WSETLV0009274	640	18880	17568	5807	27.45	DS60
WSETLV0009275	403	8992	7018	2421	17.4143920595534	DS60
WSETLV0009276	341	9693	6715	2199	19.692082111437	DS60
WSETLV0009279	272	6772	3841	1198	14.1213235294118	DS60
WSETLV0009280	763	18504	17171	6098	22.5045871559633	DS60
WSETLV0009281	1022	30161	28732	9652	28.1135029354207	DS60
WSETLV0009282	6127	173454	197819	62192	32.2864370817692	DS60
WSETLV0009283	571	11385	11659	4563	20.4185639229422	DS60
WSETLV0009284	742	14116	15921	6404	21.4568733153639	DS60
WSETLV0009285	549	11411	10782	4405	19.6393442622951	DS60
WSETLV0009286	528	13836	12838	4385	24.3143939393939	DS60
WSETLV0009287	572	13895	13442	4931	23.5	DS60
WSETLV0009288	1071	21588	23275	9658	21.7320261437909	DS60
WSETLV0009290	2042	71804	70940	20925	34.7404505386876	DS60
WSETLV0009293	873	21046	20434	7457	23.4066437571592	DS60
WSETLV0009295	1493	28315	31167	12436	20.8754186202277	DS60
WSETLV0009296	552	12134	10492	3666	19.0072463768116	DS60
WSETLV0009297	654	16113	17024	6107	26.0305810397554	DS60
WSETLV0009298	823	18324	17460	6374	21.2150668286756	DS60
WSETLV0009299	1757	64760	67316	15788	38.3130335799659	DS60
WSETLV0009300	469	12575	10788	3152	23.0021321961621	DS60
WSETLV0009302	1401	32563	36712	15114	26.2041399000714	DS60
WSETLV0009303	1103	22291	24029	9554	21.7851314596555	DS60
WSETLV0009304	828	18317	17575	6238	21.225845410628	DS60
WSETLV0009305	797	21466	20621	5918	25.8732747804266	DS60
WSETLV0009306	3116	102300	106081	32080	34.0439666238768	DS60
WSETLV0009307	781	21272	20600	6071	26.3764404609475	DS60
WSETLV0009308	578	12609	12206	4337	21.1176470588235	DS60
WSETLV0009309	508	13070	12417	4444	24.4429133858268	DS60
WSETLV0009310	491	13839	13080	4427	26.6395112016293	DS60
WSETLV0009311	669	16440	15294	6373	22.8609865470852	DS60
WSETLV0009312	1242	34475	32017	10383	25.7785829307568	DS60
WSETLV0009313	1989	56459	56233	20578	28.2719959778783	DS60
WSETLV0009314	579	12210	13063	5133	22.5613126079447	DS60
WSETLV0009315	613	13467	13052	4678	21.2920065252855	DS60
WSETLV0009316	491	10266	10373	4100	21.1262729124236	DS60
WSETLV0009318	2327	51773	62201	26048	26.7301246239794	DS60
WSETLV0009319	890	16928	17647	7145	19.8280898876405	DS60
WSETLV0009320	418	7439	5417	2006	12.9593301435407	DS60
WSETLV0009321	363	9786	8593	2383	23.6721763085399	DS60
WSETLV0009322	1514	43055	42556	12583	28.108322324967	DS60
WSETLV0009323	726	15788	15777	5263	21.7314049586777	DS60
WSETLV0009324	1236	28504	32590	12154	26.3673139158576	DS60
WSETLV0009325	536	9797	6595	2429	12.3041044776119	DS60
WSETLV0009326	956	19336	20098	8412	21.0230125523013	DS60
WSETLV0009327	641	14022	11729	3903	18.2979719188768	DS60
WSETLV0009328	1341	38837	39622	12798	29.5466070096943	DS60
WSETLV0009329	1672	52613	53370	15756	31.9198564593301	DS60
WSETLV0009330	1973	43408	50886	19446	25.7911809427268	DS60
WSETLV0009331	603	12660	11877	4457	19.6965174129353	DS60
WSETLV0009332	280	6976	4252	1540	15.1857142857143	DS60
WSETLV0009334	478	11823	8948	3334	18.7196652719665	DS60
WSETLV0009335	317	7091	3901	1360	12.3059936908517	DS60
WSETLV0009336	954	19740	16234	5014	17.0167714884696	DS60
WSETLV0009338	807	21125	21406	7387	26.5254027261462	DS60
WSETLV0009339	1113	41524	37189	8932	33.4132973944295	DS60
WSETLV0009340	534	10868	9615	3912	18.0056179775281	DS60
WSETLV0009342	865	18217	17518	6869	20.2520231213873	DS60
WSETLV0009343	554	12365	9991	3570	18.0342960288809	DS60
WSETLV0009344	676	16098	15574	6096	23.0384615384615	DS60
WSETLV0009345	795	19126	18472	5887	23.2352201257862	DS60
WSETLV0009346	946	21582	24551	9895	25.9524312896406	DS60
WSETLV0009348	886	19494	18465	7761	20.8408577878104	DS60
WSETLV0009349	704	13948	13103	5000	18.6122159090909	DS60
WSETLV0009350	815	16105	14710	6085	18.0490797546012	DS60
WSETLV0009351	384	9264	5751	1767	14.9765625	DS60
WSETLV0009352	433	10542	5774	2123	13.3348729792148	DS60
WSETLV0009353	1789	37463	44766	18170	25.0229178311906	DS60
WSETLV0009356	513	12108	11438	4431	22.2962962962963	DS60
WSETLV0009357	871	20201	18367	6623	21.0872560275545	DS60
WSETLV0009358	1192	24354	28154	11463	23.6191275167785	DS60
WSETLV0009359	434	11962	7215	1872	16.6244239631336	DS60
WSETLV0009360	975	20513	20476	8599	21.0010256410256	DS60
WSETLV0009361	812	15967	17347	7082	21.3633004926108	DS60
WSETLV0009362	294	6779	4416	1572	15.0204081632653	DS60
WSETLV0009363	499	12940	9409	3273	18.8557114228457	DS60
WSETLV0009364	401	6988	5497	2353	13.7082294264339	DS60
WSETLV0009366	341	9726	5444	1146	15.9648093841642	DS60
WSETLV0009367	468	12375	7945	2167	16.9764957264957	DS60
WSETLV0009368	1842	44250	49836	18846	27.0553745928339	DS60
WSETLV0009369	827	22789	22471	8985	27.1717049576784	DS60
WSETLV0009371	484	10104	8921	3489	18.4318181818182	DS60
WSETLV0009372	1050	24486	26655	10401	25.3857142857143	DS60
WSETLV0009374	880	22712	19039	5822	21.6352272727273	DS60
WSETLV0009375	806	18631	15284	4983	18.9627791563275	DS60
WSETLV0009376	550	13930	8950	2779	16.2727272727273	DS60
WSETLV0009377	1951	39951	49167	18653	25.2009226037929	DS60
WSETLV0009378	701	23799	21690	5462	30.941512125535	DS60
WSETLV0009379	520	14066	12804	4197	24.6230769230769	DS60
WSETLV0009380	493	11586	9461	3593	19.1906693711968	DS60
WSETLV0009381	712	14015	13169	5648	18.4957865168539	DS60
WSETLV0009382	489	9652	7571	2677	15.4826175869121	DS60
WSETLV0009383	887	21903	18335	6103	20.6708004509583	DS60
WSETLV0009384	400	7646	5884	2315	14.71	DS60
WSETLV0010003	2081	32695	29369	7168	14.112926477655	DS60
WSETLV0010004	1613	38596	28704	5623	17.7954122752635	DS60
WSETLV0010005	479	7725	5832	1366	12.1753653444676	DS60
WSETLV0010006	904	10735	10866	2816	12.0199115044248	DS60
WSETLV0010007	1543	19986	18783	6077	12.1730395333765	DS60
WSETLV0010008	810	15309	11497	2548	14.1938271604938	DS60
WSETLV0010009	1751	28473	24904	7826	14.2227298686465	DS60
WSETLV0010011	1948	31307	28443	8184	14.6011293634497	DS60
WSETLV0010012	1230	16056	14978	4585	12.1772357723577	DS60
WSETLV0010015	744	11902	9621	2341	12.9314516129032	DS60
WSETLV0010016	1118	19751	15878	4040	14.2021466905188	DS60
WSETLV0010017	941	15270	12958	2724	13.7704569606801	DS60
WSETLV0010018	1370	19184	18710	5192	13.6569343065693	DS60
WSETLV0010019	671	8471	8255	3011	12.3025335320417	DS60
WSETLV0010020	1073	18888	15257	3798	14.2190121155638	DS60
WSETLV0010024	1197	20017	17294	5024	14.4477861319967	DS60
WSETLV0010025	1221	23199	19605	5172	16.0565110565111	DS60
WSETLV0010026	2490	38645	40926	13328	16.4361445783133	DS60
WSETLV0010027	719	10424	8684	2250	12.0778859527121	DS60
WSETLV0010028	1009	17716	14036	3777	13.9108027750248	DS60
WSETLV0010031	904	16151	12904	3193	14.2743362831858	DS60
WSETLV0010032	860	12682	11149	3060	12.9639534883721	DS60
WSETLV0010034	2517	45252	41039	9726	16.3047278506158	DS60
WSETLV0010037	627	11052	8211	2082	13.0956937799043	DS60
WSETLV0010038	1829	35599	29270	6234	16.0032804811372	DS60
WSETLV0010039	1008	20359	16029	3364	15.9017857142857	DS60
WSETLV0010040	3695	72066	61521	15160	16.6497970230041	DS60
WSETLV0010042	1150	15820	13928	4119	12.1113043478261	DS60
WSETLV0010043	1389	22279	19677	5837	14.1663066954644	DS60
WSETLV0010044	1504	19714	18946	6009	12.5970744680851	DS60
WSETLV0010047	2079	41222	34939	8555	16.8056758056758	DS60
WSETLV0010049	508	7610	5087	1078	10.0137795275591	DS60
WSETLV0010051	1623	34286	27367	5650	16.8619839802834	DS60
WSETLV0010052	4204	89018	76627	16143	18.227164605138	DS60
WSETLV0010053	591	8773	6223	1915	10.5296108291032	DS60
WSETLV0010054	4621	94157	79530	18446	17.2105604847436	DS60
WSETLV0010055	1328	22394	20603	6178	15.5143072289157	DS60
WSETLV0010056	1569	24209	21945	6756	13.9866156787763	DS60
WSETLV0010057	1162	17418	15031	4015	12.9354561101549	DS60
WSETLV0010058	1685	30327	26426	5211	15.6830860534125	DS60
WSETLV0010059	1609	25548	22975	7112	14.2790553138595	DS60
WSETLV0010060	2100	29794	29017	9565	13.817619047619	DS60
WSETLV0010061	1574	26486	22239	5944	14.1289707750953	DS60
WSETLV0010062	1951	36496	31482	8286	16.1363403382881	DS60
WSETLV0010064	1764	22892	22833	8115	12.9438775510204	DS60
WSETLV0010065	1380	16943	17825	7252	12.9166666666667	DS60
WSETLV0010066	641	8868	6713	2094	10.4726989079563	DS60
WSETLV0010068	523	8795	6780	1287	12.9636711281071	DS60
WSETLV0010069	1885	28856	26546	6956	14.0827586206897	DS60
WSETLV0010070	447	6661	5187	1298	11.6040268456376	DS60
WSETLV0010071	1528	30112	24023	5387	15.7218586387435	DS60
WSETLV0010073	3449	58324	55333	15857	16.0432009278052	DS60
WSETLV0010074	1315	22767	19329	4828	14.6988593155894	DS60
WSETLV0010076	353	3662	2726	704	7.72237960339943	DS60
WSETLV0010077	1337	21053	19214	5683	14.3709798055348	DS60
WSETLV0010079	2110	34659	30660	8102	14.5308056872038	DS60
WSETLV0010080	3863	57882	57893	16395	14.986538959358	DS60
WSETLV0010081	3204	55310	51897	13087	16.1975655430712	DS60
WSETLV0010082	1464	23822	21251	5499	14.5157103825137	DS60
WSETLV0010083	873	14769	11934	2791	13.6701030927835	DS60
WSETLV0010084	857	12332	9761	2601	11.389731621937	DS60
WSETLV0010086	924	18374	14604	3736	15.8051948051948	DS60
WSETLV0010087	1029	16031	14761	4284	14.3449951409135	DS60
WSETLV0010088	1331	20880	18230	5503	13.6964688204358	DS60
WSETLV0010089	1028	21235	16538	3154	16.0875486381323	DS60
WSETLV0010090	1652	21063	19401	5869	11.7439467312349	DS60
WSETLV0010091	5246	109003	93849	23721	17.8896301944339	DS60
WSETLV0010092	1327	24681	20136	4199	15.1740768651093	DS60
WSETLV0010093	1351	26532	22839	5652	16.9052553663953	DS60
WSETLV0010094	1155	26035	20362	3583	17.6294372294372	DS60
WSETLV0010095	923	20581	15381	2477	16.6641386782232	DS60
WSETLV0010096	1120	29424	22088	4027	19.7214285714286	DS60
WSETLV0010098	1703	22485	23311	8383	13.6881972988843	DS60
WSETLV0010099	817	14578	11802	2581	14.4455324357405	DS60
WSETLV0010100	1289	18132	16665	5258	12.9286268425136	DS60
WSETLV0010102	1779	38614	31756	7091	17.8504777965149	DS60
WSETLV0010103	1173	24390	19719	3985	16.8107416879795	DS60
WSETLV0010104	985	17238	14853	3998	15.0791878172589	DS60
WSETLV0010105	477	7302	5483	1160	11.4947589098533	DS60
WSETLV0010106	733	10700	8921	2376	12.1705320600273	DS60
WSETLV0010107	1468	21653	21588	6939	14.7057220708447	DS60
WSETLV0010108	1471	28208	24453	4281	16.6233854520734	DS60
WSETLV0010109	1422	24083	20163	4987	14.1793248945148	DS60
WSETLV0010111	1992	37148	32355	8639	16.2424698795181	DS60
WSETLV0010112	2725	49608	45847	12406	16.8245871559633	DS60
WSETLV0010114	952	16397	13081	2739	13.7405462184874	DS60
WSETLV0010115	1587	21774	22207	7192	13.9930686830498	DS60
WSETLV0010117	1534	22963	22234	7348	14.4941329856584	DS60
WSETLV0010119	696	9105	7869	2200	11.3060344827586	DS60
WSETLV0010120	1350	20500	19597	5943	14.5162962962963	DS60
WSETLV0010121	1092	21339	17205	3274	15.7554945054945	DS60
WSETLV0010122	1223	21967	19341	5413	15.8143908421913	DS60
WSETLV0010123	877	12980	11532	3457	13.1493728620296	DS60
WSETLV0010124	2651	67846	52134	11105	19.665786495662	DS60
WSETLV0010126	1513	22446	21852	6600	14.44282881692	DS60
WSETLV0010127	2329	32592	33927	11014	14.5671962215543	DS60
WSETLV0010128	1700	29795	25792	6729	15.1717647058824	DS60
WSETLV0010129	860	11284	10470	2884	12.1744186046512	DS60
WSETLV0010130	652	10987	8669	1738	13.2960122699387	DS60
WSETLV0010132	1956	43061	34626	8930	17.7024539877301	DS60
WSETLV0010133	2619	61216	49977	10335	19.0824742268041	DS60
WSETLV0010134	1515	24477	22169	5970	14.63300330033	DS60
WSETLV0010135	1038	15956	13590	3304	13.0924855491329	DS60
WSETLV0010136	948	15267	13053	3665	13.7689873417722	DS60
WSETLV0010137	682	10040	8598	2829	12.6070381231672	DS60
WSETLV0010138	3286	67669	59851	15931	18.2139379184419	DS60
WSETLV0010139	2171	50974	41406	9151	19.0723169046522	DS60
WSETLV0010141	739	13924	10297	2489	13.9336941813261	DS60
WSETLV0010142	929	18520	14336	3556	15.4316469321851	DS60
WSETLV0010143	932	15378	12530	3397	13.4442060085837	DS60
WSETLV0010144	1072	15885	14593	4509	13.6128731343284	DS60
WSETLV0010146	3015	49121	44987	12839	14.9210613598673	DS60
WSETLV0010148	1409	25866	21328	5273	15.1369765791341	DS60
WSETLV0010149	1173	16212	15275	4552	13.0221653878943	DS60
WSETLV0010150	1486	18938	18494	6053	12.4454912516824	DS60
WSETLV0010151	1234	18269	15748	4350	12.7617504051864	DS60
WSETLV0010152	1833	29593	28268	9011	15.4217130387343	DS60
WSETLV0010153	1905	27590	25746	7938	13.5149606299213	DS60
WSETLV0010154	2428	58022	45812	7138	18.8682042833608	DS60
WSETLV0010155	622	9685	7803	1702	12.5450160771704	DS60
WSETLV0010159	1232	21079	17520	4252	14.2207792207792	DS60
WSETLV0010160	662	12166	9727	2836	14.6933534743202	DS60
WSETLV0010162	664	7693	6930	2191	10.4367469879518	DS60
WSETLV0010163	782	11046	9798	2668	12.5294117647059	DS60
WSETLV0010164	2009	27047	27649	9637	13.762568442011	DS60
WSETLV0010165	1443	30259	23716	5520	16.4352044352044	DS60
WSETLV0010166	2239	38026	34809	9273	15.5466726217061	DS60
WSETLV0010167	1816	28729	26458	7837	14.5693832599119	DS60
WSETLV0010168	1124	16109	15280	4925	13.5943060498221	DS60
WSETLV0010169	946	16572	13252	3823	14.0084566596195	DS60
WSETLV0010170	797	12953	11300	3379	14.1781681304893	DS60
WSETLV0010171	749	12336	10020	2322	13.3778371161549	DS60
WSETLV0010172	954	13694	12341	4084	12.9360587002096	DS60
WSETLV0010173	2932	42546	42826	15038	14.606412005457	DS60
WSETLV0010174	1290	22495	18917	4675	14.6643410852713	DS60
WSETLV0010175	1918	52664	38956	6133	20.310740354536	DS60
WSETLV0010176	5489	88076	86197	24862	15.7035889961742	DS60
WSETLV0010177	1240	18644	18067	5989	14.5701612903226	DS60
WSETLV0010178	1367	24238	21489	6017	15.7198244330651	DS60
WSETLV0010179	1105	17382	15737	4494	14.241628959276	DS60
WSETLV0010180	2890	46466	44056	14423	15.2442906574394	DS60
WSETLV0010183	4297	86471	77778	19617	18.1005352571562	DS60
WSETLV0010184	2479	64629	49220	9237	19.8547801532876	DS60
WSETLV0010185	956	15732	13443	3744	14.0617154811715	DS60
WSETLV0010186	2887	38173	40119	13559	13.8964322826463	DS60
WSETLV0010187	1168	26648	20652	3620	17.6815068493151	DS60
WSETLV0010188	1498	32168	26513	5619	17.6989319092123	DS60
WSETLV0010190	2615	52365	43286	8984	16.5529636711281	DS60
WSETLV0010191	1130	16997	14930	4236	13.212389380531	DS60
WSETLV0010192	1454	30845	24427	4990	16.7998624484182	DS60
WSETLV0010194	1320	25767	21998	6041	16.6651515151515	DS60
WSETLV0010195	759	11044	10395	3253	13.695652173913	DS60
WSETLV0010196	748	13894	10984	2653	14.6844919786096	DS60
WSETLV0010198	678	8403	7929	2903	11.6946902654867	DS60
WSETLV0010199	574	9804	6973	1511	12.1480836236934	DS60
WSETLV0010200	875	15851	13027	2883	14.888	DS60
WSETLV0010201	870	14254	12751	3812	14.6563218390805	DS60
WSETLV0010202	1387	30357	24290	5037	17.5126171593367	DS60
WSETLV0010203	618	9912	7684	2255	12.4336569579288	DS60
WSETLV0010204	574	7891	6480	1840	11.2891986062718	DS60
WSETLV0010205	659	8513	7889	2723	11.9711684370258	DS60
WSETLV0010206	749	11338	9609	2621	12.8291054739653	DS60
WSETLV0010207	3796	95796	75108	12487	19.7860906217071	DS60
WSETLV0010208	486	10428	7763	1611	15.9732510288066	DS60
WSETLV0010209	622	9992	8347	2011	13.41961414791	DS60
WSETLV0010210	1089	23042	18455	3338	16.9467401285583	DS60
WSETLV0010214	573	11099	7541	1823	13.1605584642234	DS60
WSETLV0010215	1871	47801	37214	7587	19.8898984500267	DS60
WSETLV0010216	1574	41717	31403	5535	19.9510800508259	DS60
WSETLV0010217	1320	18054	17687	6625	13.3992424242424	DS60
WSETLV0010218	529	8758	6999	1934	13.2306238185255	DS60
WSETLV0010219	1170	19680	16524	4032	14.1230769230769	DS60
WSETLV0010220	309	3830	2784	846	9.00970873786408	DS60
WSETLV0010221	1402	33342	25611	5148	18.2674750356633	DS60
WSETLV0010222	3455	70532	61048	17092	17.6694645441389	DS60
WSETLV0010224	1034	15175	13318	4220	12.8800773694391	DS60
WSETLV0010225	749	10339	8620	2184	11.5086782376502	DS60
WSETLV0010226	2672	47588	42582	10009	15.936377245509	DS60
WSETLV0010227	1640	29359	25043	7171	15.2701219512195	DS60
WSETLV0010229	1307	31041	22358	4679	17.106350420811	DS60
WSETLV0010230	2610	50269	44755	12252	17.1475095785441	DS60
WSETLV0010231	6403	121514	109796	24040	17.1475870685616	DS60
WSETLV0010234	971	15295	14369	4568	14.7981462409887	DS60
WSETLV0010235	1865	38444	31335	6871	16.8016085790885	DS60
WSETLV0010236	925	16889	13549	2846	14.6475675675676	DS60
WSETLV0010237	789	11369	9803	2146	12.424588086185	DS60
WSETLV0010238	613	10173	7686	1868	12.5383360522023	DS60
WSETLV0010239	1474	21159	20774	7075	14.0936227951153	DS60
WSETLV0010240	432	6444	4629	1050	10.7152777777778	DS60
WSETLV0010241	556	6803	5747	1595	10.3363309352518	DS60
WSETLV0010245	680	11103	8220	2221	12.0882352941176	DS60
WSETLV0010246	1647	30048	26375	6803	16.0139647844566	DS60
WSETLV0010247	1708	31574	27142	6998	15.8911007025761	DS60
WSETLV0010249	999	18182	15226	4299	15.2412412412412	DS60
WSETLV0010250	2000	32847	30626	9113	15.313	DS60
WSETLV0010251	707	13003	10991	2779	15.5459688826025	DS60
WSETLV0010252	1231	20150	18084	4807	14.6904955320877	DS60
WSETLV0010253	1693	27962	25570	6893	15.1033668044891	DS60
WSETLV0010256	5028	86327	81008	21364	16.1113762927605	DS60
WSETLV0010257	1625	30541	26518	7400	16.3187692307692	DS60
WSETLV0010259	1396	30813	24208	4891	17.3409742120344	DS60
WSETLV0010260	1452	19731	18385	5908	12.6618457300276	DS60
WSETLV0010262	531	9655	7344	1665	13.8305084745763	DS60
WSETLV0010264	2066	44556	36978	8128	17.8983543078412	DS60
WSETLV0010265	3672	77617	66639	16638	18.1478758169935	DS60
WSETLV0010266	1672	29666	24946	5523	14.9198564593301	DS60
WSETLV0010267	624	13392	9684	1713	15.5192307692308	DS60
WSETLV0010268	1762	38356	29909	5007	16.9744608399546	DS60
WSETLV0010269	1054	17528	14395	4054	13.657495256167	DS60
WSETLV0010270	3127	66764	55056	13421	17.6066517428846	DS60
WSETLV0010272	963	17360	14662	3538	15.2253374870197	DS60
WSETLV0010273	2018	48944	39660	8408	19.6531219028741	DS60
WSETLV0010274	1769	30214	28492	7905	16.1062747314867	DS60
WSETLV0010275	1198	22822	18942	4518	15.8113522537563	DS60
WSETLV0010276	2203	39925	37892	10952	17.2001815705856	DS60
WSETLV0010277	396	7964	5643	1095	14.25	DS60
WSETLV0010278	1808	39215	33320	6739	18.429203539823	DS60
WSETLV0010279	2418	46522	39968	9476	16.5293631100083	DS60
WSETLV0010280	1546	25138	21767	6946	14.0795601552393	DS60
WSETLV0010281	479	8694	5470	1057	11.419624217119	DS60
WSETLV0010282	793	14035	12635	3336	15.9331651954603	DS60
WSETLV0010283	632	8944	7555	2361	11.9541139240506	DS60
WSETLV0010284	1966	49483	37253	6700	18.9486266531027	DS60
WSETLV0010285	835	15214	12771	3010	15.2946107784431	DS60
WSETLV0010286	2191	51832	41536	9801	18.9575536284801	DS60
WSETLV0010287	895	22007	16286	2951	18.1966480446927	DS60
WSETLV0010288	1617	36213	28307	6220	17.5058750773037	DS60
WSETLV0010290	2042	52579	39780	7590	19.4809010773751	DS60
WSETLV0010291	1426	25332	22036	4780	15.45301542777	DS60
WSETLV0010292	1550	33270	28543	6085	18.4148387096774	DS60
WSETLV0010293	1338	24205	20848	5399	15.5814648729447	DS60
WSETLV0010294	315	3760	2303	591	7.31111111111111	DS60
WSETLV0010295	3881	65262	55457	13948	14.2893584127802	DS60
WSETLV0010296	1331	20687	17404	5001	13.0758827948911	DS60
WSETLV0010297	1385	25987	22170	5162	16.0072202166065	DS60
WSETLV0010298	1172	18763	15651	4178	13.3540955631399	DS60
WSETLV0010299	1335	20455	19016	5395	14.2441947565543	DS60
WSETLV0010300	1916	40678	33188	6691	17.321503131524	DS60
WSETLV0010301	999	16399	14065	4346	14.0790790790791	DS60
WSETLV0010302	333	4720	3483	1058	10.4594594594595	DS60
WSETLV0010304	730	12802	9873	2405	13.5246575342466	DS60
WSETLV0010305	1182	18650	16944	5250	14.3350253807107	DS60
WSETLV0010306	568	10231	7283	1847	12.8221830985916	DS60
WSETLV0010307	1517	28835	24430	5235	16.1041529334212	DS60
WSETLV0010308	1528	29760	24739	6111	16.190445026178	DS60
WSETLV0010309	873	14741	12854	3912	14.7239404352806	DS60
WSETLV0010310	2451	57355	46618	9902	19.0199918400653	DS60
WSETLV0010311	1095	17594	14745	3938	13.4657534246575	DS60
WSETLV0010312	1003	18243	14246	3293	14.2033898305085	DS60
WSETLV0010313	1773	37422	30740	7294	17.3378454596729	DS60
WSETLV0010315	708	10071	8045	2115	11.3629943502825	DS60
WSETLV0010316	873	12582	10464	2915	11.9862542955326	DS60
WSETLV0010317	1512	32289	26278	6853	17.3796296296296	DS60
WSETLV0010318	1304	19098	18243	5802	13.9900306748466	DS60
WSETLV0010320	2221	37112	33369	10252	15.0243133723548	DS60
WSETLV0010321	1742	35784	28890	6564	16.5843857634902	DS60
WSETLV0010322	7151	176668	145807	27786	20.3897357013005	DS60
WSETLV0010323	1238	17067	15288	4297	12.3489499192246	DS60
WSETLV0010324	869	12385	10416	3119	11.9861910241657	DS60
WSETLV0010326	1308	22760	18532	4606	14.1681957186544	DS60
WSETLV0010327	1579	21233	17451	4676	11.0519316022799	DS60
WSETLV0010329	2876	45978	43540	13201	15.1390820584145	DS60
WSETLV0010330	826	15588	11901	2940	14.40799031477	DS60
WSETLV0010332	3378	67767	59210	15678	17.5281231497928	DS60
WSETLV0010333	1498	24780	22949	7868	15.3197596795728	DS60
WSETLV0010334	2801	69537	56407	12251	20.1381649410925	DS60
WSETLV0010335	847	15511	11520	2578	13.6009445100354	DS60
WSETLV0010336	4221	63168	55751	16908	13.2080075811419	DS60
WSETLV0010337	1664	23139	21925	6846	13.1760817307692	DS60
WSETLV0010338	1880	29548	25641	6752	13.638829787234	DS60
WSETLV0010340	6638	136864	116965	29347	17.620518228382	DS60
WSETLV0010341	1133	17833	16147	4887	14.2515445719329	DS60
WSETLV0010343	687	10163	7968	1961	11.5982532751092	DS60
WSETLV0010344	985	14930	13152	3741	13.3522842639594	DS60
WSETLV0010345	1323	21758	19115	4410	14.448223733938	DS60
WSETLV0010346	683	10579	8085	1871	11.8374816983895	DS60
WSETLV0010347	1628	24912	22726	6784	13.9594594594595	DS60
WSETLV0010348	2297	40765	36134	10299	15.7309534175011	DS60
WSETLV0010349	1444	31223	24896	5824	17.2409972299169	DS60
WSETLV0010350	728	13030	9885	2435	13.5782967032967	DS60
WSETLV0010351	1532	31224	25311	5512	16.5215404699739	DS60
WSETLV0010352	1629	36891	28608	6801	17.5616942909761	DS60
WSETLV0010353	661	11545	8598	2128	13.0075642965204	DS60
WSETLV0010354	1819	31905	27670	6148	15.2116547553601	DS60
WSETLV0010355	1577	23998	20005	5160	12.6854787571338	DS60
WSETLV0010356	1808	38263	31400	7003	17.3672566371681	DS60
WSETLV0010358	948	15159	13322	3823	14.0527426160338	DS60
WSETLV0010359	1491	32229	26876	6820	18.0254862508384	DS60
WSETLV0010360	2416	39546	35192	10258	14.5662251655629	DS60
WSETLV0010361	3873	69617	63969	10247	16.5166537567777	DS60
WSETLV0010362	1796	30708	28569	8308	15.9070155902004	DS60
WSETLV0010363	1926	32280	29311	8991	15.2185877466251	DS60
WSETLV0010364	449	5842	4291	1173	9.55679287305123	DS60
WSETLV0010366	1200	20092	18152	4652	15.1266666666667	DS60
WSETLV0010367	1224	21237	18116	4749	14.8006535947712	DS60
WSETLV0010369	911	12334	10898	3171	11.9626783754116	DS60
WSETLV0010371	1303	27282	20580	4157	15.7943207981581	DS60
WSETLV0010372	565	10733	7550	1499	13.3628318584071	DS60
WSETLV0010374	1894	37029	31955	8167	16.8717001055966	DS60
WSETLV0010378	2185	54536	44432	8237	20.3350114416476	DS60
WSETLV0010379	3173	56616	54266	15977	17.1024267254964	DS60
WSETLV0010380	2128	52940	40424	6719	18.9962406015038	DS60
WSETLV0010381	1713	34859	30100	7764	17.5715119673088	DS60
WSETLV0010382	1399	27500	23301	5162	16.6554681915654	DS60
WSETLV0010383	639	10139	8107	2347	12.6870109546166	DS60
WSETLV0011001	987	17018	15522	4423	15.726443768997	DS60
WSETLV0011002	2272	32779	37316	12907	16.4242957746479	DS60
WSETLV0011004	1065	22477	18922	4143	17.7671361502347	DS60
WSETLV0011005	499	7810	6230	1885	12.4849699398798	DS60
WSETLV0011009	2796	49263	47965	12043	17.1548640915594	DS60
WSETLV0011011	1231	14943	15598	5506	12.6709991876523	DS60
WSETLV0011012	1583	25535	24164	7298	15.26468730259	DS60
WSETLV0011013	636	8499	8423	3263	13.2437106918239	DS60
WSETLV0011015	872	16119	13808	3102	15.8348623853211	DS60
WSETLV0011016	2860	64628	54299	13866	18.9856643356643	DS60
WSETLV0011017	1586	21513	23100	7931	14.5649432534678	DS60
WSETLV0011018	2571	51865	50070	10188	19.4749124854142	DS60
WSETLV0011022	952	12494	12155	3964	12.7678571428571	DS60
WSETLV0011023	1797	32453	32645	9849	18.166388425153	DS60
WSETLV0011024	1305	23272	20749	4869	15.8996168582375	DS60
WSETLV0011026	2002	28875	30982	8868	15.4755244755245	DS60
WSETLV0011027	1339	25607	22235	5006	16.6056758775205	DS60
WSETLV0011029	1786	29490	28774	9529	16.1108622620381	DS60
WSETLV0011030	1670	34816	30306	6330	18.1473053892216	DS60
WSETLV0011031	1373	26929	24158	5919	17.5950473415878	DS60
WSETLV0011032	751	16165	13520	3214	18.0026631158455	DS60
WSETLV0011033	2287	40444	39551	11631	17.2938347179711	DS60
WSETLV0011034	2123	33094	33453	10981	15.7574187470561	DS60
WSETLV0011035	2380	38151	38251	13464	16.0718487394958	DS60
WSETLV0011037	1034	15620	14801	4935	14.3143133462282	DS60
WSETLV0011038	977	18514	16378	4182	16.7635619242579	DS60
WSETLV0011039	1233	27034	21928	4666	17.7842660178427	DS60
WSETLV0011043	1079	19527	17135	5235	15.8804448563485	DS60
WSETLV0011044	1446	19822	19788	6494	13.6846473029046	DS60
WSETLV0011045	1061	16261	14812	4329	13.9604147031103	DS60
WSETLV0011046	2614	34823	40189	15400	15.3745218056618	DS60
WSETLV0011047	3627	70480	66933	20779	18.454094292804	DS60
WSETLV0011048	571	8426	6733	2097	11.7915936952715	DS60
WSETLV0011049	499	7057	5726	1974	11.4749498997996	DS60
WSETLV0011050	554	10010	7390	1924	13.3393501805054	DS60
WSETLV0011051	1699	35382	30673	8473	18.0535609181872	DS60
WSETLV0011053	1200	22466	19778	5268	16.4816666666667	DS60
WSETLV0011054	1030	19043	16238	4633	15.7650485436893	DS60
WSETLV0011055	402	6603	4662	1192	11.5970149253731	DS60
WSETLV0011057	836	12027	11787	4313	14.0992822966507	DS60
WSETLV0011058	2995	43009	45172	15558	15.0824707846411	DS60
WSETLV0011059	575	10539	6834	2107	11.8852173913043	DS60
WSETLV0011060	1048	17580	15909	4521	15.1803435114504	DS60
WSETLV0011061	652	13097	10200	2587	15.6441717791411	DS60
WSETLV0011062	4950	78269	80736	27204	16.310303030303	DS60
WSETLV0011063	1293	22239	21383	6233	16.5375096674401	DS60
WSETLV0011064	1785	35613	32192	8078	18.0347338935574	DS60
WSETLV0011066	285	4143	2546	787	8.93333333333333	DS60
WSETLV0011067	1601	24201	22841	6250	14.2667083073079	DS60
WSETLV0011068	1375	26419	22757	5609	16.5505454545455	DS60
WSETLV0011069	3680	50537	54903	16577	14.9192934782609	DS60
WSETLV0011070	2612	39438	42967	14442	16.4498468606432	DS60
WSETLV0011071	966	17291	14683	4593	15.1997929606625	DS60
WSETLV0011072	1256	18858	18695	5800	14.8845541401274	DS60
WSETLV0011073	2903	50738	51128	16582	17.6121253875301	DS60
WSETLV0011074	1718	26573	26091	8287	15.1868451688009	DS60
WSETLV0011075	641	11311	9440	2682	14.7269890795632	DS60
WSETLV0011078	1612	27983	27708	8823	17.1885856079404	DS60
WSETLV0011079	3246	59037	57264	18805	17.641404805915	DS60
WSETLV0011080	740	11317	9686	2451	13.0891891891892	DS60
WSETLV0011081	3123	53343	54785	17478	17.5424271533782	DS60
WSETLV0011083	1660	35635	29285	6670	17.6415662650602	DS60
WSETLV0011084	1655	27613	25073	8412	15.1498489425982	DS60
WSETLV0011085	489	11600	8352	1740	17.079754601227	DS60
WSETLV0011087	860	15219	12629	3045	14.6848837209302	DS60
WSETLV0011089	3175	49847	53696	17611	16.912125984252	DS60
WSETLV0011091	476	9333	6240	1358	13.109243697479	DS60
WSETLV0011092	818	12648	11272	3220	13.7799511002445	DS60
WSETLV0011096	1398	22164	22537	7405	16.120886981402	DS60
WSETLV0011097	2078	38078	37026	10651	17.8180943214629	DS60
WSETLV0011098	757	12699	11516	3761	15.2126816380449	DS60
WSETLV0011099	1308	17759	18755	7271	14.3386850152905	DS60
WSETLV0011100	405	4921	4633	1897	11.4395061728395	DS60
WSETLV0011101	977	8913	10011	4105	10.2466734902764	DS60
WSETLV0011104	398	6815	4999	1409	12.5603015075377	DS60
WSETLV0011105	1119	15406	15488	5266	13.8409294012511	DS60
WSETLV0011106	388	6974	4780	1330	12.319587628866	DS60
WSETLV0011107	1291	18899	19384	6075	15.0147172734314	DS60
WSETLV0011108	1247	17533	18334	6292	14.7024859663192	DS60
WSETLV0011109	4847	88172	88503	28750	18.2593356715494	DS60
WSETLV0011110	2155	36224	36188	11580	16.7925754060325	DS60
WSETLV0011111	1438	28936	25367	6429	17.6404728789986	DS60
WSETLV0011112	968	16967	13892	3617	14.3512396694215	DS60
WSETLV0011113	641	10713	9994	3238	15.591263650546	DS60
WSETLV0011115	1148	20834	18929	4878	16.4886759581882	DS60
WSETLV0011116	1889	33772	30218	8373	15.996823716252	DS60
WSETLV0011117	447	6662	5372	1780	12.0178970917226	DS60
WSETLV0011118	3172	43701	50031	18902	15.7726986128625	DS60
WSETLV0011119	2215	35934	36280	11099	16.3792325056433	DS60
WSETLV0011121	1953	37999	35038	8548	17.9406041986687	DS60
WSETLV0011123	599	10764	8565	1885	14.2988313856427	DS60
WSETLV0011124	2192	33143	35214	13116	16.0647810218978	DS60
WSETLV0011126	850	11585	11411	3731	13.4247058823529	DS60
WSETLV0011127	730	13254	11055	2725	15.1438356164384	DS60
WSETLV0011128	798	15521	13261	3439	16.6177944862155	DS60
WSETLV0011129	532	8476	6972	1757	13.1052631578947	DS60
WSETLV0011130	1886	38728	34006	7950	18.0307529162248	DS60
WSETLV0011132	2045	39914	35919	11628	17.5643031784841	DS60
WSETLV0011134	1312	23220	21428	5329	16.3323170731707	DS60
WSETLV0011135	1050	17296	16187	5284	15.4161904761905	DS60
WSETLV0011136	895	16415	13208	3389	14.7575418994413	DS60
WSETLV0011137	1123	14950	15281	5159	13.6073018699911	DS60
WSETLV0011138	2015	35037	34026	10425	16.8863523573201	DS60
WSETLV0011139	688	11521	10552	3261	15.3372093023256	DS60
WSETLV0011140	2413	53713	47620	11038	19.7347699958558	DS60
WSETLV0011141	1404	25154	23830	8086	16.9729344729345	DS60
WSETLV0011142	865	13191	11507	3933	13.3028901734104	DS60
WSETLV0011143	2332	53004	46347	10890	19.8743567753002	DS60
WSETLV0011144	1428	18609	21416	8509	14.9971988795518	DS60
WSETLV0011145	2088	55798	44504	8438	21.3141762452107	DS60
WSETLV0011146	528	7941	6242	1471	11.8219696969697	DS60
WSETLV0011147	708	14383	12180	3003	17.2033898305085	DS60
WSETLV0011148	1154	21201	19161	4924	16.603986135182	DS60
WSETLV0011149	1122	17667	16788	4850	14.9625668449198	DS60
WSETLV0011150	1489	28433	24777	6489	16.6400268636669	DS60
WSETLV0011152	522	8676	7092	1988	13.5862068965517	DS60
WSETLV0011154	1522	26678	24833	8002	16.3160315374507	DS60
WSETLV0011156	705	12979	10468	2463	14.8482269503546	DS60
WSETLV0011158	2760	63410	52073	7377	18.8670289855072	DS60
WSETLV0011159	1073	20038	16795	5049	15.6523765144455	DS60
WSETLV0011160	1887	44089	36416	7267	19.2983571807101	DS60
WSETLV0011161	1392	23203	20874	6704	14.9956896551724	DS60
WSETLV0011163	1609	28229	25995	6906	16.1559975139838	DS60
WSETLV0011164	2376	47017	41901	10398	17.635101010101	DS60
WSETLV0011165	1808	28493	28946	10040	16.0099557522124	DS60
WSETLV0011166	1228	20888	19803	6020	16.1262214983713	DS60
WSETLV0011168	2720	62067	50372	11320	18.5191176470588	DS60
WSETLV0011169	1122	18158	15432	4480	13.7540106951872	DS60
WSETLV0011170	1455	28159	25079	5815	17.2364261168385	DS60
WSETLV0011171	1689	24738	25476	8449	15.0834813499112	DS60
WSETLV0011172	947	16435	15526	4605	16.3949313621964	DS60
WSETLV0011173	582	8896	7785	2206	13.3762886597938	DS60
WSETLV0011174	1962	35847	33337	8273	16.9913353720693	DS60
WSETLV0011175	627	11870	9581	1981	15.280701754386	DS60
WSETLV0011176	1232	24057	20061	5249	16.2832792207792	DS60
WSETLV0011177	1468	36005	28965	6009	19.7309264305177	DS60
WSETLV0011178	1267	29616	23015	4962	18.164956590371	DS60
WSETLV0011179	1466	26827	24238	6675	16.5334242837654	DS60
WSETLV0011181	1819	22994	25198	9688	13.8526663001649	DS60
WSETLV0011182	3376	70586	63322	17098	18.7565165876777	DS60
WSETLV0011184	1895	35868	33700	9551	17.7836411609499	DS60
WSETLV0011186	4819	127703	103949	19129	21.5706578128242	DS60
WSETLV0011188	1729	44206	37152	6714	21.4875650665124	DS60
WSETLV0011190	1537	28658	24043	5193	15.6428106701366	DS60
WSETLV0011191	4355	73168	72770	23002	16.7095292766935	DS60
WSETLV0011192	1178	24455	19862	5002	16.8607809847199	DS60
WSETLV0011193	553	7576	7135	2416	12.9023508137432	DS60
WSETLV0011194	642	12408	10355	2693	16.1292834890966	DS60
WSETLV0011195	1581	36561	30015	5602	18.9848197343454	DS60
WSETLV0011196	1269	28915	23961	5621	18.8817966903073	DS60
WSETLV0011198	548	9854	8363	2472	15.2609489051095	DS60
WSETLV0011202	859	11197	11945	4673	13.9057043073341	DS60
WSETLV0011203	919	11537	12325	4504	13.411316648531	DS60
WSETLV0011204	1192	19147	18080	5172	15.1677852348993	DS60
WSETLV0011206	389	5878	4229	1183	10.8714652956298	DS60
WSETLV0011207	449	7215	6015	1780	13.3964365256125	DS60
WSETLV0011209	478	7695	5945	1422	12.4372384937239	DS60
WSETLV0011210	3244	73886	62491	11761	19.2635635018496	DS60
WSETLV0011212	983	25492	19623	3314	19.9623601220753	DS60
WSETLV0011213	914	13404	13120	4432	14.3544857768053	DS60
WSETLV0011214	652	10564	8437	2251	12.9401840490798	DS60
WSETLV0011215	882	15904	13148	3321	14.9070294784581	DS60
WSETLV0011216	785	16411	13065	3262	16.6433121019108	DS60
WSETLV0011218	2050	33913	33478	10861	16.3307317073171	DS60
WSETLV0011219	580	10259	8665	2110	14.9396551724138	DS60
WSETLV0011220	320	4434	3236	844	10.1125	DS60
WSETLV0011223	2335	57379	45908	10126	19.6608137044968	DS60
WSETLV0011224	1661	26255	24457	7151	14.7242624924744	DS60
WSETLV0011225	535	9071	7837	2000	14.6485981308411	DS60
WSETLV0011226	1403	22137	21949	5788	15.6443335709195	DS60
WSETLV0011227	717	10883	9795	3012	13.6610878661088	DS60
WSETLV0011229	849	16091	13803	3923	16.2579505300353	DS60
WSETLV0011230	570	8801	7334	2192	12.8666666666667	DS60
WSETLV0011232	2173	36394	36461	13131	16.7791072250345	DS60
WSETLV0011233	1361	17419	19152	6411	14.0720058780309	DS60
WSETLV0011234	1184	18257	17714	5429	14.9611486486487	DS60
WSETLV0011235	307	5221	3915	995	12.7524429967427	DS60
WSETLV0011237	910	14425	13370	3492	14.6923076923077	DS60
WSETLV0011238	543	9359	7590	2182	13.9779005524862	DS60
WSETLV0011240	1660	29751	25948	7500	15.6313253012048	DS60
WSETLV0011241	947	13373	13497	5099	14.2523759239704	DS60
WSETLV0011243	722	12014	10073	2657	13.9515235457064	DS60
WSETLV0011244	917	13469	12579	3806	13.7175572519084	DS60
WSETLV0011245	1972	36814	33579	9419	17.0278904665314	DS60
WSETLV0011247	939	22575	17859	3832	19.0191693290735	DS60
WSETLV0011249	1303	22889	22767	7767	17.472755180353	DS60
WSETLV0011250	1101	13907	16139	6587	14.6584922797457	DS60
WSETLV0011251	859	15646	14055	3878	16.3620488940629	DS60
WSETLV0011252	434	7706	5213	1143	12.0115207373272	DS60
WSETLV0011253	454	7972	5907	1161	13.011013215859	DS60
WSETLV0011255	801	13238	12243	3163	15.2846441947566	DS60
WSETLV0011256	4112	87061	79392	18854	19.307392996109	DS60
WSETLV0011257	1301	29764	24687	6289	18.9754035357417	DS60
WSETLV0011258	1726	31790	29337	8097	16.9971031286211	DS60
WSETLV0011259	468	9879	6985	1623	14.9252136752137	DS60
WSETLV0011260	1368	20106	19034	5588	13.9137426900585	DS60
WSETLV0011262	2358	56906	49566	9547	21.0203562340967	DS60
WSETLV0011264	769	14768	12554	3548	16.3250975292588	DS60
WSETLV0011265	2146	37377	35811	11005	16.6873252562908	DS60
WSETLV0011266	504	8104	5971	1498	11.8472222222222	DS60
WSETLV0011267	1125	19322	17530	4561	15.5822222222222	DS60
WSETLV0011269	2245	46455	40838	9641	18.1906458797327	DS60
WSETLV0011270	543	9656	7804	1954	14.3720073664825	DS60
WSETLV0011271	1157	21384	18539	5394	16.0233362143475	DS60
WSETLV0011272	2059	32047	31664	9604	15.3783389995143	DS60
WSETLV0011274	2050	33712	31777	9969	15.5009756097561	DS60
WSETLV0011276	2884	73094	57490	9285	19.9341192787795	DS60
WSETLV0011277	690	11908	9847	2754	14.2710144927536	DS60
WSETLV0011278	863	16959	13637	3466	15.8018539976825	DS60
WSETLV0011279	2831	61355	52364	11091	18.496644295302	DS60
WSETLV0011281	944	21678	16441	4011	17.416313559322	DS60
WSETLV0011282	598	12019	9842	2429	16.4581939799331	DS60
WSETLV0011283	1380	32306	25852	5528	18.7333333333333	DS60
WSETLV0011284	1636	32661	28295	7883	17.2952322738386	DS60
WSETLV0011285	559	11735	9739	2111	17.4221824686941	DS60
WSETLV0011286	825	14394	12783	3847	15.4945454545455	DS60
WSETLV0011290	1382	28058	25265	6747	18.281476121563	DS60
WSETLV0011291	4409	91665	85879	18016	19.4781129507825	DS60
WSETLV0011292	2017	47343	41549	9773	20.5994050570154	DS60
WSETLV0011294	312	4458	3065	1030	9.82371794871795	DS60
WSETLV0011295	2624	48065	40017	9824	15.250381097561	DS60
WSETLV0011297	1565	24542	23284	7238	14.8779552715655	DS60
WSETLV0011298	1714	25454	26136	8999	15.2485414235706	DS60
WSETLV0011299	660	9037	7661	1951	11.6075757575758	DS60
WSETLV0011300	713	11005	9361	2750	13.1290322580645	DS60
WSETLV0011302	596	9464	7913	2428	13.2768456375839	DS60
WSETLV0011303	1162	15599	17080	7088	14.6987951807229	DS60
WSETLV0011305	694	11053	8815	2244	12.7017291066282	DS60
WSETLV0011306	657	11745	8590	2546	13.0745814307458	DS60
WSETLV0011308	4491	109165	91123	19612	20.29013582721	DS60
WSETLV0011309	963	14327	14048	4374	14.5877466251298	DS60
WSETLV0011311	1052	25511	19457	4020	18.495247148289	DS60
WSETLV0011312	602	9512	8285	2319	13.7624584717608	DS60
WSETLV0011313	1893	41769	36724	9727	19.3998943475964	DS60
WSETLV0011314	1552	21736	23469	8555	15.1217783505155	DS60
WSETLV0011315	3090	63615	53725	11738	17.3867313915858	DS60
WSETLV0011316	1755	26798	26640	8864	15.1794871794872	DS60
WSETLV0011317	737	13384	10688	2672	14.5020352781547	DS60
WSETLV0011318	840	13976	12369	3712	14.725	DS60
WSETLV0011319	1417	25552	22866	5269	16.136908962597	DS60
WSETLV0011321	1536	24943	23727	7798	15.447265625	DS60
WSETLV0011322	2788	44643	44545	14599	15.9774031563845	DS60
WSETLV0011323	1780	37546	32112	6767	18.0404494382022	DS60
WSETLV0011325	1122	18989	16572	5043	14.7700534759358	DS60
WSETLV0011326	1854	40901	33938	6390	18.3052858683927	DS60
WSETLV0011327	2453	29718	30917	10651	12.6037505095801	DS60
WSETLV0011328	1857	24462	26587	9760	14.3171782444803	DS60
WSETLV0011329	4532	74139	77338	24396	17.0648720211827	DS60
WSETLV0011330	1393	33343	27385	7288	19.6590093323762	DS60
WSETLV0011331	3159	66800	60321	10853	19.0949667616334	DS60
WSETLV0011332	2381	43641	42217	12807	17.7307853842923	DS60
WSETLV0011333	2572	37999	41407	15094	16.0991446345257	DS60
WSETLV0011335	2064	35908	32882	9809	15.9312015503876	DS60
WSETLV0011336	988	14481	12543	3652	12.6953441295547	DS60
WSETLV0011337	3726	67898	63976	16699	17.1701556629093	DS60
WSETLV0011338	965	15443	13877	4173	14.380310880829	DS60
WSETLV0011339	986	16269	13788	3913	13.9837728194726	DS60
WSETLV0011340	1956	48201	39697	8566	20.2949897750511	DS60
WSETLV0011341	2286	32249	35012	12343	15.3158355205599	DS60
WSETLV0011342	1786	26264	27139	8497	15.1954087346025	DS60
WSETLV0011343	577	8557	8063	2592	13.9740034662045	DS60
WSETLV0011344	609	10931	8748	2483	14.3645320197044	DS60
WSETLV0011345	4209	92514	80900	17241	19.2207175100974	DS60
WSETLV0011346	2141	31650	32281	10706	15.077533862681	DS60
WSETLV0011347	969	16167	15270	5492	15.7585139318885	DS60
WSETLV0011348	840	14560	13337	3755	15.877380952381	DS60
WSETLV0011349	972	17233	15013	4189	15.4454732510288	DS60
WSETLV0011350	2724	48867	46058	11849	16.9082232011747	DS60
WSETLV0011352	887	13947	12171	3472	13.7215332581736	DS60
WSETLV0011353	1639	30922	27521	8650	16.7913361805979	DS60
WSETLV0011354	1368	19479	20664	7079	15.1052631578947	DS60
WSETLV0011355	1380	18896	16950	5016	12.2826086956522	DS60
WSETLV0011356	839	14557	11810	2832	14.0762812872467	DS60
WSETLV0011357	4258	106683	87940	17073	20.6528886801315	DS60
WSETLV0011358	2710	53557	49181	11423	18.1479704797048	DS60
WSETLV0011359	825	14252	12489	4001	15.1381818181818	DS60
WSETLV0011360	634	11391	9226	1991	14.5520504731861	DS60
WSETLV0011361	3679	52309	54713	16547	14.871704267464	DS60
WSETLV0011362	1613	30939	27018	5459	16.7501549907006	DS60
WSETLV0011363	1852	45136	36822	8381	19.8822894168467	DS60
WSETLV0011364	1605	19426	21428	8103	13.3507788161994	DS60
WSETLV0011365	1838	31937	29108	8767	15.8367791077258	DS60
WSETLV0011366	1912	31883	30994	8580	16.2102510460251	DS60
WSETLV0011367	1765	22072	21233	7158	12.0300283286119	DS60
WSETLV0011368	1127	20129	17508	5498	15.5350488021295	DS60
WSETLV0011370	3162	56873	54855	14981	17.3481973434535	DS60
WSETLV0011371	1339	22531	21132	6116	15.781926811053	DS60
WSETLV0011372	3895	74785	68694	15968	17.6364569961489	DS60
WSETLV0011377	992	20962	17153	4629	17.2913306451613	DS60
WSETLV0011380	786	17581	14324	3215	18.2239185750636	DS60
WSETLV0011381	1412	32229	26954	7879	19.0892351274788	DS60
WSETLV0011382	1610	26488	26457	8400	16.4329192546584	DS60
WSETLV0011384	737	12505	10113	1988	13.7218453188602	DS60
WSWLV0001008	2722	65567	54262	18537	19.9346069066863	DS60
WSWLV0001021	1884	35951	35852	13947	19.0297239915074	DS60
WSWLV0001023	389	8124	6385	2339	16.413881748072	DS60
WSWLV0001028	1089	22218	20727	7448	19.0330578512397	DS60
WSWLV0001029	2551	52454	55489	22818	21.7518620148961	DS60
WSWLV0001030	1150	23828	23834	9472	20.7252173913043	DS60
WSWLV0001032	273	4900	4693	1769	17.1904761904762	DS60
WSWLV0001037	1822	40119	38710	15242	21.2458836443469	DS60
WSWLV0001039	1411	31937	29839	10962	21.1474131821403	DS60
WSWLV0001052	277	3162	2023	691	7.30324909747292	DS60
WSWLV0001053	932	19126	17507	6032	18.7843347639485	DS60
WSWLV0001059	3322	84527	69302	24330	20.8615291992775	DS60
WSWLV0001060	4311	80114	87582	35465	20.3159359777314	DS60
WSWLV0001065	325	3835	3635	1484	11.1846153846154	DS60
WSWLV0001081	1211	24243	19874	6325	16.411230388109	DS60
WSWLV0001083	364	6932	4808	1768	13.2087912087912	DS60
WSWLV0001085	510	15021	9795	2630	19.2058823529412	DS60
WSWLV0001088	321	6979	6074	2225	18.9221183800623	DS60
WSWLV0001090	366	8432	6567	2228	17.9426229508197	DS60
WSWLV0001091	307	6602	5378	1970	17.5179153094463	DS60
WSWLV0001093	1470	35517	26893	8701	18.2945578231293	DS60
WSWLV0001094	613	13968	11305	4167	18.442088091354	DS60
WSWLV0001099	1487	35993	28409	9885	19.1049092131809	DS60
WSWLV0001103	260	4757	3447	1093	13.2576923076923	DS60
WSWLV0001106	1400	32297	29465	11048	21.0464285714286	DS60
WSWLV0001113	856	19816	16721	5957	19.5338785046729	DS60
WSWLV0001120	629	7456	6817	2522	10.8378378378378	DS60
WSWLV0001122	1000	23946	19737	6972	19.737	DS60
WSWLV0001125	1980	43430	42410	16482	21.4191919191919	DS60
WSWLV0001140	466	7686	7255	2573	15.568669527897	DS60
WSWLV0001141	782	16595	14805	5412	18.9322250639386	DS60
WSWLV0001143	3706	81065	71239	24832	19.222611980572	DS60
WSWLV0001155	1658	34820	29447	9991	17.7605548854041	DS60
WSWLV0001158	1489	32120	25443	8732	17.0873069173942	DS60
WSWLV0001161	444	9835	6457	2309	14.5427927927928	DS60
WSWLV0001171	2710	51113	52142	20622	19.2405904059041	DS60
WSWLV0001174	682	15061	10882	3177	15.9560117302053	DS60
WSWLV0001178	2646	67612	53965	18056	20.3949357520786	DS60
WSWLV0001179	1254	26461	24510	8969	19.5454545454545	DS60
WSWLV0001181	1745	38900	32355	10715	18.541547277937	DS60
WSWLV0001183	417	8490	6669	2363	15.9928057553957	DS60
WSWLV0001184	353	7491	6472	2447	18.3342776203966	DS60
WSWLV0001185	1413	32231	27720	9335	19.6178343949045	DS60
WSWLV0001188	665	18005	12983	4485	19.5233082706767	DS60
WSWLV0001192	330	8668	6379	2366	19.330303030303	DS60
WSWLV0001197	257	5224	4226	1578	16.443579766537	DS60
WSWLV0001200	944	15287	14127	5292	14.9650423728814	DS60
WSWLV0001211	362	8176	5785	1923	15.9806629834254	DS60
WSWLV0001218	326	6369	5080	1779	15.5828220858896	DS60
WSWLV0001230	294	5264	4503	1846	15.3163265306122	DS60
WSWLV0001232	568	8963	7342	2635	12.9260563380282	DS60
WSWLV0001233	459	10634	9630	3566	20.9803921568627	DS60
WSWLV0001246	3274	69327	62663	23193	19.1395846059866	DS60
WSWLV0001251	730	15339	14908	5703	20.4219178082192	DS60
WSWLV0001258	833	17595	16223	5896	19.4753901560624	DS60
WSWLV0001264	672	14924	12053	3947	17.9360119047619	DS60
WSWLV0001266	620	12141	10980	3883	17.7096774193548	DS60
WSWLV0001268	317	8311	6389	2495	20.1545741324921	DS60
WSWLV0001271	1150	25343	20542	6521	17.8626086956522	DS60
WSWLV0001272	727	13558	11440	4041	15.7359009628611	DS60
WSWLV0001274	455	9067	9035	3762	19.8571428571429	DS60
WSWLV0001275	2538	62028	50806	17609	20.0181245074862	DS60
WSWLV0001277	310	6315	5079	1848	16.3838709677419	DS60
WSWLV0001279	266	2480	1353	513	5.08646616541353	DS60
WSWLV0001286	4924	112037	94816	32608	19.2558895207149	DS60
WSWLV0001287	221	3771	2922	999	13.2217194570136	DS60
WSWLV0001288	366	7598	6305	2256	17.2267759562842	DS60
WSWLV0001290	3726	85720	85765	33727	23.0179817498658	DS60
WSWLV0001291	329	5107	4987	2031	15.1580547112462	DS60
WSWLV0001293	484	11721	7904	2174	16.3305785123967	DS60
WSWLV0001300	512	8367	6677	2366	13.041015625	DS60
WSWLV0001301	367	8336	6741	2560	18.3678474114441	DS60
WSWLV0001303	757	15264	14218	5474	18.782034346103	DS60
WSWLV0001309	1870	38805	39662	15821	21.2096256684492	DS60
WSWLV0001310	559	12604	9248	2818	16.5438282647585	DS60
WSWLV0001311	980	19510	20002	7887	20.4102040816327	DS60
WSWLV0001312	292	2997	2517	886	8.61986301369863	DS60
WSWLV0001318	421	9143	6509	2184	15.4608076009501	DS60
WSWLV0001319	495	7373	5769	1922	11.6545454545455	DS60
WSWLV0001320	297	3932	3331	1252	11.2154882154882	DS60
WSWLV0001322	323	6550	5529	1976	17.1176470588235	DS60
WSWLV0001325	777	17395	14105	4871	18.1531531531532	DS60
WSWLV0001327	600	11980	10128	3545	16.88	DS60
WSWLV0001330	2526	57979	57370	21879	22.7117973079968	DS60
WSWLV0001333	545	11956	9437	3294	17.3155963302752	DS60
WSWLV0001334	974	22018	22270	9068	22.864476386037	DS60
WSWLV0001335	987	21506	18943	6895	19.1925025329281	DS60
WSWLV0001336	261	2433	1843	617	7.06130268199234	DS60
WSWLV0001337	283	5413	3935	1355	13.904593639576	DS60
WSWLV0001340	615	15124	11131	3268	18.0991869918699	DS60
WSWLV0001342	969	18615	21891	9513	22.5913312693498	DS60
WSWLV0001350	320	7178	5258	1982	16.43125	DS60
WSWLV0001353	305	5532	4145	1574	13.5901639344262	DS60
WSWLV0001354	840	18019	13269	3670	15.7964285714286	DS60
WSWLV0001355	308	4516	3871	1458	12.5681818181818	DS60
WSWLV0001356	1714	37628	30695	10053	17.9084014002334	DS60
WSWLV0001359	1279	36557	24257	6399	18.965598123534	DS60
WSWLV0001361	1868	36458	34277	13158	18.3495717344754	DS60
WSWLV0001366	373	7077	6333	2237	16.9785522788204	DS60
WSWLV0001370	2098	43794	35750	11815	17.0400381315539	DS60
WSWLV0001373	1699	42950	37375	12406	21.9982342554444	DS60
WSWLV0001378	277	4762	4052	1554	14.6281588447653	DS60
WSWLV0002004	637	12945	11237	3742	17.6405023547881	DS60
WSWLV0002005	901	16739	16992	5907	18.8590455049945	DS60
WSWLV0002006	1152	26044	23366	7055	20.2829861111111	DS60
WSWLV0002008	485	9615	7119	1825	14.6783505154639	DS60
WSWLV0002009	967	17135	17463	6752	18.0589451913133	DS60
WSWLV0002011	4628	99918	91929	28648	19.8636560069144	DS60
WSWLV0002012	1260	22463	21586	6879	17.131746031746	DS60
WSWLV0002014	3020	96576	67910	14114	22.4867549668874	DS60
WSWLV0002015	1307	28804	25904	7804	19.8194338179036	DS60
WSWLV0002016	1540	28966	28993	9648	18.8266233766234	DS60
WSWLV0002018	2350	47796	52682	19056	22.4178723404255	DS60
WSWLV0002019	394	6799	6315	2440	16.0279187817259	DS60
WSWLV0002020	2053	44103	38236	9960	18.6244520214321	DS60
WSWLV0002024	1786	39925	37117	11352	20.7821948488242	DS60
WSWLV0002027	1479	31892	30013	9801	20.2927653820149	DS60
WSWLV0002028	1631	35406	31526	9063	19.3292458614347	DS60
WSWLV0002030	2393	48897	47340	15689	19.782699540326	DS60
WSWLV0002032	339	7439	4822	1374	14.2241887905605	DS60
WSWLV0002035	1091	21457	20688	7058	18.9624197983501	DS60
WSWLV0002036	1938	40688	38877	12509	20.0603715170279	DS60
WSWLV0002037	1635	49299	36291	9353	22.1963302752294	DS60
WSWLV0002039	714	14783	12094	3587	16.9383753501401	DS60
WSWLV0002040	1892	40144	38143	12017	20.1601479915433	DS60
WSWLV0002042	5094	114576	102533	27734	20.1281900274833	DS60
WSWLV0002044	411	7383	6385	2440	15.5352798053528	DS60
WSWLV0002045	2303	43796	46484	16348	20.1841076856274	DS60
WSWLV0002046	2433	49301	50400	16517	20.7151664611591	DS60
WSWLV0002047	1427	28918	27552	8708	19.3076384022425	DS60
WSWLV0002048	1988	50037	40450	10614	20.3470824949698	DS60
WSWLV0002051	748	15157	13657	4727	18.2580213903743	DS60
WSWLV0002053	2752	61007	55761	16771	20.2619912790698	DS60
WSWLV0002055	2374	50387	46992	14759	19.7944397641112	DS60
WSWLV0002056	2538	56985	52168	15823	20.5547675334909	DS60
WSWLV0002059	1310	25615	26576	10180	20.2870229007634	DS60
WSWLV0002065	2278	41399	45243	16474	19.8608428446005	DS60
WSWLV0002066	1369	38266	29257	7677	21.3710737764792	DS60
WSWLV0002067	3972	89287	79551	22011	20.0279456193354	DS60
WSWLV0002069	2553	53986	53136	16447	20.813160987074	DS60
WSWLV0002070	700	13040	12172	3642	17.3885714285714	DS60
WSWLV0002071	2420	52234	47559	13766	19.652479338843	DS60
WSWLV0002072	1731	32677	34236	11293	19.7781629116118	DS60
WSWLV0002074	954	19055	16362	4964	17.1509433962264	DS60
WSWLV0002075	1781	43081	39192	11628	22.0056148231331	DS60
WSWLV0002079	2738	57467	58455	20152	21.3495252008766	DS60
WSWLV0002080	469	8642	6475	2286	13.8059701492537	DS60
WSWLV0002081	567	12178	10140	2597	17.8835978835979	DS60
WSWLV0002083	4107	85257	83992	27908	20.4509374239104	DS60
WSWLV0002084	1305	25091	25982	9564	19.9095785440613	DS60
WSWLV0002085	3967	106752	92075	26548	23.2102344340812	DS60
WSWLV0002086	1678	34225	34382	11843	20.4898688915375	DS60
WSWLV0002087	1140	21296	19919	6011	17.4728070175439	DS60
WSWLV0002088	355	6876	5321	1916	14.9887323943662	DS60
WSWLV0002089	4082	87875	85244	27347	20.8829005389515	DS60
WSWLV0002090	2228	40719	41666	13688	18.7010771992819	DS60
WSWLV0002092	593	9862	9484	3896	15.9932546374368	DS60
WSWLV0002093	838	18087	16336	5418	19.4940334128878	DS60
WSWLV0002094	526	11217	7867	1921	14.9562737642586	DS60
WSWLV0002095	2395	54894	47976	13467	20.031732776618	DS60
WSWLV0002098	2891	64654	63234	21134	21.8727084053961	DS60
WSWLV0002099	2754	47892	55537	20579	20.1659404502542	DS60
WSWLV0002100	577	11325	10281	3169	17.8180242634315	DS60
WSWLV0002102	1037	23868	20301	6629	19.5766634522662	DS60
WSWLV0002103	1525	39664	31293	7620	20.52	DS60
WSWLV0002105	830	13370	13922	5183	16.7734939759036	DS60
WSWLV0002109	399	8484	5824	1435	14.5964912280702	DS60
WSWLV0002110	336	6308	6127	2301	18.235119047619	DS60
WSWLV0002111	1257	30127	25373	7820	20.1853619729515	DS60
WSWLV0002116	889	16040	15996	5541	17.9932508436445	DS60
WSWLV0002120	342	5880	4826	1609	14.1111111111111	DS60
WSWLV0002122	2783	57604	56178	19218	20.1861300754581	DS60
WSWLV0002123	725	12947	12551	4301	17.311724137931	DS60
WSWLV0002128	1325	29812	25808	7677	19.4777358490566	DS60
WSWLV0002130	2587	52091	58066	20542	22.4453034402783	DS60
WSWLV0002135	2700	57695	54260	17448	20.0962962962963	DS60
WSWLV0002136	3105	67226	60433	18361	19.4631239935588	DS60
WSWLV0002140	2848	64066	57580	17316	20.2176966292135	DS60
WSWLV0002142	2696	69531	57116	14066	21.1854599406528	DS60
WSWLV0002147	3134	75312	66705	19497	21.284301212508	DS60
WSWLV0002148	973	22216	19473	6663	20.0133607399794	DS60
WSWLV0002153	2843	48963	53725	19145	18.8972915933873	DS60
WSWLV0002154	2390	41084	47992	18573	20.0803347280335	DS60
WSWLV0002156	4483	100888	96105	30722	21.4376533571269	DS60
WSWLV0002158	702	12489	11528	4032	16.4216524216524	DS60
WSWLV0002160	1255	29657	26403	7776	21.0382470119522	DS60
WSWLV0002161	2690	67239	56239	17283	20.9066914498141	DS60
WSWLV0002166	1709	36704	34639	11787	20.2685781158572	DS60
WSWLV0002168	2400	51810	48311	15306	20.1295833333333	DS60
WSWLV0002169	1063	25398	22443	7630	21.1128880526811	DS60
WSWLV0002170	2919	80153	61800	12378	21.1716341212744	DS60
WSWLV0002171	3201	74034	61318	16029	19.1558887847548	DS60
WSWLV0002172	2124	71805	49674	8936	23.3870056497175	DS60
WSWLV0002173	854	17172	15939	5097	18.6639344262295	DS60
WSWLV0002174	1046	24198	22014	6954	21.0458891013384	DS60
WSWLV0002175	1372	41350	30672	7097	22.3556851311953	DS60
WSWLV0002176	1351	26245	24761	8516	18.3279052553664	DS60
WSWLV0002178	1489	29574	29625	10021	19.8959032907992	DS60
WSWLV0002179	1408	26108	26194	8166	18.6036931818182	DS60
WSWLV0002180	2305	56660	50290	14424	21.8177874186551	DS60
WSWLV0002182	1490	30851	28931	8872	19.4167785234899	DS60
WSWLV0002183	3909	80663	81517	27742	20.853671015605	DS60
WSWLV0002184	486	10834	8529	2359	17.5493827160494	DS60
WSWLV0002187	2104	50826	46333	14279	22.0213878326996	DS60
WSWLV0002189	1926	38441	38501	13774	19.9901349948079	DS60
WSWLV0002192	1547	39762	32643	9399	21.1008403361345	DS60
WSWLV0002193	2286	42824	47555	17430	20.8027121609799	DS60
WSWLV0002194	1074	24935	21724	5840	20.2271880819367	DS60
WSWLV0002195	506	13180	10214	2920	20.1857707509881	DS60
WSWLV0002201	2235	54106	46490	12886	20.8008948545861	DS60
WSWLV0002202	1496	26189	29352	11663	19.620320855615	DS60
WSWLV0002203	726	12076	13141	5145	18.1005509641873	DS60
WSWLV0002205	327	5999	4950	1779	15.1376146788991	DS60
WSWLV0002206	1632	31431	30441	10074	18.6525735294118	DS60
WSWLV0002207	1705	36934	33868	10680	19.8639296187683	DS60
WSWLV0002208	820	18960	17498	6030	21.3390243902439	DS60
WSWLV0002209	620	12110	11597	4005	18.7048387096774	DS60
WSWLV0002212	1140	26969	23187	6293	20.3394736842105	DS60
WSWLV0002218	1269	27724	26565	9305	20.9338061465721	DS60
WSWLV0002219	3697	84950	72849	19406	19.7048958615093	DS60
WSWLV0002220	1886	34685	34778	10619	18.440084835631	DS60
WSWLV0002223	2303	56867	50461	14925	21.9109856708641	DS60
WSWLV0002225	1019	22981	19026	4910	18.6712463199215	DS60
WSWLV0002227	2394	56723	49716	14957	20.7669172932331	DS60
WSWLV0002229	347	7144	4407	1022	12.700288184438	DS60
WSWLV0002231	3966	99621	78518	17272	19.7977811396873	DS60
WSWLV0002232	4229	117564	90238	21616	21.3379049420667	DS60
WSWLV0002233	918	16881	19216	7314	20.9324618736383	DS60
WSWLV0002235	1298	24958	24122	6868	18.5839753466872	DS60
WSWLV0002237	940	16896	17306	5920	18.4106382978723	DS60
WSWLV0002239	704	14406	12710	4937	18.0539772727273	DS60
WSWLV0002241	3284	71741	67878	20575	20.6693057247259	DS60
WSWLV0002244	5405	126257	116252	37127	21.5082331174838	DS60
WSWLV0002246	3214	86162	68676	19070	21.3677660236465	DS60
WSWLV0002248	1953	39269	38707	12384	19.8192524321557	DS60
WSWLV0002251	4840	154869	117845	30840	24.3481404958678	DS60
WSWLV0002252	2381	53441	48293	15339	20.2826543469131	DS60
WSWLV0002257	747	19704	16350	4768	21.8875502008032	DS60
WSWLV0002260	1798	34665	35680	12227	19.8442714126808	DS60
WSWLV0002262	2472	60445	51958	14038	21.0186084142395	DS60
WSWLV0002264	500	11250	8991	2386	17.982	DS60
WSWLV0002265	1527	30446	31187	10623	20.4237066142764	DS60
WSWLV0002266	683	13421	11461	3199	16.7803806734993	DS60
WSWLV0002270	545	9763	8277	1962	15.1871559633028	DS60
WSWLV0002275	2010	41249	38425	12602	19.1169154228856	DS60
WSWLV0002276	751	14838	13982	4515	18.6178428761651	DS60
WSWLV0002277	560	11239	9988	3039	17.8357142857143	DS60
WSWLV0002278	1295	27196	25219	7869	19.4741312741313	DS60
WSWLV0002279	2099	49257	44340	12959	21.1243449261553	DS60
WSWLV0002281	1346	33687	27225	8165	20.2265973254086	DS60
WSWLV0002283	2175	50119	46420	14165	21.3425287356322	DS60
WSWLV0002284	1235	28415	25124	7690	20.3433198380567	DS60
WSWLV0002285	579	13174	11089	3651	19.1519861830743	DS60
WSWLV0002286	2897	70009	60640	17337	20.9319986192613	DS60
WSWLV0002287	2170	62046	52011	14386	23.968202764977	DS60
WSWLV0002288	1839	34869	34916	11658	18.9864056552474	DS60
WSWLV0002290	2821	56517	62631	22418	22.2017015242822	DS60
WSWLV0002291	1939	35126	37713	12686	19.4497163486333	DS60
WSWLV0002292	827	17117	16025	5336	19.3772672309553	DS60
WSWLV0002294	409	7027	6637	2479	16.2273838630807	DS60
WSWLV0002296	748	13862	13645	5226	18.2419786096257	DS60
WSWLV0002297	2553	48195	52747	18460	20.6607912260086	DS60
WSWLV0002298	2666	47060	55716	22124	20.8987246811703	DS60
WSWLV0002299	618	9850	9837	4039	15.9174757281553	DS60
WSWLV0002303	799	15800	15788	5853	19.7596996245307	DS60
WSWLV0002304	351	5962	5123	1833	14.5954415954416	DS60
WSWLV0002305	2224	44789	43444	14815	19.5341726618705	DS60
WSWLV0002306	599	11759	10234	3681	17.085141903172	DS60
WSWLV0002309	679	13238	13002	4662	19.1487481590574	DS60
WSWLV0002313	1000	27746	20438	5696	20.438	DS60
WSWLV0002314	2377	49410	49569	17012	20.8535969709718	DS60
WSWLV0002317	1426	33152	29374	8666	20.5988779803647	DS60
WSWLV0002318	1132	22281	22351	8151	19.7446996466431	DS60
WSWLV0002319	1552	23395	26983	10045	17.3859536082474	DS60
WSWLV0002320	685	11908	12807	5590	18.6963503649635	DS60
WSWLV0002322	3876	89179	82056	25335	21.1702786377709	DS60
WSWLV0002323	1674	33322	31218	10979	18.6487455197133	DS60
WSWLV0002325	519	10599	7938	2674	15.2947976878613	DS60
WSWLV0002326	2821	56169	57777	19326	20.4810350939383	DS60
WSWLV0002327	1957	33562	32681	11211	16.699540112417	DS60
WSWLV0002328	5175	107084	109580	37102	21.1748792270531	DS60
WSWLV0002330	1295	36652	28953	7754	22.357528957529	DS60
WSWLV0002332	2001	50974	42191	11662	21.0849575212394	DS60
WSWLV0002334	2282	46819	45300	14259	19.8510078878177	DS60
WSWLV0002335	3353	70852	66582	20770	19.8574410975246	DS60
WSWLV0002337	718	13494	14168	5623	19.7325905292479	DS60
WSWLV0002339	508	12828	8041	2094	15.8287401574803	DS60
WSWLV0002346	2883	59884	59639	18990	20.6864377384669	DS60
WSWLV0002348	2784	51146	54328	19262	19.514367816092	DS60
WSWLV0002350	1007	20837	20120	7048	19.9801390268123	DS60
WSWLV0002351	1333	27376	26479	9290	19.8642160540135	DS60
WSWLV0002352	2694	58941	57209	19920	21.235708982925	DS60
WSWLV0002353	2845	77973	64190	16151	22.5623901581722	DS60
WSWLV0002354	607	13887	10845	3213	17.8665568369028	DS60
WSWLV0002356	1043	22136	20004	6025	19.1792905081496	DS60
WSWLV0002360	825	15116	14626	5206	17.7284848484848	DS60
WSWLV0002361	912	18317	15809	5303	17.3344298245614	DS60
WSWLV0002362	5854	132862	124655	39355	21.293987017424	DS60
WSWLV0002363	1536	40966	33449	9260	21.7766927083333	DS60
WSWLV0002364	1248	25152	22054	6784	17.6714743589744	DS60
WSWLV0002365	2015	49618	46532	15932	23.0928039702233	DS60
WSWLV0002366	2749	55738	52693	15769	19.1680611131321	DS60
WSWLV0002368	1613	36723	35686	12224	22.1239925604464	DS60
WSWLV0002369	1282	24183	22976	7829	17.9219968798752	DS60
WSWLV0002371	468	8032	5320	1692	11.3675213675214	DS60
WSWLV0002372	7766	202318	164446	39102	21.1751223280968	DS60
WSWLV0002373	3779	84569	84013	28375	22.2315427361736	DS60
WSWLV0002374	669	11292	10268	4105	15.3482810164425	DS60
WSWLV0002375	845	20026	16436	4697	19.4508875739645	DS60
WSWLV0002376	6033	137702	131357	42726	21.7730813857119	DS60
WSWLV0002378	8770	218474	199672	61415	22.7676168757127	DS60
WSWLV0002379	6777	176181	154183	46329	22.750922236978	DS60
WSWLV0002380	1133	25542	24215	8308	21.3724624889673	DS60
WSWLV0002381	2634	66790	59669	18122	22.6533788914199	DS60
WSWLV0002382	617	12347	10076	3287	16.3306320907618	DS60
WSWLV0002383	3044	64946	64939	22246	21.3334428383706	DS60
WSWLV0002384	1107	20261	17240	5244	15.5736224028907	DS60
WSWLV0003001	1099	18958	17573	5906	15.9899909008189	DS60
WSWLV0003002	2622	45489	46108	16245	17.5850495804729	DS60
WSWLV0003003	1588	34194	29025	6268	18.2777078085642	DS60
WSWLV0003005	619	9561	9703	3588	15.6752827140549	DS60
WSWLV0003007	2647	50881	47183	14763	17.8250850018889	DS60
WSWLV0003009	821	13123	12558	4375	15.2959805115713	DS60
WSWLV0003011	616	9069	8442	2669	13.7045454545455	DS60
WSWLV0003012	2361	49176	42633	12519	18.0571791613723	DS60
WSWLV0003013	1842	32989	30668	9789	16.6492942453855	DS60
WSWLV0003017	299	5110	3735	1039	12.4916387959866	DS60
WSWLV0003018	3565	69145	65030	19690	18.2412342215989	DS60
WSWLV0003020	1091	13512	14853	6112	13.6141154903758	DS60
WSWLV0003021	1440	24183	23004	7147	15.975	DS60
WSWLV0003024	855	13370	13503	5020	15.7929824561404	DS60
WSWLV0003027	2064	32021	34577	12410	16.7524224806202	DS60
WSWLV0003028	737	11918	11616	4136	15.7611940298507	DS60
WSWLV0003031	2195	34665	37413	13695	17.0446469248292	DS60
WSWLV0003032	2367	58545	47630	13965	20.1225179552176	DS60
WSWLV0003033	1428	25919	25369	9292	17.765406162465	DS60
WSWLV0003034	2196	47504	39900	10037	18.1693989071038	DS60
WSWLV0003035	1944	39625	34575	10138	17.7854938271605	DS60
WSWLV0003036	364	5430	4516	1617	12.4065934065934	DS60
WSWLV0003037	1916	39577	35305	10915	18.4264091858038	DS60
WSWLV0003039	1748	29087	28521	9310	16.3163615560641	DS60
WSWLV0003040	1398	21726	22158	7741	15.8497854077253	DS60
WSWLV0003042	530	8235	7000	1932	13.2075471698113	DS60
WSWLV0003043	3649	103245	77365	16281	21.2016990956426	DS60
WSWLV0003045	1513	29237	25935	7724	17.1414408460013	DS60
WSWLV0003049	785	11590	10785	4212	13.7388535031847	DS60
WSWLV0003050	470	8168	6453	2270	13.7297872340426	DS60
WSWLV0003052	787	15948	12689	4014	16.1232528589581	DS60
WSWLV0003053	778	13776	12987	4426	16.6928020565553	DS60
WSWLV0003054	1277	30439	24425	6518	19.1268598277212	DS60
WSWLV0003056	1521	23791	23114	8101	15.1965811965812	DS60
WSWLV0003057	3270	71777	62112	16763	18.994495412844	DS60
WSWLV0003058	3051	57436	52301	15157	17.1422484431334	DS60
WSWLV0003059	840	20134	14526	2767	17.2928571428571	DS60
WSWLV0003060	2542	42811	42471	14206	16.7077104642014	DS60
WSWLV0003061	1540	23147	24904	9015	16.1714285714286	DS60
WSWLV0003062	1044	19766	17583	5711	16.8419540229885	DS60
WSWLV0003063	3221	61699	56814	18428	17.6386215461037	DS60
WSWLV0003065	2465	34991	40077	14780	16.2584178498986	DS60
WSWLV0003066	4660	89267	84162	27278	18.0605150214592	DS60
WSWLV0003070	3617	68404	64579	19905	17.8542991429361	DS60
WSWLV0003072	2264	40525	40549	14110	17.9103356890459	DS60
WSWLV0003073	1048	18103	17504	6232	16.7022900763359	DS60
WSWLV0003074	901	16688	14711	4352	16.3274139844617	DS60
WSWLV0003075	2655	60524	51041	11226	19.2244821092279	DS60
WSWLV0003077	4821	104285	91051	26398	18.8863306367973	DS60
WSWLV0003079	1132	32637	24781	6057	21.8913427561838	DS60
WSWLV0003080	2387	50022	44019	10546	18.4411395056556	DS60
WSWLV0003081	2841	65412	56872	12923	20.0183034142907	DS60
WSWLV0003082	1458	24550	24839	8866	17.0363511659808	DS60
WSWLV0003084	1721	26474	24954	8404	14.4997094712377	DS60
WSWLV0003086	1974	44857	38607	10812	19.5577507598784	DS60
WSWLV0003087	1373	22688	21918	7397	15.9635833940277	DS60
WSWLV0003089	3087	53637	53012	15457	17.1726595400065	DS60
WSWLV0003090	2437	41108	40226	12370	16.5063602790316	DS60
WSWLV0003091	894	17270	14885	4180	16.6498881431767	DS60
WSWLV0003093	4131	82590	78782	26068	19.0709271362866	DS60
WSWLV0003094	1344	25738	22587	7379	16.8058035714286	DS60
WSWLV0003097	1959	33104	33546	11040	17.1240428790199	DS60
WSWLV0003099	872	14075	14342	5034	16.447247706422	DS60
WSWLV0003101	678	5298	6229	2643	9.18731563421829	DS60
WSWLV0003103	1103	19226	18294	5762	16.5856754306437	DS60
WSWLV0003104	2235	53413	43919	10455	19.6505592841163	DS60
WSWLV0003105	342	5115	4186	1468	12.2397660818713	DS60
WSWLV0003106	1871	38619	34820	10912	18.6103687867451	DS60
WSWLV0003107	525	7756	7788	2892	14.8342857142857	DS60
WSWLV0003109	3403	72253	64498	19358	18.953276520717	DS60
WSWLV0003111	331	5552	4473	1304	13.5135951661631	DS60
WSWLV0003112	349	4766	4183	1336	11.9856733524355	DS60
WSWLV0003114	1155	18009	17319	5493	14.9948051948052	DS60
WSWLV0003116	3217	66260	59889	18383	18.616412806963	DS60
WSWLV0003119	912	16720	14635	4521	16.047149122807	DS60
WSWLV0003121	2628	45039	43499	13540	16.5521308980213	DS60
WSWLV0003123	1738	28502	28450	9615	16.3693901035673	DS60
WSWLV0003126	1171	26202	21309	5453	18.197267292912	DS60
WSWLV0003127	2629	52378	47674	14088	18.1338912133891	DS60
WSWLV0003129	5197	110790	100181	28348	19.2766980950548	DS60
WSWLV0003130	1606	29592	28999	9922	18.0566625155666	DS60
WSWLV0003132	1612	31060	29264	8773	18.1538461538462	DS60
WSWLV0003134	472	8350	6909	1830	14.6377118644068	DS60
WSWLV0003136	1325	21907	21738	7628	16.4060377358491	DS60
WSWLV0003138	2102	38398	36312	11384	17.2749762131304	DS60
WSWLV0003140	860	13172	13268	4552	15.4279069767442	DS60
WSWLV0003142	1675	28827	28679	8843	17.1217910447761	DS60
WSWLV0003143	3874	68826	68119	23962	17.5836344863191	DS60
WSWLV0003144	2008	44919	37538	10124	18.6942231075697	DS60
WSWLV0003145	1398	24024	25614	8572	18.3218884120172	DS60
WSWLV0003146	1596	23631	24316	8456	15.2355889724311	DS60
WSWLV0003147	1885	44175	37220	10380	19.7453580901857	DS60
WSWLV0003150	2378	47823	42730	12136	17.9688814129521	DS60
WSWLV0003153	2836	51012	48495	14864	17.0997884344147	DS60
WSWLV0003156	1062	19597	17619	6110	16.590395480226	DS60
WSWLV0003158	931	15853	14384	4933	15.4500537056928	DS60
WSWLV0003159	2422	45857	42036	13477	17.3559042113955	DS60
WSWLV0003163	1092	16664	17385	6064	15.9203296703297	DS60
WSWLV0003164	2912	55351	52376	16771	17.9862637362637	DS60
WSWLV0003166	1900	40206	35138	10509	18.4936842105263	DS60
WSWLV0003167	1259	30263	24461	7326	19.4289118347895	DS60
WSWLV0003168	2082	48047	39633	10460	19.036023054755	DS60
WSWLV0003170	2660	43141	45868	16206	17.2436090225564	DS60
WSWLV0003171	895	12311	12380	4444	13.8324022346369	DS60
WSWLV0003172	1669	30580	28677	9188	17.1821449970042	DS60
WSWLV0003174	888	21264	15875	4079	17.8772522522523	DS60
WSWLV0003175	1501	29128	25757	7685	17.1598934043971	DS60
WSWLV0003176	1527	28854	25602	7681	16.7662082514735	DS60
WSWLV0003177	1849	35113	33164	11030	17.9361817198486	DS60
WSWLV0003178	1639	38645	31250	9562	19.0665039658328	DS60
WSWLV0003180	885	14135	15032	5731	16.9853107344633	DS60
WSWLV0003183	3755	77678	69444	20412	18.493741677763	DS60
WSWLV0003184	559	10160	8700	2734	15.5635062611807	DS60
WSWLV0003185	730	12742	11501	3506	15.7547945205479	DS60
WSWLV0003187	1550	27038	26744	9420	17.2541935483871	DS60
WSWLV0003190	749	9633	8621	2680	11.5100133511348	DS60
WSWLV0003193	739	11080	11485	4395	15.5412719891746	DS60
WSWLV0003194	4074	102113	82709	17980	20.3016691212568	DS60
WSWLV0003195	2617	66930	55963	14116	21.3844096293466	DS60
WSWLV0003196	2951	60308	55548	17899	18.8234496780752	DS60
WSWLV0003197	2264	39019	41212	14931	18.2031802120141	DS60
WSWLV0003198	1359	25774	23466	7759	17.2671081677704	DS60
WSWLV0003200	4590	92034	81232	22701	17.6976034858388	DS60
WSWLV0003205	2188	39430	36531	12933	16.6960694698355	DS60
WSWLV0003209	936	15394	14330	4516	15.3098290598291	DS60
WSWLV0003211	2159	59506	44314	10447	20.5252431681334	DS60
WSWLV0003212	1566	29053	27841	8602	17.7784163473819	DS60
WSWLV0003216	4917	126218	100326	27702	20.4039048200122	DS60
WSWLV0003219	1281	22746	21522	6849	16.8009367681499	DS60
WSWLV0003220	1369	18586	18750	7080	13.6961285609934	DS60
WSWLV0003221	1053	21787	18481	4521	17.5508072174739	DS60
WSWLV0003224	782	14443	13310	4637	17.0204603580563	DS60
WSWLV0003225	1628	41780	32370	7940	19.8832923832924	DS60
WSWLV0003227	1074	17754	16614	5604	15.4692737430168	DS60
WSWLV0003233	1551	28540	26841	8540	17.3056092843327	DS60
WSWLV0003235	2296	39362	37857	11886	16.4882404181185	DS60
WSWLV0003236	1880	36011	32573	10247	17.3260638297872	DS60
WSWLV0003239	1161	19407	18848	6357	16.2342807924203	DS60
WSWLV0003242	1902	37422	33485	11406	17.6051524710831	DS60
WSWLV0003243	2251	40674	36409	12722	16.1745890715238	DS60
WSWLV0003245	772	14271	13189	4383	17.0841968911917	DS60
WSWLV0003246	657	11613	10645	3364	16.2024353120244	DS60
WSWLV0003247	385	6920	6198	2166	16.0987012987013	DS60
WSWLV0003248	1551	24463	24511	8570	15.8033526756931	DS60
WSWLV0003249	576	13319	9906	2470	17.1979166666667	DS60
WSWLV0003250	1060	19074	18905	6821	17.8349056603774	DS60
WSWLV0003251	705	15910	12291	3300	17.4340425531915	DS60
WSWLV0003253	2823	48732	47908	16008	16.9705986539143	DS60
WSWLV0003255	2501	48292	45226	15419	18.0831667333067	DS60
WSWLV0003256	495	8313	7094	2501	14.3313131313131	DS60
WSWLV0003261	2024	37521	33727	11506	16.6635375494071	DS60
WSWLV0003262	2826	63600	52786	13503	18.6786978060863	DS60
WSWLV0003265	865	13480	12895	4410	14.9075144508671	DS60
WSWLV0003268	2574	49137	44181	13317	17.1643356643357	DS60
WSWLV0003270	4361	95570	82335	23449	18.8798440724604	DS60
WSWLV0003271	2518	57454	47844	13259	19.0007942811755	DS60
WSWLV0003272	1625	28687	25486	7158	15.6836923076923	DS60
WSWLV0003273	2098	35619	34413	11010	16.4027645376549	DS60
WSWLV0003274	1645	27352	27993	9281	17.0170212765957	DS60
WSWLV0003275	1855	49106	35730	8540	19.2614555256065	DS60
WSWLV0003276	1171	20510	20269	6907	17.3091374893254	DS60
WSWLV0003278	557	12099	9437	2148	16.9425493716338	DS60
WSWLV0003279	1762	38959	32879	8923	18.6600454029512	DS60
WSWLV0003281	1400	24306	23353	7520	16.6807142857143	DS60
WSWLV0003283	855	12639	12139	3972	14.1976608187135	DS60
WSWLV0003285	1805	38756	33948	10773	18.807756232687	DS60
WSWLV0003286	1622	27483	25867	8077	15.9475955610358	DS60
WSWLV0003287	1050	18864	17961	5837	17.1057142857143	DS60
WSWLV0003288	1184	22408	20481	7392	17.2981418918919	DS60
WSWLV0003290	2007	36449	37606	13382	18.7374190333832	DS60
WSWLV0003293	1109	20209	19040	6481	17.1686203787196	DS60
WSWLV0003294	2107	55654	43257	9815	20.5301376364499	DS60
WSWLV0003297	961	14330	15033	5570	15.6430801248699	DS60
WSWLV0003300	846	19227	13968	3457	16.5106382978723	DS60
WSWLV0003302	2535	44571	45776	15598	18.0575936883629	DS60
WSWLV0003303	2130	33972	35049	12371	16.4549295774648	DS60
WSWLV0003304	5129	102698	92646	27245	18.0631702086177	DS60
WSWLV0003305	6199	134680	115211	32542	18.5854170027424	DS60
WSWLV0003306	721	11829	10603	3723	14.7059639389736	DS60
WSWLV0003307	1785	34300	31422	9147	17.6033613445378	DS60
WSWLV0003308	2053	32433	34335	11917	16.7243058938139	DS60
WSWLV0003309	1215	19630	19718	6540	16.2288065843621	DS60
WSWLV0003310	2881	51343	52292	18026	18.1506421381465	DS60
WSWLV0003311	856	15466	13586	5138	15.8714953271028	DS60
WSWLV0003312	612	11019	9424	3261	15.3986928104575	DS60
WSWLV0003313	1156	17550	18373	6201	15.893598615917	DS60
WSWLV0003315	1145	20623	19418	7090	16.9589519650655	DS60
WSWLV0003316	2918	57931	52333	16229	17.9345442083619	DS60
WSWLV0003317	1893	35313	33506	11414	17.6999471737982	DS60
WSWLV0003318	592	9470	8783	2769	14.8361486486486	DS60
WSWLV0003321	1432	25004	23783	8415	16.6082402234637	DS60
WSWLV0003322	2277	38669	38112	13450	16.737812911726	DS60
WSWLV0003323	4529	74417	76554	25255	16.9030691101788	DS60
WSWLV0003326	1871	31414	30321	10650	16.2057723142704	DS60
WSWLV0003328	1219	21254	18602	6053	15.2600492206727	DS60
WSWLV0003329	702	10925	9971	3608	14.2037037037037	DS60
WSWLV0003330	1092	22665	19247	5871	17.6254578754579	DS60
WSWLV0003332	3206	54309	55610	18694	17.345601996257	DS60
WSWLV0003333	2324	41195	40502	13731	17.4277108433735	DS60
WSWLV0003334	2798	52666	51364	18077	18.3573981415297	DS60
WSWLV0003335	3143	60258	56207	17795	17.8832325803373	DS60
WSWLV0003337	1991	29484	33262	12096	16.7061778001005	DS60
WSWLV0003338	1396	27570	25187	7755	18.0422636103152	DS60
WSWLV0003341	562	11147	9392	3116	16.711743772242	DS60
WSWLV0003342	442	8925	6858	1573	15.5158371040724	DS60
WSWLV0003343	1532	31724	27067	8615	17.6677545691906	DS60
WSWLV0003344	3819	88466	72405	18855	18.9591516103692	DS60
WSWLV0003347	800	12224	11825	3871	14.78125	DS60
WSWLV0003348	2001	28733	31454	11619	15.7191404297851	DS60
WSWLV0003349	797	16216	13546	4308	16.9962358845671	DS60
WSWLV0003352	1058	16975	16438	5763	15.5368620037807	DS60
WSWLV0003353	961	17501	15798	5444	16.4391259105099	DS60
WSWLV0003354	1690	25479	26140	9153	15.4674556213018	DS60
WSWLV0003355	425	5557	4323	1181	10.1717647058824	DS60
WSWLV0003356	1126	23508	20447	6710	18.1589698046181	DS60
WSWLV0003360	1981	43216	38163	10236	19.2645128722867	DS60
WSWLV0003363	2284	66271	49782	13379	21.7959719789842	DS60
WSWLV0003364	3370	61369	57547	17649	17.0762611275964	DS60
WSWLV0003365	3933	88489	74732	23790	19.0012712941775	DS60
WSWLV0003366	1072	18380	17615	6219	16.4319029850746	DS60
WSWLV0003368	1258	22982	20430	6385	16.2400635930048	DS60
WSWLV0003369	1844	30222	31347	11582	16.9994577006508	DS60
WSWLV0003370	868	13619	12699	4110	14.6301843317972	DS60
WSWLV0003372	1479	30149	26423	7848	17.8654496281271	DS60
WSWLV0003373	680	11104	10591	4159	15.575	DS60
WSWLV0003375	2866	54531	50658	15448	17.675505931612	DS60
WSWLV0003376	1183	25662	21029	6485	17.7759932375317	DS60
WSWLV0003377	1574	24430	26461	8669	16.8113087674714	DS60
WSWLV0003378	1091	18080	16630	5560	15.2428964252979	DS60
WSWLV0003379	3971	67144	70246	24365	17.6897506925208	DS60
WSWLV0003381	1099	18505	18146	5968	16.5113739763421	DS60
WSWLV0003383	2564	49213	44548	15311	17.3744149765991	DS60
WSWLV0003384	557	8048	6318	1624	11.342908438061	DS60
WSWLV0004001	944	18918	16351	5690	17.3209745762712	DS60
WSWLV0004002	600	11094	5957	1690	9.92833333333333	DS60
WSWLV0004003	1234	21541	21023	7676	17.0364667747164	DS60
WSWLV0004005	2152	37385	32025	10271	14.8815055762082	DS60
WSWLV0004006	1894	41840	34589	7973	18.2624076029567	DS60
WSWLV0004007	2914	61645	57372	19098	19.6884008236102	DS60
WSWLV0004008	7334	109935	86054	21872	11.733569675484	DS60
WSWLV0004009	803	11537	3512	1013	4.37359900373599	DS60
WSWLV0004011	1824	37749	28207	8907	15.4643640350877	DS60
WSWLV0004013	2284	54632	45700	15189	20.0087565674256	DS60
WSWLV0004014	1174	27135	25379	7960	21.6175468483816	DS60
WSWLV0004015	911	22302	14639	3721	16.0691547749726	DS60
WSWLV0004016	665	16487	12791	3497	19.2345864661654	DS60
WSWLV0004018	1590	38127	30730	10427	19.3270440251572	DS60
WSWLV0004019	1405	34153	27912	8309	19.8661921708185	DS60
WSWLV0004020	656	12086	8987	2836	13.6996951219512	DS60
WSWLV0004022	3021	82402	71039	21666	23.5150612380007	DS60
WSWLV0004023	2103	33828	33560	11421	15.9581550166429	DS60
WSWLV0004024	1990	38372	31843	9784	16.0015075376884	DS60
WSWLV0004025	1614	36432	34191	11894	21.1840148698885	DS60
WSWLV0004027	675	12514	10107	3624	14.9733333333333	DS60
WSWLV0004028	855	17474	15792	5887	18.4701754385965	DS60
WSWLV0004030	2880	59339	62171	22018	21.5871527777778	DS60
WSWLV0004031	1305	39265	25719	4956	19.7080459770115	DS60
WSWLV0004032	3264	71973	71462	24362	21.8939950980392	DS60
WSWLV0004033	394	6331	1165	246	2.95685279187817	DS60
WSWLV0004034	453	9409	5088	1683	11.2317880794702	DS60
WSWLV0004035	1168	23042	20336	7368	17.4109589041096	DS60
WSWLV0004036	584	11899	6883	1818	11.7859589041096	DS60
WSWLV0004037	3176	63147	43163	13030	13.5903652392947	DS60
WSWLV0004038	1777	27779	18160	4929	10.2194710185706	DS60
WSWLV0004039	3080	55647	42014	12465	13.6409090909091	DS60
WSWLV0004040	1273	19237	13094	4596	10.2859387274156	DS60
WSWLV0004041	2589	56218	40746	9824	15.7381228273465	DS60
WSWLV0004042	1209	27414	21203	7189	17.5376344086022	DS60
WSWLV0004043	2259	42291	46076	16452	20.3966356795042	DS60
WSWLV0004044	1957	43966	40446	12177	20.6673479816045	DS60
WSWLV0004045	7177	150526	138109	45087	19.2432771352933	DS60
WSWLV0004046	3530	71627	72539	25147	20.5492917847026	DS60
WSWLV0004047	2529	41625	30155	8223	11.9236852510874	DS60
WSWLV0004049	1709	32683	32450	12752	18.9877121123464	DS60
WSWLV0004050	1019	17635	7736	2202	7.59175662414132	DS60
WSWLV0004052	1369	27152	27469	10405	20.0650109569029	DS60
WSWLV0004053	3854	85240	82516	25343	21.4104826154645	DS60
WSWLV0004054	1527	29340	23201	8052	15.1938441388343	DS60
WSWLV0004055	2641	59065	37749	9492	14.2934494509655	DS60
WSWLV0004056	1908	34915	27720	8895	14.5283018867925	DS60
WSWLV0004058	1829	37363	29499	8831	16.1284855112083	DS60
WSWLV0004059	554	11119	5760	1831	10.3971119133574	DS60
WSWLV0004060	1105	20616	14033	4843	12.6995475113122	DS60
WSWLV0004061	760	15408	12815	4815	16.8618421052632	DS60
WSWLV0004062	4861	130355	114095	30588	23.471507920181	DS60
WSWLV0004063	2615	44788	30259	7409	11.5713193116635	DS60
WSWLV0004064	2510	66536	55194	15682	21.989641434263	DS60
WSWLV0004065	3009	58180	61934	22486	20.5829179129279	DS60
WSWLV0004067	1598	33289	30671	9926	19.1933667083855	DS60
WSWLV0004068	1540	38375	31105	8002	20.198051948052	DS60
WSWLV0004069	804	18945	12532	2064	15.5870646766169	DS60
WSWLV0004070	687	15486	12447	3699	18.117903930131	DS60
WSWLV0004071	2528	56498	41808	12250	16.5379746835443	DS60
WSWLV0004072	4912	125730	115761	35743	23.5669788273616	DS60
WSWLV0004075	3855	93683	87255	27210	22.6342412451362	DS60
WSWLV0004076	1396	26614	26250	9232	18.8037249283668	DS60
WSWLV0004077	1996	46633	39114	12629	19.5961923847695	DS60
WSWLV0004078	2234	41725	27304	6143	12.2220232766338	DS60
WSWLV0004079	3170	67658	71947	24491	22.696214511041	DS60
WSWLV0004081	2029	53528	43640	10121	21.5081320847708	DS60
WSWLV0004082	509	10553	6330	1953	12.4361493123772	DS60
WSWLV0004084	791	22688	11760	2756	14.8672566371681	DS60
WSWLV0004085	829	20743	14945	5487	18.0277442702051	DS60
WSWLV0004087	4133	88562	89197	30398	21.5816598112751	DS60
WSWLV0004088	1270	26190	19951	5584	15.7094488188976	DS60
WSWLV0004089	586	10559	7817	2729	13.339590443686	DS60
WSWLV0004090	1603	31050	32002	11440	19.9638178415471	DS60
WSWLV0004093	3540	101041	80934	21456	22.8627118644068	DS60
WSWLV0004094	1238	26951	23865	8248	19.2770597738288	DS60
WSWLV0004095	4248	110892	101535	30994	23.9018361581921	DS60
WSWLV0004097	978	18998	14174	4290	14.4928425357873	DS60
WSWLV0004098	1539	27296	21050	6890	13.6777128005198	DS60
WSWLV0004099	1587	34844	30674	9885	19.3282923755514	DS60
WSWLV0004100	1954	48299	42610	11711	21.8065506653019	DS60
WSWLV0004101	1112	14523	9103	2731	8.18615107913669	DS60
WSWLV0004102	3683	67706	57857	15882	15.7092044528917	DS60
WSWLV0004104	2579	42560	34463	9841	13.3629313687476	DS60
WSWLV0004105	593	12041	7848	2224	13.2344013490725	DS60
WSWLV0004107	4725	112391	105119	31234	22.2474074074074	DS60
WSWLV0004108	2150	49680	46626	13428	21.686511627907	DS60
WSWLV0004110	2221	37607	28615	7766	12.8838361098604	DS60
WSWLV0004111	2528	49151	37296	11186	14.753164556962	DS60
WSWLV0004112	3405	72589	53133	12213	15.6044052863436	DS60
WSWLV0004113	2265	42849	37184	12463	16.4167770419426	DS60
WSWLV0004114	945	15859	7651	2143	8.0962962962963	DS60
WSWLV0004115	2569	56087	47861	14479	18.6302063059556	DS60
WSWLV0004117	893	21923	16163	4940	18.0996640537514	DS60
WSWLV0004118	2193	53739	46958	15865	21.4126766985864	DS60
WSWLV0004119	777	18827	14319	4248	18.4285714285714	DS60
WSWLV0004121	3401	69171	61826	21489	18.1787709497207	DS60
WSWLV0004122	807	17678	13758	4038	17.0483271375465	DS60
WSWLV0004123	1373	26139	26645	9665	19.4064093226511	DS60
WSWLV0004124	1214	27682	23716	7867	19.5354200988468	DS60
WSWLV0004125	1325	35204	29769	10262	22.4671698113208	DS60
WSWLV0004126	812	15423	14579	5141	17.9544334975369	DS60
WSWLV0004127	2360	49846	38308	9766	16.2322033898305	DS60
WSWLV0004128	2982	54586	39279	10447	13.172032193159	DS60
WSWLV0004129	824	19163	14022	3590	17.0169902912621	DS60
WSWLV0004130	3570	79166	77220	25624	21.6302521008403	DS60
WSWLV0004132	1858	41041	34740	10870	18.697524219591	DS60
WSWLV0004134	940	18187	12513	3035	13.3117021276596	DS60
WSWLV0004136	1815	29920	21874	6703	12.0517906336088	DS60
WSWLV0004137	656	14603	9736	2973	14.8414634146341	DS60
WSWLV0004138	1955	53187	43546	9733	22.274168797954	DS60
WSWLV0004139	3676	96542	86216	26923	23.4537540805223	DS60
WSWLV0004140	1837	37356	39753	13171	21.6401741970604	DS60
WSWLV0004142	2170	38210	28608	7896	13.1834101382488	DS60
WSWLV0004143	1223	21755	13748	3640	11.2412101390025	DS60
WSWLV0004144	2966	42197	35249	10393	11.8843560350641	DS60
WSWLV0004145	553	11295	9224	3364	16.6799276672694	DS60
WSWLV0004148	1799	45871	37168	7829	20.6603668704836	DS60
WSWLV0004150	1720	30320	24719	6406	14.371511627907	DS60
WSWLV0004153	1638	37126	33697	11034	20.5720390720391	DS60
WSWLV0004154	2372	59293	52690	12585	22.2133220910624	DS60
WSWLV0004155	993	21125	19596	7332	19.7341389728097	DS60
WSWLV0004160	1176	25509	17519	3803	14.8971088435374	DS60
WSWLV0004162	1131	21101	19927	6933	17.6189213085765	DS60
WSWLV0004163	2533	62624	55380	17594	21.8634030793526	DS60
WSWLV0004166	3184	75299	59289	16118	18.6209170854271	DS60
WSWLV0004167	3811	101890	88724	27246	23.281028601417	DS60
WSWLV0004169	1677	37275	30787	8451	18.3583780560525	DS60
WSWLV0004170	1980	42862	41521	13356	20.970202020202	DS60
WSWLV0004172	1537	27231	31458	13268	20.4671437865973	DS60
WSWLV0004173	3027	64747	53943	16585	17.8206144697721	DS60
WSWLV0004174	793	15070	12104	3096	15.2635561160151	DS60
WSWLV0004177	2465	57360	51611	16079	20.9375253549696	DS60
WSWLV0004178	2116	58688	46556	13090	22.0018903591682	DS60
WSWLV0004180	787	16316	14523	5707	18.4536213468869	DS60
WSWLV0004181	1686	33079	35526	13422	21.0711743772242	DS60
WSWLV0004182	1407	34020	32032	10843	22.7661691542289	DS60
WSWLV0004183	1493	30804	29201	9248	19.5586068318821	DS60
WSWLV0004186	2510	40058	27735	8493	11.0498007968127	DS60
WSWLV0004188	1750	32192	24347	7504	13.9125714285714	DS60
WSWLV0004189	2566	67454	56123	14742	21.8717848791894	DS60
WSWLV0004190	3703	94535	75464	19777	20.3791520388874	DS60
WSWLV0004191	1344	27205	24532	8503	18.2529761904762	DS60
WSWLV0004192	6306	165497	147210	43542	23.3444338725024	DS60
WSWLV0004193	538	8817	4952	1776	9.20446096654275	DS60
WSWLV0004194	4376	122591	101933	26172	23.293647166362	DS60
WSWLV0004195	2837	65795	61673	19375	21.7388086006345	DS60
WSWLV0004196	660	12977	11012	3872	16.6848484848485	DS60
WSWLV0004197	940	14595	8638	2204	9.18936170212766	DS60
WSWLV0004198	4257	101144	77216	17240	18.1385952548743	DS60
WSWLV0004199	1417	33549	30019	9590	21.1848976711362	DS60
WSWLV0004200	2101	44332	42156	12496	20.0647310804379	DS60
WSWLV0004201	1854	44843	39579	10199	21.3478964401295	DS60
WSWLV0004202	1386	30408	27152	8102	19.5901875901876	DS60
WSWLV0004205	2280	45952	38723	12400	16.9837719298246	DS60
WSWLV0004206	4573	91149	81575	24760	17.8383993002405	DS60
WSWLV0004207	2974	49161	39907	12445	13.4186281102892	DS60
WSWLV0004208	547	11133	9408	2834	17.199268738574	DS60
WSWLV0004209	6632	179072	150818	39176	22.7409529553679	DS60
WSWLV0004210	946	21811	17551	5045	18.5528541226216	DS60
WSWLV0004211	1081	22049	17576	6199	16.259019426457	DS60
WSWLV0004212	2137	55121	47770	13892	22.3537669630323	DS60
WSWLV0004213	2043	38325	27615	7936	13.5168869309838	DS60
WSWLV0004215	844	20769	18241	6113	21.6125592417062	DS60
WSWLV0004216	2413	47909	35208	9671	14.5909656029838	DS60
WSWLV0004217	811	17279	13157	4978	16.2231812577065	DS60
WSWLV0004221	2637	46380	38806	12166	14.7159651118696	DS60
WSWLV0004222	1882	40198	39333	14000	20.8995749202976	DS60
WSWLV0004223	2907	50187	44364	14917	15.2610939112487	DS60
WSWLV0004224	1917	47711	41905	12554	21.8596765779864	DS60
WSWLV0004227	2816	61322	60384	21161	21.4431818181818	DS60
WSWLV0004230	966	24465	18026	4563	18.6604554865424	DS60
WSWLV0004231	1956	46633	42793	12858	21.8778118609407	DS60
WSWLV0004232	1734	33719	35723	13212	20.6014994232987	DS60
WSWLV0004233	4076	83598	88638	31613	21.7463199214917	DS60
WSWLV0004235	1202	19575	13946	4832	11.6023294509151	DS60
WSWLV0004236	2713	62472	44830	12173	16.5241430151124	DS60
WSWLV0004237	4023	86809	88341	28626	21.9589858314691	DS60
WSWLV0004238	4964	132841	103033	29643	20.7560435132957	DS60
WSWLV0004239	477	10533	6638	2136	13.916142557652	DS60
WSWLV0004240	1480	29074	26626	7729	17.9905405405405	DS60
WSWLV0004241	1961	45785	42050	13206	21.443141254462	DS60
WSWLV0004242	2092	45737	46000	16651	21.9885277246654	DS60
WSWLV0004243	1042	19748	19896	7432	19.0940499040307	DS60
WSWLV0004246	1532	33921	23621	6341	15.418407310705	DS60
WSWLV0004247	1970	64203	46992	9255	23.853807106599	DS60
WSWLV0004248	1147	23241	22041	8412	19.2162162162162	DS60
WSWLV0004249	1555	31448	21386	5164	13.7530546623794	DS60
WSWLV0004250	3016	79614	70516	21836	23.3806366047745	DS60
WSWLV0004251	4566	124001	106552	26621	23.3359614542269	DS60
WSWLV0004252	1073	20444	14561	4617	13.5703634669152	DS60
WSWLV0004253	1415	30538	29881	10262	21.1173144876325	DS60
WSWLV0004255	1461	28972	28665	9630	19.6201232032854	DS60
WSWLV0004256	636	12106	9102	3253	14.311320754717	DS60
WSWLV0004257	1184	30325	23286	7085	19.6672297297297	DS60
WSWLV0004258	957	20329	17682	4991	18.4764890282132	DS60
WSWLV0004260	886	15131	13733	4689	15.5	DS60
WSWLV0004261	2235	43055	44864	15149	20.0733780760626	DS60
WSWLV0004262	2473	50514	52499	18323	21.2288718156086	DS60
WSWLV0004264	4629	114386	108638	35002	23.4689997839706	DS60
WSWLV0004266	352	7063	5006	1428	14.2215909090909	DS60
WSWLV0004268	1336	28711	27838	10652	20.8368263473054	DS60
WSWLV0004269	1277	28462	24733	8768	19.3680501174628	DS60
WSWLV0004270	1385	27377	18032	4291	13.0194945848375	DS60
WSWLV0004272	1221	22754	20418	6137	16.7223587223587	DS60
WSWLV0004273	2175	61473	48378	13295	22.2427586206897	DS60
WSWLV0004275	2286	48360	45059	14399	19.7108486439195	DS60
WSWLV0004276	1985	45149	42458	14084	21.3894206549118	DS60
WSWLV0004277	2295	55016	51461	15566	22.4230936819172	DS60
WSWLV0004279	2125	52091	46419	14438	21.8442352941176	DS60
WSWLV0004281	1383	29027	26404	9215	19.0918293564714	DS60
WSWLV0004282	866	20057	15798	4547	18.2424942263279	DS60
WSWLV0004284	5436	155561	126522	35100	23.2748344370861	DS60
WSWLV0004285	954	21615	18486	6373	19.377358490566	DS60
WSWLV0004286	3839	69770	48349	14151	12.5941651471737	DS60
WSWLV0004287	457	8435	7927	3031	17.3457330415755	DS60
WSWLV0004288	1392	36070	29179	8313	20.9619252873563	DS60
WSWLV0004290	1760	34247	26421	8602	15.0119318181818	DS60
WSWLV0004292	3940	87419	81619	27419	20.7154822335025	DS60
WSWLV0004293	946	18134	11410	3631	12.061310782241	DS60
WSWLV0004295	1071	18597	15998	4942	14.937441643324	DS60
WSWLV0004296	2558	40510	35325	10784	13.8096168881939	DS60
WSWLV0004297	1139	19489	11426	4019	10.0316066725198	DS60
WSWLV0004298	1132	22277	19123	5707	16.893109540636	DS60
WSWLV0004299	970	19609	17361	6213	17.8979381443299	DS60
WSWLV0004300	2940	70015	59308	17327	20.1727891156463	DS60
WSWLV0004301	2540	51273	55188	20074	21.7275590551181	DS60
WSWLV0004303	4633	104579	86878	25056	18.7519965465141	DS60
WSWLV0004304	6489	154185	143611	47705	22.1314532285406	DS60
WSWLV0004305	4757	103635	93216	27740	19.595543409712	DS60
WSWLV0004306	3095	66927	65460	23279	21.1502423263328	DS60
WSWLV0004307	539	14657	9136	2429	16.9499072356215	DS60
WSWLV0004308	1217	24503	24906	9413	20.4650780608053	DS60
WSWLV0004310	2719	51768	42186	13597	15.5152629643251	DS60
WSWLV0004311	1849	42405	40156	13675	21.7176852352623	DS60
WSWLV0004312	1938	40931	35133	10826	18.1284829721362	DS60
WSWLV0004313	4082	123292	96230	21989	23.5742283194513	DS60
WSWLV0004314	1839	39839	37776	14483	20.5415986949429	DS60
WSWLV0004315	3720	79561	86056	32527	23.1333333333333	DS60
WSWLV0004317	1114	23303	14899	4544	13.3743267504488	DS60
WSWLV0004318	396	8991	5635	1471	14.229797979798	DS60
WSWLV0004320	2222	36120	28243	8676	12.7106210621062	DS60
WSWLV0004321	3828	87763	80196	27002	20.9498432601881	DS60
WSWLV0004322	2378	70454	55791	14053	23.4613120269134	DS60
WSWLV0004324	2082	43809	41948	14209	20.147934678194	DS60
WSWLV0004325	2264	38370	30074	8854	13.2835689045936	DS60
WSWLV0004326	2228	57583	51027	15336	22.9026032315978	DS60
WSWLV0004328	1918	41856	39785	13307	20.7429614181439	DS60
WSWLV0004329	3201	67282	63937	22020	19.9740706029366	DS60
WSWLV0004330	1404	32499	27908	9675	19.8774928774929	DS60
WSWLV0004332	1896	47387	40264	11122	21.2362869198312	DS60
WSWLV0004333	2743	58233	60152	20494	21.9292745169522	DS60
WSWLV0004335	1197	25146	20721	6922	17.3107769423559	DS60
WSWLV0004336	539	10796	5490	1150	10.1855287569573	DS60
WSWLV0004337	1877	34290	26509	8411	14.1230687266915	DS60
WSWLV0004338	1418	29407	27210	8760	19.1889985895628	DS60
WSWLV0004339	1259	28147	23681	8077	18.8093725178713	DS60
WSWLV0004340	2991	79622	65324	17308	21.8401872283517	DS60
WSWLV0004341	724	22132	14088	3296	19.4585635359116	DS60
WSWLV0004343	1786	33280	21771	5879	12.1898096304591	DS60
WSWLV0004344	6957	157953	132697	39373	19.0738824205836	DS60
WSWLV0004345	2899	58003	58520	20092	20.1862711279752	DS60
WSWLV0004347	1890	37226	28708	7941	15.189417989418	DS60
WSWLV0004348	854	18414	15360	4579	17.9859484777518	DS60
WSWLV0004349	2094	42857	36405	11387	17.3853868194842	DS60
WSWLV0004350	3757	84484	84805	27445	22.5725312749534	DS60
WSWLV0004351	3315	59186	55791	17555	16.8298642533937	DS60
WSWLV0004352	5146	99010	73489	20845	14.2808006218422	DS60
WSWLV0004353	1464	35306	27518	7498	18.7964480874317	DS60
WSWLV0004354	2390	49855	47477	14514	19.8648535564854	DS60
WSWLV0004355	1698	28341	25745	8727	15.1619552414605	DS60
WSWLV0004357	1685	42578	36993	12549	21.9543026706232	DS60
WSWLV0004358	3756	94594	88580	29738	23.5835995740149	DS60
WSWLV0004360	1570	26714	30714	11629	19.5630573248408	DS60
WSWLV0004361	1685	28812	20831	6076	12.3626112759644	DS60
WSWLV0004362	1734	35495	34549	9956	19.9244521337947	DS60
WSWLV0004363	3804	95449	79327	22488	20.8535751840168	DS60
WSWLV0004364	2015	34934	26894	8802	13.3468982630273	DS60
WSWLV0004366	3874	61844	46185	12653	11.9217862674239	DS60
WSWLV0004367	859	23519	15879	3674	18.4854481955763	DS60
WSWLV0004368	1570	34417	33009	10378	21.0248407643312	DS60
WSWLV0004369	774	17451	11620	3529	15.0129198966408	DS60
WSWLV0004370	2912	72438	63433	19838	21.7833104395604	DS60
WSWLV0004371	5018	120570	117586	38333	23.4328417696293	DS60
WSWLV0004372	3644	87974	85104	27734	23.3545554335895	DS60
WSWLV0004373	3555	90013	83089	27163	23.3724331926864	DS60
WSWLV0004374	5464	120005	125030	44960	22.8825036603221	DS60
WSWLV0004375	1342	30366	28812	9623	21.4694485842027	DS60
WSWLV0004376	1413	31568	29299	11007	20.7353149327672	DS60
WSWLV0004377	2798	54117	56868	18832	20.3245175125089	DS60
WSWLV0004379	3508	94447	82180	23430	23.4264538198404	DS60
WSWLV0004380	848	15780	13501	4679	15.9209905660377	DS60
WSWLV0004381	2121	45526	46987	17179	22.1532296086752	DS60
WSWLV0004382	1071	23747	21713	6981	20.2735760971055	DS60
WSWLV0004383	1724	41067	35910	10445	20.8294663573086	DS60
WSWLV0004384	2292	41159	41586	15078	18.1439790575916	DS60
WSWLV0005001	1484	24973	23340	6372	15.7277628032345	DS60
WSWLV0005002	1496	26514	25551	9022	17.0795454545455	DS60
WSWLV0005003	815	13255	12466	4039	15.2957055214724	DS60
WSWLV0005005	552	11813	8857	2387	16.0452898550725	DS60
WSWLV0005006	1767	29979	28844	9833	16.3237125070741	DS60
WSWLV0005008	2021	47590	39313	10706	19.4522513607125	DS60
WSWLV0005012	989	16436	16592	5715	16.7765419615774	DS60
WSWLV0005013	2825	46642	46794	16828	16.5642477876106	DS60
WSWLV0005014	2009	39043	35531	12198	17.6859133897461	DS60
WSWLV0005015	982	16838	16292	5965	16.5906313645621	DS60
WSWLV0005016	1520	25406	24441	8699	16.0796052631579	DS60
WSWLV0005018	1997	48239	37358	9061	18.7070605908863	DS60
WSWLV0005019	2065	35764	35152	12010	17.0227602905569	DS60
WSWLV0005022	2042	36341	33879	11544	16.5910871694417	DS60
WSWLV0005023	1042	18644	17969	6265	17.2447216890595	DS60
WSWLV0005026	2563	47601	46031	15198	17.9598127194694	DS60
WSWLV0005029	1800	26013	29422	10266	16.3455555555556	DS60
WSWLV0005031	3468	79963	64476	16730	18.5916955017301	DS60
WSWLV0005032	2572	45924	46305	16428	18.003499222395	DS60
WSWLV0005036	2251	44521	41074	12391	18.247001332741	DS60
WSWLV0005037	2488	56694	48561	15999	19.5180868167203	DS60
WSWLV0005039	2706	43411	46255	16399	17.0934959349594	DS60
WSWLV0005040	2718	42097	47585	17962	17.5073583517292	DS60
WSWLV0005043	841	15432	14431	4963	17.1593341260404	DS60
WSWLV0005044	2521	42098	42207	15156	16.7421658072194	DS60
WSWLV0005045	1458	20757	21278	7559	14.5939643347051	DS60
WSWLV0005050	1326	26659	22591	7183	17.0369532428356	DS60
WSWLV0005051	834	13624	14083	4759	16.8860911270983	DS60
WSWLV0005052	1601	31799	28048	8689	17.5190505933791	DS60
WSWLV0005053	1047	18708	17851	6246	17.0496657115568	DS60
WSWLV0005056	2746	52924	48822	15298	17.7793153678077	DS60
WSWLV0005057	3461	63557	62053	21366	17.9292112106328	DS60
WSWLV0005058	955	14761	13609	4596	14.2502617801047	DS60
WSWLV0005060	2083	37101	35676	11855	17.1272203552568	DS60
WSWLV0005063	2867	66077	51339	11952	17.9068712940356	DS60
WSWLV0005064	2935	49775	48755	16458	16.6115843270869	DS60
WSWLV0005066	1769	31837	31608	10462	17.8677218767665	DS60
WSWLV0005068	2029	30389	33173	12011	16.3494332183342	DS60
WSWLV0005073	735	13535	12093	4220	16.4530612244898	DS60
WSWLV0005074	2461	43042	42643	14743	17.3275091426249	DS60
WSWLV0005075	1857	36757	33354	10909	17.9612277867528	DS60
WSWLV0005076	596	9013	9389	3687	15.753355704698	DS60
WSWLV0005078	1146	21125	19170	6542	16.7277486910995	DS60
WSWLV0005079	2829	49329	49843	17571	17.6185931424532	DS60
WSWLV0005081	3861	67067	66243	15506	17.1569541569542	DS60
WSWLV0005082	1416	28844	26856	8792	18.9661016949153	DS60
WSWLV0005083	909	15791	14777	5125	16.2563256325633	DS60
WSWLV0005084	889	13536	13677	5533	15.384701912261	DS60
WSWLV0005085	1061	18964	18110	6397	17.0688030160226	DS60
WSWLV0005088	1875	36229	32595	11062	17.384	DS60
WSWLV0005090	1690	27381	27374	9295	16.1976331360947	DS60
WSWLV0005091	2198	41266	39389	12333	17.9203821656051	DS60
WSWLV0005092	2379	35175	38486	13780	16.177385456074	DS60
WSWLV0005093	1021	19464	18118	5668	17.745347698335	DS60
WSWLV0005094	2965	55627	49931	14188	16.8401349072513	DS60
WSWLV0005095	798	15224	13476	4348	16.8872180451128	DS60
WSWLV0005096	2380	44244	42547	14328	17.8768907563025	DS60
WSWLV0005097	791	12245	12880	4796	16.283185840708	DS60
WSWLV0005098	453	6656	7133	2659	15.7461368653422	DS60
WSWLV0005100	393	6415	5733	1650	14.587786259542	DS60
WSWLV0005101	1150	12535	13075	4867	11.3695652173913	DS60
WSWLV0005103	1763	33578	31453	10999	17.8406125921724	DS60
WSWLV0005104	2318	42410	41434	13492	17.8748921484038	DS60
WSWLV0005105	452	6980	6427	2097	14.2190265486726	DS60
WSWLV0005107	1467	26904	25561	8061	17.4239945466939	DS60
WSWLV0005109	842	16379	14765	4851	17.5356294536817	DS60
WSWLV0005110	634	14491	11548	2726	18.2145110410095	DS60
WSWLV0005111	449	9436	7535	2363	16.7817371937639	DS60
WSWLV0005112	2846	57497	52145	16314	18.3222066057625	DS60
WSWLV0005113	1787	27499	30422	11205	17.0240626748741	DS60
WSWLV0005116	2101	34652	36566	12592	17.40409328891	DS60
WSWLV0005117	1949	25764	32500	12937	16.6752180605439	DS60
WSWLV0005121	3039	46073	48714	17581	16.0296150049358	DS60
WSWLV0005123	858	13466	12790	4450	14.9067599067599	DS60
WSWLV0005124	2020	36274	34906	12084	17.280198019802	DS60
WSWLV0005125	1446	23400	24205	8533	16.7392807745505	DS60
WSWLV0005127	1137	21161	20547	7024	18.0712401055409	DS60
WSWLV0005128	1373	27529	24568	7743	17.8936635105608	DS60
WSWLV0005129	977	13804	14486	4963	14.8270214943705	DS60
WSWLV0005130	1772	33071	32407	10382	18.288374717833	DS60
WSWLV0005132	935	14143	14520	5144	15.5294117647059	DS60
WSWLV0005133	1339	22321	22648	8539	16.9141150112024	DS60
WSWLV0005134	2705	58910	49085	13376	18.1460258780037	DS60
WSWLV0005135	3176	58897	55864	17607	17.5894206549118	DS60
WSWLV0005136	1471	30642	26343	7472	17.9082256968049	DS60
WSWLV0005138	3975	78744	73963	23003	18.6070440251572	DS60
WSWLV0005139	1868	29702	32124	11301	17.1970021413276	DS60
WSWLV0005140	988	20072	17461	5567	17.6730769230769	DS60
WSWLV0005141	1620	25274	27347	10416	16.8808641975309	DS60
WSWLV0005142	391	6981	6440	2243	16.4705882352941	DS60
WSWLV0005143	1485	27337	25810	9006	17.3804713804714	DS60
WSWLV0005144	4505	107157	81643	20767	18.1227524972253	DS60
WSWLV0005145	1299	25300	23634	6853	18.1939953810624	DS60
WSWLV0005146	1133	20700	18294	5499	16.1465136804943	DS60
WSWLV0005150	2351	47709	42303	13215	17.9936197362824	DS60
WSWLV0005152	1702	32140	30861	10622	18.1321974148061	DS60
WSWLV0005153	2367	36071	37326	12473	15.7693282636248	DS60
WSWLV0005158	1717	31055	27142	7859	15.8078043098428	DS60
WSWLV0005160	1019	18611	17169	5999	16.8488714425908	DS60
WSWLV0005162	495	8599	7619	2337	15.3919191919192	DS60
WSWLV0005163	4052	70926	72080	24692	17.7887462981244	DS60
WSWLV0005165	3103	67158	55965	15409	18.0357718337093	DS60
WSWLV0005166	706	11638	10831	3623	15.3413597733711	DS60
WSWLV0005167	2826	59277	52417	15285	18.5481245576787	DS60
WSWLV0005170	1747	34467	30594	9957	17.5123068116772	DS60
WSWLV0005172	2324	40020	41116	15226	17.6919104991394	DS60
WSWLV0005176	869	18350	15352	4627	17.6662830840046	DS60
WSWLV0005177	278	4734	3713	1166	13.3561151079137	DS60
WSWLV0005178	488	7953	7011	2391	14.3668032786885	DS60
WSWLV0005181	618	9412	8852	3216	14.3236245954693	DS60
WSWLV0005182	1808	33971	33193	11147	18.3589601769912	DS60
WSWLV0005184	379	7254	5413	1616	14.2823218997361	DS60
WSWLV0005186	1585	26624	26424	9637	16.6712933753943	DS60
WSWLV0005187	493	9633	7688	2689	15.5943204868154	DS60
WSWLV0005189	3980	81902	72176	20936	18.1346733668342	DS60
WSWLV0005190	1287	16893	18451	6992	14.3364413364413	DS60
WSWLV0005191	2335	38311	36907	11733	15.8059957173448	DS60
WSWLV0005194	4694	99289	91253	29684	19.44034938219	DS60
WSWLV0005196	550	10697	9531	3275	17.3290909090909	DS60
WSWLV0005197	1548	26129	27905	10763	18.0264857881137	DS60
WSWLV0005198	341	6161	5276	1903	15.4721407624633	DS60
WSWLV0005199	4258	113359	89233	24945	20.9565523720056	DS60
WSWLV0005200	1986	38556	32952	9146	16.5921450151057	DS60
WSWLV0005204	2984	55165	53289	17489	17.8582439678284	DS60
WSWLV0005205	823	12283	12794	4440	15.5455650060753	DS60
WSWLV0005206	454	7758	6676	2075	14.704845814978	DS60
WSWLV0005209	1127	17666	17296	6208	15.3469387755102	DS60
WSWLV0005210	627	10194	9198	3323	14.6698564593301	DS60
WSWLV0005212	2548	45233	44830	14861	17.594191522763	DS60
WSWLV0005213	3899	76631	71441	24034	18.3229033085407	DS60
WSWLV0005214	2153	38823	37186	11903	17.2717138875987	DS60
WSWLV0005215	1123	22444	20369	6492	18.1380231522707	DS60
WSWLV0005216	1511	29419	27980	9066	18.5175380542687	DS60
WSWLV0005217	2810	44555	46153	16860	16.4245551601424	DS60
WSWLV0005219	352	7637	5247	1422	14.90625	DS60
WSWLV0005220	2399	31029	35299	13336	14.7140475197999	DS60
WSWLV0005222	383	6903	5298	1472	13.8328981723238	DS60
WSWLV0005224	4520	102205	83588	24582	18.4929203539823	DS60
WSWLV0005225	2882	64537	53206	14560	18.4614850798057	DS60
WSWLV0005226	3353	61565	56819	16912	16.9457202505219	DS60
WSWLV0005229	1113	18908	19003	7106	17.07367475292	DS60
WSWLV0005230	1636	26200	26576	9547	16.2444987775061	DS60
WSWLV0005231	1839	32586	32698	11206	17.7803153887983	DS60
WSWLV0005232	1571	32799	28771	8638	18.3138128580522	DS60
WSWLV0005233	2333	33890	38698	13665	16.5872267466781	DS60
WSWLV0005234	620	11845	10303	3182	16.6177419354839	DS60
WSWLV0005235	1223	18810	20115	7120	16.4472608340147	DS60
WSWLV0005236	2350	51020	42082	9717	17.9072340425532	DS60
WSWLV0005238	3259	60419	59132	20843	18.1442160171832	DS60
WSWLV0005239	2940	55984	52973	17097	18.0180272108844	DS60
WSWLV0005240	2395	46530	39391	11357	16.4471816283925	DS60
WSWLV0005241	960	16795	16448	5966	17.1333333333333	DS60
WSWLV0005242	1824	35893	31799	8750	17.4336622807018	DS60
WSWLV0005244	4688	88078	87247	29689	18.6107081911263	DS60
WSWLV0005246	2098	33526	35980	13410	17.1496663489037	DS60
WSWLV0005247	1806	39204	35091	11332	19.4302325581395	DS60
WSWLV0005249	985	18969	17971	6146	18.2446700507614	DS60
WSWLV0005250	1305	27800	24204	7489	18.5471264367816	DS60
WSWLV0005252	543	8284	8261	2950	15.2136279926335	DS60
WSWLV0005253	1477	26158	25799	9480	17.467163168585	DS60
WSWLV0005256	3682	76187	65818	18077	17.8756110809343	DS60
WSWLV0005260	659	11836	10029	2993	15.2185128983308	DS60
WSWLV0005261	1842	34398	31646	9596	17.1802388707926	DS60
WSWLV0005262	1100	21788	19105	5936	17.3681818181818	DS60
WSWLV0005263	1074	20804	19310	6623	17.9795158286778	DS60
WSWLV0005264	2116	61911	42440	8572	20.0567107750473	DS60
WSWLV0005265	807	14423	14372	4587	17.8091697645601	DS60
WSWLV0005267	1272	22962	20959	6793	16.4772012578616	DS60
WSWLV0005268	1241	19165	18821	6740	15.1659951651894	DS60
WSWLV0005270	3147	65210	55026	16138	17.4852240228789	DS60
WSWLV0005271	2450	55164	46387	14397	18.9334693877551	DS60
WSWLV0005272	1024	21700	17063	4596	16.6630859375	DS60
WSWLV0005277	1256	20576	20134	6812	16.0302547770701	DS60
WSWLV0005278	2093	39672	37233	11947	17.7892976588629	DS60
WSWLV0005281	1939	35937	33957	11895	17.5126353790614	DS60
WSWLV0005282	4439	102649	85201	24003	19.1937373282271	DS60
WSWLV0005284	1880	33033	31094	10608	16.5393617021277	DS60
WSWLV0005285	2620	53172	47944	15531	18.2992366412214	DS60
WSWLV0005287	607	11820	10053	3151	16.5617792421746	DS60
WSWLV0005288	1562	39740	29157	6800	18.6664532650448	DS60
WSWLV0005290	864	15719	13808	3890	15.9814814814815	DS60
WSWLV0005291	3332	57417	56198	16919	16.8661464585834	DS60
WSWLV0005293	2725	44796	46552	16726	17.0833027522936	DS60
WSWLV0005295	553	9925	7041	2631	12.7323688969259	DS60
WSWLV0005296	483	7631	7270	2638	15.0517598343685	DS60
WSWLV0005297	2139	31960	36691	13761	17.153342683497	DS60
WSWLV0005298	799	13066	11772	4239	14.7334167709637	DS60
WSWLV0005299	3618	64782	61965	19055	17.1268656716418	DS60
WSWLV0005301	3807	81110	73360	22742	19.2697662201208	DS60
WSWLV0005302	2469	58240	46594	13409	18.8716079384366	DS60
WSWLV0005303	1799	34742	31596	10539	17.5630906058922	DS60
WSWLV0005305	2035	37906	35270	10891	17.3316953316953	DS60
WSWLV0005306	1489	27029	26162	10098	17.5701813297515	DS60
WSWLV0005307	2861	48308	50031	17071	17.487242222999	DS60
WSWLV0005311	2260	46757	40483	12225	17.9128318584071	DS60
WSWLV0005312	5057	102389	90940	27675	17.9829938698833	DS60
WSWLV0005313	511	11813	8563	2053	16.7573385518591	DS60
WSWLV0005314	3412	73075	67416	22132	19.7584994138335	DS60
WSWLV0005315	1988	36812	36728	13092	18.4748490945674	DS60
WSWLV0005316	3598	63029	62919	21670	17.4872151195108	DS60
WSWLV0005319	2189	37347	33259	8938	15.1936957514847	DS60
WSWLV0005320	1410	24026	23712	8272	16.8170212765957	DS60
WSWLV0005321	3416	58428	59708	21038	17.4789227166276	DS60
WSWLV0005323	2761	47755	45763	15535	16.5747917421224	DS60
WSWLV0005327	1724	27767	24966	8819	14.4814385150812	DS60
WSWLV0005328	3291	67414	59077	18750	17.9510786994834	DS60
WSWLV0005330	2339	45304	42589	14342	18.2082086361693	DS60
WSWLV0005331	1323	21692	22791	8336	17.2267573696145	DS60
WSWLV0005332	1334	21400	21223	5281	15.9092953523238	DS60
WSWLV0005333	2121	30642	35168	13038	16.5808580858086	DS60
WSWLV0005335	1348	25228	21830	7050	16.1943620178042	DS60
WSWLV0005336	2919	49324	43987	14597	15.069201781432	DS60
WSWLV0005338	2755	53868	50268	14985	18.2460980036298	DS60
WSWLV0005339	725	11482	10108	3628	13.9420689655172	DS60
WSWLV0005340	1052	21982	18757	5005	17.8298479087453	DS60
WSWLV0005342	1749	34488	31165	10634	17.8187535734706	DS60
WSWLV0005344	450	8847	5654	1503	12.5644444444444	DS60
WSWLV0005347	4056	90767	76091	22099	18.7601084812623	DS60
WSWLV0005352	785	13071	12436	4582	15.8420382165605	DS60
WSWLV0005353	743	19117	12706	3117	17.1009421265141	DS60
WSWLV0005359	1865	40017	34086	9541	18.2766756032172	DS60
WSWLV0005362	1244	22913	21699	7694	17.4429260450161	DS60
WSWLV0005364	3060	49923	53111	19976	17.3565359477124	DS60
WSWLV0005365	706	11033	10026	3341	14.2011331444759	DS60
WSWLV0005366	1213	19854	20185	7026	16.6405605935697	DS60
WSWLV0005367	1821	32013	31961	11713	17.5513454146074	DS60
WSWLV0005369	1841	31744	31906	10798	17.3307984790875	DS60
WSWLV0005371	838	15022	13597	4871	16.2255369928401	DS60
WSWLV0005372	2521	50047	47064	14930	18.6687822292741	DS60
WSWLV0005375	1756	40707	33136	9809	18.870159453303	DS60
WSWLV0005376	1001	20358	16972	5059	16.955044955045	DS60
WSWLV0005378	326	6918	5001	1357	15.340490797546	DS60
WSWLV0005379	1285	20214	21357	7689	16.620233463035	DS60
WSWLV0005381	1521	38869	31409	7190	20.6502301117686	DS60
WSWLV0005382	930	18511	15665	4656	16.8440860215054	DS60
WSWLV0005383	298	6344	4390	1097	14.7315436241611	DS60
WSWLV0005384	2324	46291	34226	7577	14.7271944922547	DS60
WSWLV0006001	688	9704	8369	2733	12.1642441860465	DS60
WSWLV0006009	2568	51977	47265	9916	18.4053738317757	DS60
WSWLV0006014	1964	33958	29071	9221	14.8019348268839	DS60
WSWLV0006015	1249	18558	16288	5017	13.0408326661329	DS60
WSWLV0006018	657	12172	9629	2135	14.6560121765601	DS60
WSWLV0006019	1869	34047	29576	7770	15.8245050829321	DS60
WSWLV0006020	1928	27965	25689	8017	13.3241701244813	DS60
WSWLV0006021	2428	41123	36316	11362	14.9571663920923	DS60
WSWLV0006022	5406	98762	89402	25506	16.5375508694044	DS60
WSWLV0006023	2441	36754	34316	11092	14.0581728799672	DS60
WSWLV0006027	2145	29887	33364	10946	15.5543123543124	DS60
WSWLV0006028	3003	44234	43857	15678	14.6043956043956	DS60
WSWLV0006029	3321	51552	50892	15224	15.3242999096658	DS60
WSWLV0006030	1465	22437	19521	6202	13.3249146757679	DS60
WSWLV0006031	1669	26396	21925	7749	13.1366087477531	DS60
WSWLV0006032	1823	26531	23406	7424	12.8392759188151	DS60
WSWLV0006035	1939	29852	29198	8930	15.0582774626096	DS60
WSWLV0006037	1301	22336	16905	5494	12.9938508839354	DS60
WSWLV0006038	3272	51618	47543	15063	14.5302567237164	DS60
WSWLV0006039	2748	44724	40633	11256	14.7863901018923	DS60
WSWLV0006040	2146	31448	30611	9723	14.2642124883504	DS60
WSWLV0006042	1085	16212	15344	4692	14.141935483871	DS60
WSWLV0006043	4007	65829	66654	18987	16.6343898178188	DS60
WSWLV0006044	2915	51301	46053	11116	15.798627787307	DS60
WSWLV0006045	1742	28025	24364	7369	13.9862227324914	DS60
WSWLV0006046	2009	32296	27835	9384	13.8551518168243	DS60
WSWLV0006047	1068	16973	13472	4338	12.6142322097378	DS60
WSWLV0006048	3039	46458	44039	13797	14.4912800263245	DS60
WSWLV0006049	2246	32882	34022	12112	15.1478183437222	DS60
WSWLV0006050	4870	94411	88819	24658	18.2379876796715	DS60
WSWLV0006054	6090	105406	103840	30535	17.0509031198686	DS60
WSWLV0006055	1496	26411	21433	6551	14.326871657754	DS60
WSWLV0006057	3809	66206	64186	18484	16.8511420320294	DS60
WSWLV0006058	1495	20109	21514	7652	14.390635451505	DS60
WSWLV0006059	1849	36918	32166	10044	17.3964305029746	DS60
WSWLV0006060	1502	24720	20449	6389	13.6145139813582	DS60
WSWLV0006061	2472	39890	36544	10936	14.7831715210356	DS60
WSWLV0006065	3487	57526	57836	17175	16.5861772297104	DS60
WSWLV0006066	1713	23098	23444	8998	13.6859311150029	DS60
WSWLV0006067	1489	22074	20228	7146	13.5849563465413	DS60
WSWLV0006068	1361	20951	18089	5966	13.2909625275533	DS60
WSWLV0006069	2860	43697	44856	13458	15.6839160839161	DS60
WSWLV0006071	2741	42309	39519	13353	14.4177307551988	DS60
WSWLV0006072	2565	33870	34620	11938	13.4970760233918	DS60
WSWLV0006073	1531	28554	27378	7977	17.8824297844546	DS60
WSWLV0006074	2064	36112	34544	8193	16.7364341085271	DS60
WSWLV0006075	3351	61501	58800	15920	17.5470008952552	DS60
WSWLV0006076	1759	35450	29326	7653	16.6719727117681	DS60
WSWLV0006077	3100	61052	52111	14345	16.81	DS60
WSWLV0006078	1095	19800	14731	4705	13.4529680365297	DS60
WSWLV0006079	817	11394	8473	2676	10.3708690330477	DS60
WSWLV0006083	2001	29608	30902	9790	15.4432783608196	DS60
WSWLV0006084	997	16636	11922	3603	11.9578736208626	DS60
WSWLV0006085	2786	44648	42184	12308	15.1414213926777	DS60
WSWLV0006086	1564	22824	20733	6803	13.2563938618926	DS60
WSWLV0006087	2278	37436	34953	9304	15.3437225636523	DS60
WSWLV0006088	1658	26454	23253	6741	14.024728588661	DS60
WSWLV0006089	2119	32552	32824	9696	15.490325625295	DS60
WSWLV0006090	3991	69603	68391	18137	17.1363066900526	DS60
WSWLV0006091	559	9056	6882	2116	12.3112701252236	DS60
WSWLV0006092	827	12514	9277	2978	11.217654171705	DS60
WSWLV0006093	1917	27931	25149	8607	13.1189358372457	DS60
WSWLV0006094	1767	27987	25193	7528	14.2574985851726	DS60
WSWLV0006095	2249	37033	33165	10397	14.7465540240107	DS60
WSWLV0006097	1669	31948	30684	8186	18.3846614739365	DS60
WSWLV0006098	1166	14809	15031	5417	12.8910806174957	DS60
WSWLV0006099	2014	32120	32973	10011	16.3718967229394	DS60
WSWLV0006100	900	14544	11122	3545	12.3577777777778	DS60
WSWLV0006103	4056	79305	69601	17174	17.1600098619329	DS60
WSWLV0006104	635	10773	9181	2567	14.4582677165354	DS60
WSWLV0006107	2646	48706	45328	10605	17.1307634164777	DS60
WSWLV0006109	1587	19899	20875	8118	13.1537492123503	DS60
WSWLV0006110	1125	19205	15086	3717	13.4097777777778	DS60
WSWLV0006111	1617	30445	25463	7149	15.7470624613482	DS60
WSWLV0006114	4864	86183	82011	25114	16.8608141447368	DS60
WSWLV0006115	1708	21195	23905	9070	13.9959016393443	DS60
WSWLV0006116	1587	22713	19463	6662	12.2640201638311	DS60
WSWLV0006118	3038	61148	53964	13505	17.7630019749835	DS60
WSWLV0006119	6471	123296	111580	30199	17.2430845309844	DS60
WSWLV0006120	2782	47124	45319	13384	16.2900790797987	DS60
WSWLV0006124	2150	39668	34701	10664	16.14	DS60
WSWLV0006126	1331	22741	18654	6464	14.015026296018	DS60
WSWLV0006127	2248	36772	31354	9232	13.9475088967972	DS60
WSWLV0006132	3597	57833	55218	17010	15.3511259382819	DS60
WSWLV0006134	2465	42181	40069	9257	16.2551724137931	DS60
WSWLV0006135	1583	25048	21432	5932	13.5388502842704	DS60
WSWLV0006136	977	14331	11162	3536	11.424769703173	DS60
WSWLV0006138	1444	33382	27520	4707	19.0581717451524	DS60
WSWLV0006139	933	12719	12601	4497	13.5058949624866	DS60
WSWLV0006140	1037	19133	13508	3705	13.0260366441659	DS60
WSWLV0006141	2410	33195	34228	12064	14.202489626556	DS60
WSWLV0006142	5365	86466	85309	25760	15.9010251630941	DS60
WSWLV0006144	3298	59591	50130	14561	15.2001212856277	DS60
WSWLV0006145	1042	16289	16020	5340	15.3742802303263	DS60
WSWLV0006146	1038	15778	14661	4726	14.1242774566474	DS60
WSWLV0006147	3842	67246	66494	17878	17.3071317022384	DS60
WSWLV0006149	1637	23389	21643	6945	13.2211362248015	DS60
WSWLV0006150	1564	24462	21434	7264	13.7046035805627	DS60
WSWLV0006152	3017	52018	48014	13461	15.9144845873384	DS60
WSWLV0006153	3528	55936	56273	16282	15.9503968253968	DS60
WSWLV0006154	1449	23029	22202	6317	15.3222912353347	DS60
WSWLV0006155	2452	35585	36418	12453	14.8523654159869	DS60
WSWLV0006156	4499	85869	76595	19331	17.0248944209824	DS60
WSWLV0006158	1335	16038	15071	5177	11.289138576779	DS60
WSWLV0006162	605	9514	7497	2117	12.3917355371901	DS60
WSWLV0006165	2145	30073	29811	9707	13.8979020979021	DS60
WSWLV0006166	1802	24143	24256	8175	13.4605993340733	DS60
WSWLV0006167	1130	18305	15116	4282	13.3769911504425	DS60
WSWLV0006168	861	14756	12073	3431	14.0220673635308	DS60
WSWLV0006169	1851	31050	29411	10186	15.8892490545651	DS60
WSWLV0006170	1308	26602	22768	5605	17.4067278287462	DS60
WSWLV0006172	762	13662	10060	2884	13.2020997375328	DS60
WSWLV0006173	3057	39395	41153	14086	13.4618907425581	DS60
WSWLV0006174	1266	20206	16500	5578	13.0331753554502	DS60
WSWLV0006177	1524	19820	21291	7905	13.9704724409449	DS60
WSWLV0006178	3715	72871	68713	19952	18.4960969044415	DS60
WSWLV0006179	2069	34233	31075	8944	15.0193330111165	DS60
WSWLV0006181	619	8793	6768	2363	10.9337641357027	DS60
WSWLV0006188	2172	34549	32130	9981	14.792817679558	DS60
WSWLV0006189	1336	19455	16951	5105	12.687874251497	DS60
WSWLV0006191	1632	24244	22896	7385	14.0294117647059	DS60
WSWLV0006192	3832	67345	62552	16191	16.3235908141962	DS60
WSWLV0006195	877	18813	16136	2775	18.3990877993159	DS60
WSWLV0006196	2344	36313	34585	11748	14.7546928327645	DS60
WSWLV0006197	1888	29980	28096	9597	14.8813559322034	DS60
WSWLV0006198	2209	34766	33319	10401	15.0832956088728	DS60
WSWLV0006199	1202	21152	17118	5050	14.2412645590682	DS60
WSWLV0006202	638	9248	8520	2816	13.3542319749216	DS60
WSWLV0006203	645	9704	8774	3128	13.6031007751938	DS60
WSWLV0006204	3874	73396	66582	15698	17.1868869385648	DS60
WSWLV0006205	1856	26940	25513	8402	13.7462284482759	DS60
WSWLV0006207	4345	78289	73881	18908	17.0036823935558	DS60
WSWLV0006209	1663	28902	27250	7700	16.3860493084787	DS60
WSWLV0006211	2009	32813	31681	10205	15.7695370831259	DS60
WSWLV0006212	3084	65825	56629	14335	18.3621919584955	DS60
WSWLV0006214	1619	23785	21178	7141	13.0809141445337	DS60
WSWLV0006215	4019	69532	62449	18418	15.5384423986066	DS60
WSWLV0006216	1058	16915	12366	3475	11.6880907372401	DS60
WSWLV0006217	523	7222	6178	2270	11.8126195028681	DS60
WSWLV0006218	2202	31562	33429	12222	15.1811989100817	DS60
WSWLV0006219	701	10171	8658	2938	12.3509272467903	DS60
WSWLV0006220	1043	15833	13313	3887	12.7641418983701	DS60
WSWLV0006221	984	16283	12797	4211	13.005081300813	DS60
WSWLV0006222	2167	40309	32680	9904	15.0807568066451	DS60
WSWLV0006223	2612	45394	41249	11750	15.792113323124	DS60
WSWLV0006224	2098	35581	32066	8940	15.2840800762631	DS60
WSWLV0006225	3128	62641	57367	13097	18.3398337595908	DS60
WSWLV0006226	1730	29456	27727	6714	16.0271676300578	DS60
WSWLV0006230	1136	15976	13482	4109	11.8679577464789	DS60
WSWLV0006231	1299	21303	17337	5732	13.3464203233256	DS60
WSWLV0006233	4052	74270	70176	15580	17.3188548864758	DS60
WSWLV0006237	1191	19374	18130	5720	15.2225020990764	DS60
WSWLV0006239	2011	36683	30400	9677	15.1168572849329	DS60
WSWLV0006242	903	15059	13355	3645	14.7895902547065	DS60
WSWLV0006243	2611	39198	38680	12309	14.8142474147836	DS60
WSWLV0006244	1348	27409	20343	6247	15.0912462908012	DS60
WSWLV0006245	2541	34853	34103	11216	13.4210940574577	DS60
WSWLV0006246	4788	73601	79456	24316	16.5948203842941	DS60
WSWLV0006247	2532	45654	40320	11402	15.9241706161137	DS60
WSWLV0006248	2714	45205	39954	11959	14.7214443625645	DS60
WSWLV0006249	3463	50561	54709	17986	15.7981518914236	DS60
WSWLV0006250	2678	37810	40576	13721	15.1516056758775	DS60
WSWLV0006251	2799	55863	52052	13763	18.5966416577349	DS60
WSWLV0006252	1924	35035	30343	7423	15.77079002079	DS60
WSWLV0006255	3675	61817	60019	14853	16.3317006802721	DS60
WSWLV0006257	4818	81108	81595	23927	16.9354503943545	DS60
WSWLV0006259	1386	20430	21138	7113	15.2510822510823	DS60
WSWLV0006266	1382	20394	20270	6221	14.6671490593343	DS60
WSWLV0006271	4823	95374	85768	20921	17.7831225378395	DS60
WSWLV0006272	2153	35136	29325	8645	13.6205294937297	DS60
WSWLV0006273	1604	22810	23626	7820	14.7294264339152	DS60
WSWLV0006274	927	12334	12740	4585	13.7432578209277	DS60
WSWLV0006275	1111	17575	16516	4370	14.8658865886589	DS60
WSWLV0006276	1538	26253	21373	6813	13.8966189856957	DS60
WSWLV0006282	509	9263	7545	1837	14.8231827111984	DS60
WSWLV0006284	3011	53458	48022	12424	15.948854201262	DS60
WSWLV0006286	1353	19628	17887	5589	13.220251293422	DS60
WSWLV0006288	3410	55426	48151	15761	14.1205278592375	DS60
WSWLV0006290	2546	45101	44410	13615	17.4430479183032	DS60
WSWLV0006292	1208	19924	15730	5110	13.0215231788079	DS60
WSWLV0006294	4104	77311	68290	17537	16.6398635477583	DS60
WSWLV0006296	555	10241	6419	1533	11.5657657657658	DS60
WSWLV0006297	516	8043	5180	1474	10.0387596899225	DS60
WSWLV0006298	1944	36006	30459	8440	15.6682098765432	DS60
WSWLV0006300	2035	40457	32906	7543	16.1700245700246	DS60
WSWLV0006301	780	11625	9282	2947	11.9	DS60
WSWLV0006302	1242	20885	17570	5402	14.14653784219	DS60
WSWLV0006306	3437	60046	58781	17151	17.1024148967123	DS60
WSWLV0006308	3954	68144	63266	18463	16.0005058168943	DS60
WSWLV0006311	4633	90748	84299	20422	18.1953377940859	DS60
WSWLV0006312	7398	153218	134462	33281	18.1754528250879	DS60
WSWLV0006313	1334	22208	19587	6669	14.6829085457271	DS60
WSWLV0006314	1420	18812	19483	6729	13.7204225352113	DS60
WSWLV0006315	5355	94278	91925	28057	17.1661998132586	DS60
WSWLV0006316	2845	48119	44161	13334	15.5223198594025	DS60
WSWLV0006317	1885	34548	28871	8852	15.3161803713528	DS60
WSWLV0006320	5834	95323	93811	29039	16.0800479945149	DS60
WSWLV0006321	1062	16152	14772	4981	13.909604519774	DS60
WSWLV0006324	1201	15223	14265	5293	11.8776019983347	DS60
WSWLV0006327	2344	30809	28626	9654	12.212457337884	DS60
WSWLV0006328	2700	45862	40934	10952	15.1607407407407	DS60
WSWLV0006329	2165	41892	36535	8922	16.8752886836028	DS60
WSWLV0006330	797	14602	11682	3152	14.6574654956085	DS60
WSWLV0006332	2267	46462	40758	9551	17.9788266431407	DS60
WSWLV0006333	1644	23976	21122	6948	12.8479318734793	DS60
WSWLV0006334	3012	54433	47575	11763	15.7951527224436	DS60
WSWLV0006335	1226	23089	16976	4573	13.8466557911909	DS60
WSWLV0006336	2726	38148	33967	10878	12.460381511372	DS60
WSWLV0006337	4127	63235	67111	22343	16.2614489944269	DS60
WSWLV0006339	2266	33561	33543	12054	14.8027360988526	DS60
WSWLV0006340	2225	35869	31570	9910	14.1887640449438	DS60
WSWLV0006342	2324	35274	32936	9889	14.1721170395869	DS60
WSWLV0006343	5209	83212	79816	21754	15.3227106930313	DS60
WSWLV0006346	3584	57419	56491	16796	15.7619977678571	DS60
WSWLV0006347	3056	52650	49890	15480	16.3252617801047	DS60
WSWLV0006348	3152	60554	52252	13393	16.5774111675127	DS60
WSWLV0006349	4302	69679	66629	22069	15.4879125987913	DS60
WSWLV0006350	719	11150	7544	1871	10.4923504867872	DS60
WSWLV0006351	2509	40067	36442	12299	14.5245117576724	DS60
WSWLV0006353	2830	49185	47900	14781	16.9257950530035	DS60
WSWLV0006354	2586	42579	41761	10006	16.1488785769528	DS60
WSWLV0006355	2933	40251	35720	12262	12.1786566655302	DS60
WSWLV0006356	1934	31738	28954	7881	14.971044467425	DS60
WSWLV0006360	3165	48900	47880	13582	15.1279620853081	DS60
WSWLV0006361	1101	15751	15122	5554	13.7347865576748	DS60
WSWLV0006362	1485	23324	21395	5404	14.4074074074074	DS60
WSWLV0006363	3665	68409	61476	15775	16.7738062755798	DS60
WSWLV0006364	1033	13299	11784	4257	11.4075508228461	DS60
WSWLV0006366	2265	37611	34011	9027	15.0158940397351	DS60
WSWLV0006367	747	10255	6996	1826	9.36546184738956	DS60
WSWLV0006369	2847	41028	44096	14805	15.4885844748858	DS60
WSWLV0006370	1213	20431	18895	4417	15.5770816158285	DS60
WSWLV0006371	4448	73431	69565	20746	15.6396133093525	DS60
WSWLV0006373	2079	30843	27742	8535	13.3439153439153	DS60
WSWLV0006375	2518	43688	40585	12817	16.1179507545671	DS60
WSWLV0006376	2074	34539	30230	10097	14.5756991321119	DS60
WSWLV0006377	2138	32496	32875	9821	15.3765201122544	DS60
WSWLV0006378	3708	74943	69478	17370	18.7373247033441	DS60
WSWLV0006379	4825	83850	80054	24894	16.5915025906736	DS60
WSWLV0006380	4784	89656	81875	23583	17.1143394648829	DS60
WSWLV0006381	2152	35846	33915	10541	15.7597583643123	DS60
WSWLV0006383	1357	23288	17923	5503	13.207811348563	DS60
WSWLV0007001	2394	37314	39073	13735	16.3212197159566	DS60
WSWLV0007003	805	8952	9353	3766	11.6186335403727	DS60
WSWLV0007005	1261	23019	19625	5463	15.5630452022205	DS60
WSWLV0007007	1210	25840	21600	4968	17.8512396694215	DS60
WSWLV0007009	2167	37032	34606	8417	15.9695431472081	DS60
WSWLV0007011	945	12911	11745	4119	12.4285714285714	DS60
WSWLV0007013	1447	23170	22519	8068	15.5625431928127	DS60
WSWLV0007014	630	11370	8269	2083	13.1253968253968	DS60
WSWLV0007015	2278	39159	37988	10311	16.6760316066725	DS60
WSWLV0007016	1840	32737	31619	10304	17.1842391304348	DS60
WSWLV0007019	391	6381	4512	1354	11.539641943734	DS60
WSWLV0007020	1268	17885	16897	5750	13.3257097791798	DS60
WSWLV0007021	792	12703	11463	4075	14.4734848484848	DS60
WSWLV0007022	774	13023	10689	3324	13.8100775193798	DS60
WSWLV0007023	1497	24479	22397	7612	14.9612558450234	DS60
WSWLV0007024	2109	37654	34965	10417	16.5789473684211	DS60
WSWLV0007026	2707	48969	48379	14136	17.8718138160325	DS60
WSWLV0007028	1789	26000	24711	9270	13.812744550028	DS60
WSWLV0007029	812	11685	10908	4053	13.4334975369458	DS60
WSWLV0007030	1283	29879	24706	5467	19.2564302416212	DS60
WSWLV0007032	1339	21952	22585	6911	16.8670649738611	DS60
WSWLV0007033	1854	28217	27766	8601	14.9762675296656	DS60
WSWLV0007035	2234	39197	37286	10431	16.6902417188899	DS60
WSWLV0007036	371	5805	3840	1286	10.3504043126685	DS60
WSWLV0007038	923	16526	13292	3811	14.4008667388949	DS60
WSWLV0007039	712	12580	9468	2467	13.2977528089888	DS60
WSWLV0007040	1877	27550	29569	10558	15.7533297815663	DS60
WSWLV0007041	1789	32692	30361	9497	16.9709334823924	DS60
WSWLV0007044	2097	37565	34786	12102	16.5884597043395	DS60
WSWLV0007045	2853	50189	48069	14528	16.8485804416404	DS60
WSWLV0007047	1826	32714	30008	8840	16.433734939759	DS60
WSWLV0007048	2645	53447	47387	12299	17.9156899810964	DS60
WSWLV0007049	1197	19426	16690	5262	13.9431913116124	DS60
WSWLV0007052	2807	51020	51267	15266	18.2639828998931	DS60
WSWLV0007054	1246	19337	18784	6203	15.0754414125201	DS60
WSWLV0007055	2424	36353	37849	12876	15.6142739273927	DS60
WSWLV0007058	1045	22162	16494	3767	15.7837320574163	DS60
WSWLV0007059	2760	56059	49248	13522	17.8434782608696	DS60
WSWLV0007062	2106	40746	37518	10733	17.8148148148148	DS60
WSWLV0007064	2683	50181	47040	12283	17.5326127469251	DS60
WSWLV0007065	5828	119327	112328	29235	19.273850377488	DS60
WSWLV0007067	2954	49178	48643	15852	16.4668246445498	DS60
WSWLV0007068	2063	46203	37661	8246	18.255453223461	DS60
WSWLV0007071	1985	32684	30715	10100	15.4735516372796	DS60
WSWLV0007074	2332	38220	35061	10481	15.0347341337907	DS60
WSWLV0007075	2023	36926	35102	10746	17.351458230351	DS60
WSWLV0007076	854	12490	12124	4401	14.1967213114754	DS60
WSWLV0007079	1016	19292	15063	4407	14.8257874015748	DS60
WSWLV0007080	2474	49342	46238	10751	18.6895715440582	DS60
WSWLV0007081	1673	30538	27598	8455	16.4961147638972	DS60
WSWLV0007082	2456	57282	48833	10949	19.8831433224756	DS60
WSWLV0007083	4217	99002	83051	18880	19.6943324638369	DS60
WSWLV0007084	2571	57751	48524	12063	18.8735900427849	DS60
WSWLV0007085	690	15576	11660	2404	16.8985507246377	DS60
WSWLV0007086	6360	147515	129594	32744	20.3764150943396	DS60
WSWLV0007087	3788	57377	59886	19372	15.8093980992608	DS60
WSWLV0007088	790	11995	10513	3775	13.3075949367089	DS60
WSWLV0007089	1570	22842	21229	6618	13.5216560509554	DS60
WSWLV0007092	1421	24453	22161	7059	15.5953553835327	DS60
WSWLV0007093	4619	78988	79059	24175	17.1160424334272	DS60
WSWLV0007094	3521	67970	61833	14940	17.5612042033513	DS60
WSWLV0007095	2431	42198	41818	12181	17.2019744960921	DS60
WSWLV0007096	2470	44440	40345	10640	16.334008097166	DS60
WSWLV0007097	1271	17705	17897	6607	14.081038552321	DS60
WSWLV0007098	811	13585	11350	3331	13.9950678175092	DS60
WSWLV0007099	1393	28439	24766	6282	17.7788944723618	DS60
WSWLV0007100	778	12936	11500	3700	14.7814910025707	DS60
WSWLV0007102	1257	22634	20306	5739	16.1543357199682	DS60
WSWLV0007104	1753	28602	27669	9252	15.7837992013691	DS60
WSWLV0007111	849	12327	11957	4056	14.0836277974087	DS60
WSWLV0007112	735	13576	11402	3724	15.512925170068	DS60
WSWLV0007116	1419	30938	25444	6164	17.9309372797745	DS60
WSWLV0007119	1724	27863	27087	8656	15.711716937355	DS60
WSWLV0007120	1581	25729	24515	7347	15.506008855155	DS60
WSWLV0007122	460	7398	5413	1330	11.7673913043478	DS60
WSWLV0007123	452	7562	5687	1288	12.5818584070796	DS60
WSWLV0007125	696	11010	9108	2980	13.0862068965517	DS60
WSWLV0007126	880	14435	13419	4881	15.2488636363636	DS60
WSWLV0007127	1979	30824	30702	11132	15.5138959070238	DS60
WSWLV0007128	615	10517	8682	2516	14.1170731707317	DS60
WSWLV0007129	1327	19186	19359	6162	14.5885455915599	DS60
WSWLV0007130	1216	22301	18154	6202	14.9292763157895	DS60
WSWLV0007132	3754	115895	84891	15064	22.6134789557805	DS60
WSWLV0007136	558	8602	7460	2442	13.3691756272401	DS60
WSWLV0007137	1514	23785	25844	8833	17.0700132100396	DS60
WSWLV0007138	1501	24895	22923	7717	15.271818787475	DS60
WSWLV0007139	3519	68079	64608	20304	18.3597612958227	DS60
WSWLV0007141	991	16705	14917	5038	15.0524722502523	DS60
WSWLV0007142	757	14834	11489	3418	15.1770145310436	DS60
WSWLV0007144	1675	34219	28948	7991	17.2823880597015	DS60
WSWLV0007145	998	17095	14696	4817	14.7254509018036	DS60
WSWLV0007151	850	12900	10407	3546	12.2435294117647	DS60
WSWLV0007153	2476	36869	37564	13534	15.1712439418417	DS60
WSWLV0007154	3148	56830	56777	16548	18.0358958068615	DS60
WSWLV0007155	1641	30695	29281	8586	17.8433881779403	DS60
WSWLV0007156	3569	68233	65713	16799	18.4121602689829	DS60
WSWLV0007158	1996	36558	33517	8464	16.7920841683367	DS60
WSWLV0007163	2844	43252	44310	15344	15.5801687763713	DS60
WSWLV0007167	1113	21575	18172	5239	16.3270440251572	DS60
WSWLV0007169	1360	19225	20033	7242	14.7301470588235	DS60
WSWLV0007170	2231	36372	36129	11305	16.1940833706858	DS60
WSWLV0007171	1822	25835	27464	9072	15.0735455543359	DS60
WSWLV0007172	465	7204	5370	1845	11.5483870967742	DS60
WSWLV0007175	2374	39267	38861	12772	16.3694187026116	DS60
WSWLV0007177	1806	27143	28395	9413	15.7225913621262	DS60
WSWLV0007178	982	18213	16713	5421	17.0193482688391	DS60
WSWLV0007179	3141	48391	50708	18198	16.1439032155365	DS60
WSWLV0007180	820	14643	12310	4976	15.0121951219512	DS60
WSWLV0007181	955	14258	14149	4750	14.8157068062827	DS60
WSWLV0007183	1548	27547	25301	6143	16.344315245478	DS60
WSWLV0007184	3684	71398	69137	17086	18.7668295331162	DS60
WSWLV0007185	485	7959	5696	1512	11.7443298969072	DS60
WSWLV0007186	827	13697	12352	4110	14.9359129383313	DS60
WSWLV0007187	2564	45251	43650	11774	17.0241809672387	DS60
WSWLV0007189	1959	37040	34594	8125	17.6590096988259	DS60
WSWLV0007190	6314	154901	129326	27815	20.4824200190054	DS60
WSWLV0007191	2221	34905	34941	10815	15.7321026564611	DS60
WSWLV0007192	6453	128703	121398	28950	18.8126452812645	DS60
WSWLV0007194	1436	21915	20985	7246	14.6135097493036	DS60
WSWLV0007195	2431	47346	44228	10819	18.193336075689	DS60
WSWLV0007196	471	7899	5997	1693	12.7324840764331	DS60
WSWLV0007197	1023	20641	17272	4998	16.8836754643206	DS60
WSWLV0007204	596	9742	7497	1942	12.5788590604027	DS60
WSWLV0007207	2491	44739	41941	12815	16.8370132476917	DS60
WSWLV0007208	2103	43397	37909	9850	18.0261531145982	DS60
WSWLV0007209	639	8934	7749	2399	12.1267605633803	DS60
WSWLV0007210	979	18006	16656	4978	17.0132788559755	DS60
WSWLV0007213	1257	21443	19436	6385	15.4622116149562	DS60
WSWLV0007216	1756	38162	33919	8836	19.3160592255125	DS60
WSWLV0007219	1043	15649	15338	5333	14.705656759348	DS60
WSWLV0007221	1055	15414	15052	5465	14.2672985781991	DS60
WSWLV0007226	3323	63047	61313	13818	18.4510984050557	DS60
WSWLV0007227	889	14088	11127	3784	12.5163104611924	DS60
WSWLV0007229	972	17278	14672	4856	15.0946502057613	DS60
WSWLV0007230	1167	21923	18396	5484	15.7634961439589	DS60
WSWLV0007235	1275	21463	20277	6095	15.9035294117647	DS60
WSWLV0007236	3544	63003	63057	17282	17.7926072234763	DS60
WSWLV0007237	1129	24027	20477	3732	18.1372896368468	DS60
WSWLV0007238	1001	20435	17066	4818	17.0489510489511	DS60
WSWLV0007240	1299	20613	19056	6647	14.6697459584296	DS60
WSWLV0007241	1488	20571	20816	7025	13.989247311828	DS60
WSWLV0007242	1425	27668	23876	6125	16.7550877192982	DS60
WSWLV0007243	1387	22171	21054	6761	15.1795241528479	DS60
WSWLV0007246	2756	46971	47268	13434	17.1509433962264	DS60
WSWLV0007247	831	13214	12586	3936	15.1456077015644	DS60
WSWLV0007248	2077	32366	32676	11494	15.7323062108811	DS60
WSWLV0007250	2754	56449	49242	12622	17.880174291939	DS60
WSWLV0007251	1174	19999	18162	6177	15.4701873935264	DS60
WSWLV0007252	1374	30481	25621	6036	18.6470160116448	DS60
WSWLV0007253	1341	24379	21721	6981	16.1976137211037	DS60
WSWLV0007255	770	13622	12586	3202	16.3454545454545	DS60
WSWLV0007256	1802	29493	29808	9488	16.5416204217536	DS60
WSWLV0007257	2067	47455	41790	10307	20.2177068214804	DS60
WSWLV0007259	450	9767	6238	1300	13.8622222222222	DS60
WSWLV0007260	1670	33696	29711	8143	17.7910179640719	DS60
WSWLV0007261	1365	20192	21289	7534	15.596336996337	DS60
WSWLV0007263	1204	18541	17981	6292	14.9343853820598	DS60
WSWLV0007264	3421	70915	63391	16926	18.5299619994154	DS60
WSWLV0007268	2562	50576	46816	12138	18.2732240437158	DS60
WSWLV0007271	1888	29964	30439	10802	16.1223516949153	DS60
WSWLV0007272	553	8187	7044	2310	12.7377938517179	DS60
WSWLV0007273	1207	24618	20717	4719	17.1640430820215	DS60
WSWLV0007275	1775	34447	31198	8457	17.576338028169	DS60
WSWLV0007276	2319	42555	39185	11725	16.897369555843	DS60
WSWLV0007278	8185	194130	168150	36130	20.543677458766	DS60
WSWLV0007279	1395	22206	21836	7327	15.6530465949821	DS60
WSWLV0007282	820	15211	13081	3100	15.9524390243902	DS60
WSWLV0007284	1760	29075	25768	7605	14.6409090909091	DS60
WSWLV0007285	2856	54289	51140	11952	17.906162464986	DS60
WSWLV0007288	728	16056	12006	2599	16.4917582417582	DS60
WSWLV0007290	1486	26281	23860	8339	16.0565275908479	DS60
WSWLV0007292	2233	39695	38892	12387	17.4169278996865	DS60
WSWLV0007293	2389	52863	45076	11419	18.8681456676434	DS60
WSWLV0007295	1356	20143	18754	5148	13.830383480826	DS60
WSWLV0007299	3103	50025	53349	16923	17.1927167257493	DS60
WSWLV0007304	3112	65395	58251	14841	18.7181876606684	DS60
WSWLV0007305	576	10354	7608	2347	13.2083333333333	DS60
WSWLV0007307	2533	36515	38999	13925	15.3963679431504	DS60
WSWLV0007308	3250	72388	62275	15157	19.1615384615385	DS60
WSWLV0007309	690	10744	9149	3232	13.2594202898551	DS60
WSWLV0007313	1171	21519	18783	5853	16.0401366353544	DS60
WSWLV0007315	1920	29279	28752	9775	14.975	DS60
WSWLV0007316	707	10708	9541	3037	13.4950495049505	DS60
WSWLV0007317	2081	39923	37220	11163	17.8856319077367	DS60
WSWLV0007319	1211	16007	15412	5352	12.7266721717589	DS60
WSWLV0007320	2575	47380	46782	13536	18.1677669902913	DS60
WSWLV0007325	2048	43995	38397	9586	18.74853515625	DS60
WSWLV0007326	2941	57692	53364	15560	18.1448486909215	DS60
WSWLV0007330	3703	88788	71563	16719	19.3256818795571	DS60
WSWLV0007331	3147	71912	59004	15010	18.7492850333651	DS60
WSWLV0007332	2977	41665	47395	16768	15.9203896540141	DS60
WSWLV0007337	1450	19165	19486	7107	13.4386206896552	DS60
WSWLV0007339	1161	24202	20599	5200	17.7424633936262	DS60
WSWLV0007341	1703	26323	24137	8012	14.173223722842	DS60
WSWLV0007342	2302	35665	35823	12436	15.5616854908775	DS60
WSWLV0007343	9740	247854	212927	40803	21.8610882956879	DS60
WSWLV0007344	888	16894	14429	3660	16.2488738738739	DS60
WSWLV0007345	6736	146784	132389	26899	19.6539489311164	DS60
WSWLV0007346	2307	40099	37509	10701	16.25877763329	DS60
WSWLV0007348	2698	54559	48235	11744	17.8780578206079	DS60
WSWLV0007349	1488	21872	20498	7914	13.7755376344086	DS60
WSWLV0007350	1370	21682	20300	7062	14.8175182481752	DS60
WSWLV0007351	496	8279	6242	1926	12.5846774193548	DS60
WSWLV0007352	1318	20987	19392	6097	14.7132018209408	DS60
WSWLV0007354	1463	21181	20275	7040	13.8585099111415	DS60
WSWLV0007355	3528	51375	48247	15794	13.6754535147392	DS60
WSWLV0007357	3145	67808	61106	15225	19.4295707472178	DS60
WSWLV0007362	936	14036	12404	4435	13.2521367521368	DS60
WSWLV0007363	2298	33165	33258	11503	14.4725848563969	DS60
WSWLV0007365	983	20301	16357	4137	16.6398779247202	DS60
WSWLV0007367	1292	21819	20357	6422	15.7561919504644	DS60
WSWLV0007368	1693	28064	26118	8004	15.4270525694034	DS60
WSWLV0007371	670	10333	9128	3243	13.6238805970149	DS60
WSWLV0007372	3503	67976	62331	17972	17.7936054810163	DS60
WSWLV0007376	2733	48319	45834	15138	16.7705817782656	DS60
WSWLV0007377	1815	27503	28639	9327	15.7790633608815	DS60
WSWLV0007380	3825	69867	67121	17901	17.5479738562092	DS60
WSWLV0007381	996	19253	16433	4570	16.4989959839357	DS60
WSWLV0007384	1506	21423	19445	6213	12.9116865869854	DS60
WSWLV0008002	559	9800	7093	1477	12.6887298747764	DS60
WSWLV0008003	1103	15948	14317	4205	12.9800543970988	DS60
WSWLV0008004	1251	19799	18413	5672	14.7186250999201	DS60
WSWLV0008005	1485	25089	22450	6017	15.1178451178451	DS60
WSWLV0008007	1643	30184	27557	6886	16.7723676202069	DS60
WSWLV0008008	3038	63933	54466	12675	17.9282422646478	DS60
WSWLV0008009	2978	53220	48900	11049	16.4204163868368	DS60
WSWLV0008011	1936	26519	25228	7958	13.0309917355372	DS60
WSWLV0008013	1694	27575	24459	7171	14.4386068476978	DS60
WSWLV0008014	1040	16623	13995	3851	13.4567307692308	DS60
WSWLV0008015	1431	20449	20305	6794	14.1893780573026	DS60
WSWLV0008016	1265	22064	18409	5077	14.5525691699605	DS60
WSWLV0008018	400	6114	4191	1119	10.4775	DS60
WSWLV0008019	1971	27440	28119	9670	14.2663622526636	DS60
WSWLV0008020	1806	30085	27575	7166	15.2685492801772	DS60
WSWLV0008021	2973	49241	47528	13348	15.9865455768584	DS60
WSWLV0008022	518	7553	5803	1566	11.2027027027027	DS60
WSWLV0008024	4430	102108	81264	16668	18.3440180586907	DS60
WSWLV0008025	779	11769	9833	2742	12.6225930680359	DS60
WSWLV0008028	3025	42529	43709	15869	14.4492561983471	DS60
WSWLV0008030	2124	31403	30748	9979	14.4764595103578	DS60
WSWLV0008031	573	8684	6619	1653	11.5514834205934	DS60
WSWLV0008032	498	6938	5661	1646	11.3674698795181	DS60
WSWLV0008033	4285	84601	75905	20243	17.7141190198366	DS60
WSWLV0008034	3159	53695	48510	15587	15.3561253561254	DS60
WSWLV0008037	3194	56494	51665	15378	16.1756418284283	DS60
WSWLV0008040	2157	35914	33197	10747	15.3903569772833	DS60
WSWLV0008042	1667	27465	25148	6774	15.0857828434313	DS60
WSWLV0008043	1120	21789	17830	5055	15.9196428571429	DS60
WSWLV0008046	1370	29348	24324	3639	17.7547445255474	DS60
WSWLV0008047	2487	41380	39918	11564	16.0506634499397	DS60
WSWLV0008049	1508	22993	21115	6365	14.0019893899204	DS60
WSWLV0008051	1497	21758	22763	7217	15.2057448229793	DS60
WSWLV0008052	429	7652	5667	1247	13.2097902097902	DS60
WSWLV0008055	3911	75706	70127	18238	17.9307082587574	DS60
WSWLV0008056	1186	21318	16969	5210	14.3077571669477	DS60
WSWLV0008057	1324	21440	19937	6804	15.0581570996979	DS60
WSWLV0008058	1145	17196	16100	4860	14.061135371179	DS60
WSWLV0008059	1888	30679	28572	9168	15.1334745762712	DS60
WSWLV0008061	613	8059	6981	2479	11.3882544861338	DS60
WSWLV0008062	1679	25552	24661	8923	14.6879094699226	DS60
WSWLV0008065	1402	24294	21188	4801	15.1126961483595	DS60
WSWLV0008066	3050	61373	53688	12103	17.6026229508197	DS60
WSWLV0008067	3734	72779	64468	16849	17.2651312265667	DS60
WSWLV0008070	3112	55452	53055	13780	17.0485218508997	DS60
WSWLV0008071	3060	56770	52690	13225	17.218954248366	DS60
WSWLV0008073	1681	30382	26977	7022	16.0481856038073	DS60
WSWLV0008075	3929	89036	77582	15299	19.7459913463986	DS60
WSWLV0008076	1565	33644	28596	5823	18.2722044728435	DS60
WSWLV0008077	480	7115	4647	1402	9.68125	DS60
WSWLV0008078	896	12526	11800	3826	13.1696428571429	DS60
WSWLV0008079	1397	23143	20378	6035	14.5869720830351	DS60
WSWLV0008084	559	9870	6690	1888	11.9677996422182	DS60
WSWLV0008087	3030	48613	46843	12852	15.4597359735974	DS60
WSWLV0008088	3654	77137	65031	13723	17.7972085385879	DS60
WSWLV0008089	2363	42035	37912	7943	16.0440118493441	DS60
WSWLV0008093	930	13541	11424	3924	12.2838709677419	DS60
WSWLV0008095	660	11300	7884	1712	11.9454545454545	DS60
WSWLV0008097	1596	22598	21717	7406	13.6071428571429	DS60
WSWLV0008098	2096	36035	33092	8738	15.7881679389313	DS60
WSWLV0008099	1673	28472	26637	6356	15.9216975493126	DS60
WSWLV0008100	826	11294	10440	3700	12.6392251815981	DS60
WSWLV0008102	4969	92915	85404	20639	17.1873616421815	DS60
WSWLV0008104	2104	34120	32892	8691	15.6330798479087	DS60
WSWLV0008106	1175	17875	16227	4539	13.8102127659574	DS60
WSWLV0008107	1036	20211	17289	4065	16.6882239382239	DS60
WSWLV0008108	2508	38164	38372	11016	15.2998405103668	DS60
WSWLV0008110	733	11655	9367	2447	12.7789904502046	DS60
WSWLV0008111	3204	53430	51673	15398	16.1276529338327	DS60
WSWLV0008112	2218	48258	40311	8226	18.1744815148783	DS60
WSWLV0008114	3589	56275	57164	13478	15.9275564224018	DS60
WSWLV0008115	3085	47818	47699	15091	15.4615883306321	DS60
WSWLV0008116	2544	46560	40949	13231	16.0963050314465	DS60
WSWLV0008119	995	17176	14853	3832	14.9276381909548	DS60
WSWLV0008121	5899	115905	104780	28376	17.7623325987456	DS60
WSWLV0008124	1130	17177	15791	4716	13.9743362831858	DS60
WSWLV0008127	1755	29081	27562	7454	15.7048433048433	DS60
WSWLV0008128	600	11289	8230	2010	13.7166666666667	DS60
WSWLV0008129	978	15383	13629	3947	13.9355828220859	DS60
WSWLV0008130	1983	33842	31769	8491	16.0206757438225	DS60
WSWLV0008132	1605	30763	24842	7242	15.4778816199377	DS60
WSWLV0008133	4262	101315	81469	16045	19.1152041295167	DS60
WSWLV0008134	322	4236	3096	818	9.61490683229814	DS60
WSWLV0008135	791	11107	9831	3165	12.4285714285714	DS60
WSWLV0008136	454	7521	5238	1176	11.5374449339207	DS60
WSWLV0008138	2517	40908	40527	13211	16.1013110846246	DS60
WSWLV0008139	2718	41720	42662	13367	15.6961000735835	DS60
WSWLV0008140	3706	67422	64473	18024	17.3969239071775	DS60
WSWLV0008141	483	7977	6104	2026	12.6376811594203	DS60
WSWLV0008142	1198	18957	15938	4319	13.3038397328881	DS60
WSWLV0008144	1787	33642	29148	7330	16.3111359820929	DS60
WSWLV0008145	2994	45887	44938	13038	15.0093520374082	DS60
WSWLV0008146	3949	82120	70767	13430	17.9202329703722	DS60
WSWLV0008148	687	10241	7600	2108	11.0625909752547	DS60
WSWLV0008149	934	15928	13890	4499	14.8715203426124	DS60
WSWLV0008152	531	9208	7060	1622	13.2956685499058	DS60
WSWLV0008153	1193	18926	16044	5296	13.4484492875105	DS60
WSWLV0008154	960	13050	12897	4568	13.434375	DS60
WSWLV0008158	1360	22172	19874	5830	14.6132352941176	DS60
WSWLV0008161	4648	93714	82168	19488	17.6781411359725	DS60
WSWLV0008162	1927	38586	31944	7051	16.5770627919045	DS60
WSWLV0008164	5340	83144	85464	24165	16.0044943820225	DS60
WSWLV0008166	1402	23542	21423	5592	15.2803138373752	DS60
WSWLV0008167	1965	33915	31171	9058	15.8631043256997	DS60
WSWLV0008169	836	11608	11677	4277	13.9677033492823	DS60
WSWLV0008172	928	17018	13980	3007	15.0646551724138	DS60
WSWLV0008175	3438	60618	55700	13617	16.2012798138453	DS60
WSWLV0008176	3542	78453	64670	13357	18.2580463015246	DS60
WSWLV0008177	1397	21245	20228	5662	14.4795991410165	DS60
WSWLV0008179	1302	18491	18175	5130	13.9592933947773	DS60
WSWLV0008180	1508	28520	24600	6570	16.3129973474801	DS60
WSWLV0008183	1906	34748	31406	7139	16.4774396642183	DS60
WSWLV0008184	3223	58447	53860	14002	16.7111386906609	DS60
WSWLV0008186	3903	74603	66485	16350	17.0343325646938	DS60
WSWLV0008187	3291	56403	54798	16139	16.6508659981769	DS60
WSWLV0008188	1776	27562	27519	9342	15.4949324324324	DS60
WSWLV0008189	1170	17078	15468	4860	13.2205128205128	DS60
WSWLV0008190	6664	109935	103777	27549	15.5727791116447	DS60
WSWLV0008191	1749	23660	22707	7986	12.9828473413379	DS60
WSWLV0008192	1014	16490	13718	3711	13.5285996055227	DS60
WSWLV0008193	529	8238	6352	1989	12.007561436673	DS60
WSWLV0008194	1708	30085	26822	7257	15.7037470725995	DS60
WSWLV0008195	1162	20666	18160	4409	15.6282271944923	DS60
WSWLV0008196	2446	50671	44935	10802	18.3708094848733	DS60
WSWLV0008197	1599	26855	24533	6981	15.3427141963727	DS60
WSWLV0008198	2684	43110	42174	13260	15.7131147540984	DS60
WSWLV0008203	1905	26357	26437	9151	13.8776902887139	DS60
WSWLV0008205	3148	62847	54054	12707	17.1709021601017	DS60
WSWLV0008209	1313	20089	19185	5723	14.6115765422696	DS60
WSWLV0008210	741	12695	10615	2921	14.3252361673414	DS60
WSWLV0008211	1437	23692	21914	6009	15.249826026444	DS60
WSWLV0008212	4045	80902	72311	18015	17.8766378244747	DS60
WSWLV0008213	1970	39311	33850	8068	17.1827411167513	DS60
WSWLV0008214	869	12538	11533	3880	13.2715765247411	DS60
WSWLV0008222	1439	21659	19905	5882	13.8325225851286	DS60
WSWLV0008224	630	11167	9041	2144	14.3507936507937	DS60
WSWLV0008226	1595	25203	23954	6891	15.0181818181818	DS60
WSWLV0008227	847	12669	11049	3303	13.0448642266824	DS60
WSWLV0008229	1222	17538	17247	5847	14.1137479541735	DS60
WSWLV0008230	2199	41773	35305	9792	16.0550250113688	DS60
WSWLV0008231	2852	44489	44917	12732	15.7492987377279	DS60
WSWLV0008232	3207	63753	56847	16394	17.7259120673527	DS60
WSWLV0008233	872	13349	11967	4054	13.723623853211	DS60
WSWLV0008234	5739	105032	99423	28191	17.3240982749608	DS60
WSWLV0008235	4379	98516	82662	15724	18.8769125371089	DS60
WSWLV0008237	3365	62095	58008	12603	17.238632986627	DS60
WSWLV0008238	5163	101121	91187	24322	17.661630834786	DS60
WSWLV0008239	1973	31020	29306	8362	14.8535225544856	DS60
WSWLV0008240	3613	68798	60671	16454	16.7924162745641	DS60
WSWLV0008241	1084	16950	14523	4631	13.3976014760148	DS60
WSWLV0008242	4521	93314	79334	18084	17.5478876354789	DS60
WSWLV0008245	1827	32740	29766	7243	16.2922824302135	DS60
WSWLV0008247	2811	54173	48976	12276	17.4229811454998	DS60
WSWLV0008248	588	8281	6754	1968	11.4863945578231	DS60
WSWLV0008256	2443	43356	39244	10693	16.0638559148588	DS60
WSWLV0008257	674	11923	9350	2574	13.8724035608309	DS60
WSWLV0008260	6880	128316	118665	33653	17.2478197674419	DS60
WSWLV0008261	3286	55122	51505	13728	15.6740718198418	DS60
WSWLV0008266	586	6222	6307	2337	10.7627986348123	DS60
WSWLV0008270	3542	76549	65643	12656	18.5327498588368	DS60
WSWLV0008271	2243	37809	36580	10424	16.3085153811859	DS60
WSWLV0008272	2941	41346	40819	11957	13.8792927575655	DS60
WSWLV0008273	754	12103	10226	3043	13.5623342175066	DS60
WSWLV0008274	1312	19271	18406	5201	14.0289634146341	DS60
WSWLV0008277	1190	18546	18065	6342	15.1806722689076	DS60
WSWLV0008278	5456	95788	91743	21781	16.8150659824047	DS60
WSWLV0008281	1762	25239	26282	8808	14.9160045402951	DS60
WSWLV0008285	2321	37895	35705	10975	15.3834554071521	DS60
WSWLV0008286	1299	24359	20356	5118	15.6705157813703	DS60
WSWLV0008290	2852	56866	51525	12561	18.0662692847125	DS60
WSWLV0008294	2662	48440	43170	12894	16.2171299774606	DS60
WSWLV0008296	709	10515	8815	2753	12.4330042313117	DS60
WSWLV0008299	2702	41794	41553	13285	15.3786084381939	DS60
WSWLV0008300	2028	39036	32895	7867	16.2204142011834	DS60
WSWLV0008301	2977	46430	46348	14990	15.5686933154182	DS60
WSWLV0008304	2607	46215	41179	11053	15.7955504411201	DS60
WSWLV0008305	5816	119901	106313	25160	18.279401650619	DS60
WSWLV0008306	1396	23537	21078	5708	15.0988538681948	DS60
WSWLV0008308	8772	184617	162860	42735	18.5658914728682	DS60
WSWLV0008310	708	13872	10368	2287	14.6440677966102	DS60
WSWLV0008314	2571	37642	38500	13940	14.974718008557	DS60
WSWLV0008316	444	7374	5319	1147	11.9797297297297	DS60
WSWLV0008317	1597	28082	25679	7936	16.0795241077019	DS60
WSWLV0008320	1222	22561	18662	4715	15.2716857610475	DS60
WSWLV0008321	2358	43503	37891	9664	16.0691263782867	DS60
WSWLV0008322	2236	60492	47559	8063	21.2696779964222	DS60
WSWLV0008325	2979	47988	47763	15643	16.0332326283988	DS60
WSWLV0008327	2942	47286	40875	10614	13.893609789259	DS60
WSWLV0008330	2031	35724	32548	9444	16.0256031511571	DS60
WSWLV0008332	1172	23338	19739	4772	16.8421501706485	DS60
WSWLV0008335	2357	43210	38440	10851	16.308867204073	DS60
WSWLV0008336	976	17177	12418	2765	12.7233606557377	DS60
WSWLV0008338	2030	34513	31972	9043	15.7497536945813	DS60
WSWLV0008340	922	19276	14424	3153	15.644251626898	DS60
WSWLV0008341	903	14125	13044	4071	14.4451827242525	DS60
WSWLV0008342	1795	32983	28779	6872	16.0328690807799	DS60
WSWLV0008343	1537	23354	20872	6355	13.5797007156799	DS60
WSWLV0008344	3893	77929	67506	13287	17.3403544824043	DS60
WSWLV0008345	2911	42032	42538	13231	14.612847818619	DS60
WSWLV0008348	7216	147729	131020	32548	18.1568736141907	DS60
WSWLV0008350	1384	25534	21640	5329	15.635838150289	DS60
WSWLV0008351	1142	17350	15511	5037	13.5823117338004	DS60
WSWLV0008353	1578	29104	24965	6340	15.8206590621039	DS60
WSWLV0008354	1759	30225	29979	5375	17.0432063672541	DS60
WSWLV0008356	915	16193	13815	3867	15.0983606557377	DS60
WSWLV0008357	2696	39146	41189	13864	15.2778189910979	DS60
WSWLV0008361	1288	16914	16359	5284	12.7010869565217	DS60
WSWLV0008363	442	6837	4137	1064	9.35972850678733	DS60
WSWLV0008364	1237	16424	15095	4479	12.2029102667745	DS60
WSWLV0008365	2872	45737	45559	13219	15.8631615598886	DS60
WSWLV0008366	1103	16820	14959	4160	13.5621033544878	DS60
WSWLV0008369	2087	30512	30489	10263	14.6090081456636	DS60
WSWLV0008370	2836	51034	47396	11341	16.7122708039492	DS60
WSWLV0008373	3914	66290	64899	20496	16.5812468063362	DS60
WSWLV0008374	1655	26078	24641	7135	14.8888217522659	DS60
WSWLV0008376	7872	170887	146989	33324	18.6723831300813	DS60
WSWLV0008377	1995	28825	28275	9777	14.1729323308271	DS60
WSWLV0008379	2125	37893	34206	10060	16.0969411764706	DS60
WSWLV0008380	1213	27309	21685	4580	17.8771640560594	DS60
WSWLV0008381	3428	67969	60616	14737	17.6826137689615	DS60
WSWLV0008382	2510	51934	43957	9572	17.5127490039841	DS60
WSWLV0008383	6971	141679	128221	31651	18.3934873045474	DS60
WSWLV0009001	1959	30187	26397	8076	13.4747320061256	DS60
WSWLV0009002	1229	18503	16418	5068	13.3588283157038	DS60
WSWLV0009003	1441	15756	14130	4931	9.80569049271339	DS60
WSWLV0009004	1517	27304	22107	6484	14.5728411338167	DS60
WSWLV0009005	2349	27317	26437	9180	11.254576415496	DS60
WSWLV0009006	685	9287	7926	2472	11.570802919708	DS60
WSWLV0009009	3055	36747	38325	11993	12.5450081833061	DS60
WSWLV0009011	2916	40570	35740	10317	12.2565157750343	DS60
WSWLV0009012	959	17958	13721	2896	14.3076120959333	DS60
WSWLV0009013	464	6027	4520	1333	9.74137931034483	DS60
WSWLV0009014	1733	20443	20531	7930	11.8470859780727	DS60
WSWLV0009015	1333	15805	15141	5770	11.3585896474119	DS60
WSWLV0009016	1270	15758	14447	4678	11.3755905511811	DS60
WSWLV0009017	893	13194	10641	3192	11.9160134378499	DS60
WSWLV0009018	1070	15268	14070	4284	13.1495327102804	DS60
WSWLV0009020	774	13925	10858	2488	14.0284237726098	DS60
WSWLV0009025	704	8285	6434	2260	9.13920454545454	DS60
WSWLV0009026	1811	21702	22690	7891	12.5289895085588	DS60
WSWLV0009028	2255	36772	29446	8525	13.0580931263858	DS60
WSWLV0009029	1146	12101	11977	4208	10.4511343804538	DS60
WSWLV0009033	1152	13745	13106	4646	11.3767361111111	DS60
WSWLV0009034	1545	19138	17174	5549	11.115857605178	DS60
WSWLV0009035	1822	22269	22154	7825	12.159165751921	DS60
WSWLV0009036	718	9407	8385	2832	11.6782729805014	DS60
WSWLV0009040	1407	25572	19704	4607	14.0042643923241	DS60
WSWLV0009042	1481	16135	15240	5219	10.2903443619176	DS60
WSWLV0009043	1266	20132	16244	4955	12.8309636650869	DS60
WSWLV0009044	1686	21950	20195	7013	11.9780545670225	DS60
WSWLV0009045	873	10490	9129	2775	10.4570446735395	DS60
WSWLV0009047	1219	19689	16406	4170	13.4585726004922	DS60
WSWLV0009048	1004	11391	10872	4090	10.8286852589641	DS60
WSWLV0009049	888	11155	8856	3124	9.97297297297297	DS60
WSWLV0009050	1048	12967	11987	4180	11.4379770992366	DS60
WSWLV0009051	1411	18873	17310	5055	12.2678951098512	DS60
WSWLV0009052	2267	23799	25535	9691	11.2637847375386	DS60
WSWLV0009053	809	8416	7915	2879	9.78368355995056	DS60
WSWLV0009055	410	5757	4488	1389	10.9463414634146	DS60
WSWLV0009058	1059	11377	11194	4474	10.5703493862134	DS60
WSWLV0009060	2454	33675	30210	9513	12.3105134474328	DS60
WSWLV0009063	1417	16272	15979	5892	11.2766407904023	DS60
WSWLV0009065	974	10076	9866	3901	10.129363449692	DS60
WSWLV0009067	1733	19269	18255	6076	10.533756491633	DS60
WSWLV0009068	2470	36383	33647	10061	13.6222672064777	DS60
WSWLV0009070	3354	34881	40429	14979	12.0539654144305	DS60
WSWLV0009071	1246	13847	14143	5136	11.3507223113965	DS60
WSWLV0009073	1339	15585	15240	6082	11.3816280806572	DS60
WSWLV0009074	3063	47820	41257	12509	13.4694743715312	DS60
WSWLV0009075	3576	57935	47779	13181	13.3610178970917	DS60
WSWLV0009076	708	7880	7564	2895	10.683615819209	DS60
WSWLV0009077	1681	21462	19378	6860	11.5276621058894	DS60
WSWLV0009078	485	5257	4066	1307	8.38350515463918	DS60
WSWLV0009082	2514	33191	29706	8764	11.8162291169451	DS60
WSWLV0009085	1285	12948	13554	4954	10.547859922179	DS60
WSWLV0009086	1975	32908	29324	7632	14.8475949367089	DS60
WSWLV0009088	1699	18668	20030	7155	11.7892878163626	DS60
WSWLV0009089	831	11085	9458	3502	11.38146811071	DS60
WSWLV0009090	2880	41467	38310	11348	13.3020833333333	DS60
WSWLV0009091	1103	11986	10905	4036	9.88667271078876	DS60
WSWLV0009092	1377	17601	15970	4978	11.59767610748	DS60
WSWLV0009093	1597	18152	18471	6533	11.5660613650595	DS60
WSWLV0009094	2489	29054	28798	10149	11.5701084773001	DS60
WSWLV0009097	695	8075	7413	2306	10.6661870503597	DS60
WSWLV0009100	675	7364	6697	2410	9.92148148148148	DS60
WSWLV0009101	766	4870	4760	1733	6.21409921671018	DS60
WSWLV0009102	882	12211	10740	3582	12.1768707482993	DS60
WSWLV0009103	1304	17015	16019	5521	12.284509202454	DS60
WSWLV0009105	1018	10854	10717	3856	10.5275049115914	DS60
WSWLV0009106	1690	20742	19364	6803	11.4579881656805	DS60
WSWLV0009111	3240	44556	42800	13717	13.2098765432099	DS60
WSWLV0009112	1505	18594	17589	5917	11.6870431893688	DS60
WSWLV0009113	924	12950	11131	3513	12.0465367965368	DS60
WSWLV0009117	3695	57110	48474	14822	13.1188092016238	DS60
WSWLV0009118	441	4986	4150	1474	9.41043083900227	DS60
WSWLV0009120	757	10670	8555	2702	11.3011889035667	DS60
WSWLV0009129	1186	13971	12887	4220	10.8659359190556	DS60
WSWLV0009132	2297	40412	32316	8996	14.0687853722246	DS60
WSWLV0009134	981	12285	11545	3904	11.7686034658512	DS60
WSWLV0009135	1086	13623	12837	4195	11.8204419889503	DS60
WSWLV0009136	572	6843	6007	1977	10.5017482517483	DS60
WSWLV0009138	1483	26515	21962	6110	14.8091706001349	DS60
WSWLV0009140	538	8932	6718	1758	12.4869888475836	DS60
WSWLV0009143	1389	15158	15338	5305	11.0424766018719	DS60
WSWLV0009145	559	7258	5449	1771	9.74776386404293	DS60
WSWLV0009151	1112	15248	13157	4277	11.8318345323741	DS60
WSWLV0009154	1550	20746	20296	7201	13.0941935483871	DS60
WSWLV0009155	2217	32747	28188	8556	12.7144790257104	DS60
WSWLV0009158	1429	14983	15469	5185	10.8250524842547	DS60
WSWLV0009159	1164	13652	14427	5075	12.3943298969072	DS60
WSWLV0009162	1071	16309	14058	4101	13.1260504201681	DS60
WSWLV0009163	2344	29760	29333	9828	12.5140784982935	DS60
WSWLV0009164	2090	34067	29445	8735	14.0885167464115	DS60
WSWLV0009166	1321	17729	16653	5598	12.6063588190765	DS60
WSWLV0009167	729	8802	7703	2778	10.5665294924554	DS60
WSWLV0009168	1882	25286	22511	7000	11.961211477152	DS60
WSWLV0009169	1004	10860	11031	4150	10.9870517928287	DS60
WSWLV0009170	955	13359	11440	3664	11.979057591623	DS60
WSWLV0009171	1930	33695	27787	6854	14.3974093264249	DS60
WSWLV0009173	910	9956	10089	3668	11.0868131868132	DS60
WSWLV0009174	1701	20705	21175	7842	12.4485596707819	DS60
WSWLV0009175	577	8102	6823	2158	11.8249566724437	DS60
WSWLV0009177	734	9942	7731	2386	10.5326975476839	DS60
WSWLV0009181	1714	19078	19627	7009	11.450991831972	DS60
WSWLV0009182	1219	14874	14235	5261	11.6776045939295	DS60
WSWLV0009183	1372	15382	16394	5889	11.9489795918367	DS60
WSWLV0009184	3241	39017	40134	14544	12.3832150570812	DS60
WSWLV0009185	1332	16458	15382	5345	11.5480480480481	DS60
WSWLV0009194	910	11417	10759	3614	11.8230769230769	DS60
WSWLV0009195	1472	20521	17627	5414	11.9748641304348	DS60
WSWLV0009196	1971	33298	27717	8128	14.062404870624	DS60
WSWLV0009197	1407	21645	18422	5532	13.0931058990761	DS60
WSWLV0009200	2207	44643	35812	7498	16.2265518803806	DS60
WSWLV0009202	365	4695	3316	1030	9.08493150684932	DS60
WSWLV0009203	2170	28273	25352	8274	11.6829493087558	DS60
WSWLV0009205	2682	35999	34031	10727	12.6886651752424	DS60
WSWLV0009208	571	10213	7713	2217	13.507880910683	DS60
WSWLV0009209	1235	16825	15510	5810	12.5587044534413	DS60
WSWLV0009211	2422	42972	32446	8891	13.3963666391412	DS60
WSWLV0009214	395	5653	3628	1108	9.18481012658228	DS60
WSWLV0009215	2974	49790	40944	10731	13.7673167451244	DS60
WSWLV0009216	1311	17597	15288	5088	11.6613272311213	DS60
WSWLV0009218	978	12666	12036	3876	12.3067484662577	DS60
WSWLV0009219	1344	16978	14755	5058	10.9784226190476	DS60
WSWLV0009221	499	6786	4816	1736	9.65130260521042	DS60
WSWLV0009222	809	10651	9266	3352	11.4536464771323	DS60
WSWLV0009223	1242	15612	14444	5056	11.6296296296296	DS60
WSWLV0009224	1220	14126	12625	4390	10.3483606557377	DS60
WSWLV0009229	846	8574	8064	3010	9.53191489361702	DS60
WSWLV0009230	593	8401	6942	2619	11.7065767284992	DS60
WSWLV0009233	1430	16412	15742	5280	11.0083916083916	DS60
WSWLV0009234	2884	41176	37987	11842	13.1716366158114	DS60
WSWLV0009235	1538	20176	18304	5651	11.9011703511053	DS60
WSWLV0009236	1509	15926	16720	6328	11.0801855533466	DS60
WSWLV0009237	996	13770	11932	3739	11.9799196787149	DS60
WSWLV0009238	722	8781	7934	2683	10.98891966759	DS60
WSWLV0009242	626	7759	6686	2442	10.6805111821086	DS60
WSWLV0009243	1075	11814	10991	3769	10.2241860465116	DS60
WSWLV0009245	1307	13998	14549	4759	11.1315990818669	DS60
WSWLV0009246	596	6850	5543	1913	9.3003355704698	DS60
WSWLV0009247	1533	17000	18486	6694	12.0587084148728	DS60
WSWLV0009248	516	6049	5092	1789	9.86821705426357	DS60
WSWLV0009249	3421	53389	47891	14139	13.9991230634317	DS60
WSWLV0009250	1754	25115	22261	7315	12.6915621436716	DS60
WSWLV0009251	2476	34620	32729	11085	13.2184975767367	DS60
WSWLV0009252	1031	15496	12789	3638	12.4044616876819	DS60
WSWLV0009253	1134	11237	11385	4275	10.0396825396825	DS60
WSWLV0009255	578	5813	5897	2257	10.2024221453287	DS60
WSWLV0009256	1035	12196	11995	4061	11.5893719806763	DS60
WSWLV0009257	1395	17804	16310	5429	11.6917562724014	DS60
WSWLV0009260	2177	23537	24505	8584	11.2563160312356	DS60
WSWLV0009261	1871	22025	24143	8134	12.9037947621593	DS60
WSWLV0009263	1652	23931	19868	6324	12.0266343825666	DS60
WSWLV0009264	899	10492	11026	4215	12.2647385984427	DS60
WSWLV0009267	1239	13191	13992	4759	11.2929782082324	DS60
WSWLV0009269	716	8598	8193	2830	11.4427374301676	DS60
WSWLV0009270	2514	27978	29880	10831	11.8854415274463	DS60
WSWLV0009271	1155	11929	12184	4341	10.5489177489177	DS60
WSWLV0009272	312	5148	3515	739	11.2660256410256	DS60
WSWLV0009274	414	3863	3712	1453	8.96618357487923	DS60
WSWLV0009276	1228	14107	13822	5262	11.2557003257329	DS60
WSWLV0009277	1069	13072	11613	4052	10.8634237605239	DS60
WSWLV0009281	1020	11730	11184	4174	10.9647058823529	DS60
WSWLV0009284	1176	17797	14331	3929	12.1862244897959	DS60
WSWLV0009286	1355	13285	13706	5105	10.1151291512915	DS60
WSWLV0009288	2050	22268	23134	8460	11.2848780487805	DS60
WSWLV0009290	975	16988	13354	3673	13.6964102564103	DS60
WSWLV0009291	390	4893	3415	1028	8.75641025641026	DS60
WSWLV0009293	1754	30221	25199	6675	14.366590649943	DS60
WSWLV0009294	1857	30069	25366	7806	13.6596661281637	DS60
WSWLV0009295	1750	26256	21216	6295	12.1234285714286	DS60
WSWLV0009296	1823	27437	20033	6509	10.9890290729567	DS60
WSWLV0009297	2334	33192	31282	9741	13.4027420736932	DS60
WSWLV0009298	1828	23058	20636	7194	11.2888402625821	DS60
WSWLV0009299	1994	25187	25219	8636	12.6474423269809	DS60
WSWLV0009301	1307	23445	18262	4242	13.9724560061209	DS60
WSWLV0009303	1361	17066	15475	5066	11.3703159441587	DS60
WSWLV0009304	576	5958	5657	2175	9.82118055555556	DS60
WSWLV0009306	928	12515	10543	3225	11.3609913793103	DS60
WSWLV0009310	2140	26955	25999	8805	12.1490654205607	DS60
WSWLV0009313	3451	56676	47836	14143	13.8614894233555	DS60
WSWLV0009314	1158	20301	15019	3870	12.9697754749568	DS60
WSWLV0009315	1002	12602	11259	3897	11.2365269461078	DS60
WSWLV0009316	2312	44671	36423	9307	15.753892733564	DS60
WSWLV0009318	640	9873	7635	2110	11.9296875	DS60
WSWLV0009321	1227	17536	14690	5168	11.9722901385493	DS60
WSWLV0009324	1450	20526	17356	5780	11.9696551724138	DS60
WSWLV0009327	1399	13134	13189	4807	9.42744817726948	DS60
WSWLV0009328	1593	18700	18198	6835	11.4237288135593	DS60
WSWLV0009332	1496	16819	15742	4899	10.5227272727273	DS60
WSWLV0009334	1710	23236	22688	7457	13.2678362573099	DS60
WSWLV0009335	2747	35311	33441	10617	12.1736439752457	DS60
WSWLV0009339	1614	14208	16507	6318	10.227385377943	DS60
WSWLV0009342	646	6715	6242	2403	9.6625386996904	DS60
WSWLV0009343	1345	16748	15069	4651	11.203717472119	DS60
WSWLV0009344	1707	28332	22836	6718	13.377855887522	DS60
WSWLV0009345	3387	51741	44813	13162	13.2308827871273	DS60
WSWLV0009346	1826	21920	20844	7709	11.4151150054765	DS60
WSWLV0009347	1400	21065	17931	4727	12.8078571428571	DS60
WSWLV0009348	2373	33730	30075	10099	12.6738305941846	DS60
WSWLV0009349	2413	36094	31840	8995	13.1951927061749	DS60
WSWLV0009351	1238	19251	16575	4303	13.3885298869144	DS60
WSWLV0009352	1383	18355	15764	5125	11.3984092552422	DS60
WSWLV0009353	3538	68216	54937	13425	15.5276992651215	DS60
WSWLV0009354	1370	15264	15160	5440	11.0656934306569	DS60
WSWLV0009355	1408	13402	12811	4674	9.09872159090909	DS60
WSWLV0009359	2138	39295	31431	7411	14.7011225444341	DS60
WSWLV0009360	991	11269	10455	3508	10.5499495459132	DS60
WSWLV0009361	3103	42399	39477	10845	12.7222043184015	DS60
WSWLV0009362	3732	45216	45522	16086	12.1977491961415	DS60
WSWLV0009363	1061	15031	12881	4341	12.1404335532516	DS60
WSWLV0009364	1038	11351	9233	3521	8.89499036608863	DS60
WSWLV0009365	1313	15126	15172	5428	11.5552170601676	DS60
WSWLV0009366	2449	29503	31379	10407	12.8129848917926	DS60
WSWLV0009367	2779	40284	37506	10667	13.4962216624685	DS60
WSWLV0009368	1128	13775	12031	3832	10.665780141844	DS60
WSWLV0009370	1308	14227	13893	5425	10.6215596330275	DS60
WSWLV0009372	1583	24027	21315	6574	13.4649399873658	DS60
WSWLV0009373	1862	31001	24604	7265	13.2137486573577	DS60
WSWLV0009375	749	9463	8438	3019	11.2656875834446	DS60
WSWLV0009376	1419	17048	17476	6363	12.3157152924595	DS60
WSWLV0009379	2038	24706	23846	8121	11.7006869479882	DS60
WSWLV0009380	1033	13098	11425	3923	11.0600193610842	DS60
WSWLV0009381	1120	10661	11306	4271	10.0946428571429	DS60
WSWLV0009382	1549	17130	17458	6479	11.2704970948999	DS60
WSWLV0009383	406	3958	3294	1228	8.11330049261084	DS60
WSWLV0009384	1283	12503	11023	4008	8.59158222915043	DS60
WSWLV0010002	1096	16260	16001	5248	14.5994525547445	DS60
WSWLV0010003	983	11196	11351	3530	11.5473041709054	DS60
WSWLV0010004	1952	31368	32523	9961	16.6613729508197	DS60
WSWLV0010005	1542	21351	22045	8251	14.2963683527886	DS60
WSWLV0010007	1569	28908	26426	5138	16.842574888464	DS60
WSWLV0010009	5088	99802	100095	21677	19.6727594339623	DS60
WSWLV0010017	419	6123	5082	1796	12.1288782816229	DS60
WSWLV0010018	3037	53710	55304	15443	18.2100757326309	DS60
WSWLV0010021	609	9295	8094	2494	13.2906403940887	DS60
WSWLV0010025	2218	34974	35397	11616	15.9589720468891	DS60
WSWLV0010026	1658	25037	26595	8612	16.04041013269	DS60
WSWLV0010028	2453	37046	39343	11396	16.0387280880554	DS60
WSWLV0010029	361	5026	3770	1184	10.4432132963989	DS60
WSWLV0010030	2748	51964	49272	13132	17.9301310043668	DS60
WSWLV0010032	2002	32931	32951	8975	16.459040959041	DS60
WSWLV0010033	1237	20501	19617	6327	15.858528698464	DS60
WSWLV0010034	1375	16752	17917	7007	13.0305454545455	DS60
WSWLV0010036	484	7441	5731	1489	11.8409090909091	DS60
WSWLV0010037	3194	46394	48974	16372	15.3331246086412	DS60
WSWLV0010039	1507	21972	22370	6650	14.8440610484406	DS60
WSWLV0010040	1537	24766	24606	8472	16.0091086532206	DS60
WSWLV0010041	1195	16064	18460	6420	15.4476987447699	DS60
WSWLV0010043	708	11494	10067	2989	14.2189265536723	DS60
WSWLV0010044	1067	16952	16066	5052	15.0571696344892	DS60
WSWLV0010045	1971	44417	37669	8416	19.1116184677829	DS60
WSWLV0010046	996	17159	16254	4295	16.3192771084337	DS60
WSWLV0010047	1813	30912	31806	8784	17.5432984004413	DS60
WSWLV0010049	1387	17897	17672	5522	12.7411679884643	DS60
WSWLV0010051	2453	45807	44814	12007	18.2690582959641	DS60
WSWLV0010052	618	11007	9747	2211	15.7718446601942	DS60
WSWLV0010053	2577	34813	36139	12773	14.023670935196	DS60
WSWLV0010058	608	7644	7298	2591	12.0032894736842	DS60
WSWLV0010059	2763	48844	50728	13872	18.3597538906985	DS60
WSWLV0010063	2220	32706	32362	9960	14.5774774774775	DS60
WSWLV0010064	678	12237	9784	2497	14.4306784660767	DS60
WSWLV0010065	3323	53323	56944	17651	17.1363226000602	DS60
WSWLV0010067	970	12515	12705	4642	13.0979381443299	DS60
WSWLV0010068	1382	18599	19954	6762	14.438494934877	DS60
WSWLV0010071	977	19556	16686	3769	17.078812691914	DS60
WSWLV0010073	2666	47754	46708	13067	17.5198799699925	DS60
WSWLV0010075	1503	24732	24412	7979	16.2421823020625	DS60
WSWLV0010077	1513	24190	24144	7105	15.9576999339061	DS60
WSWLV0010079	2163	38763	37797	10275	17.4743411927878	DS60
WSWLV0010083	724	12067	10490	2553	14.4889502762431	DS60
WSWLV0010084	1267	14873	16405	6128	12.947908445146	DS60
WSWLV0010086	338	5164	4023	1058	11.9023668639053	DS60
WSWLV0010087	1049	19512	19117	4937	18.2240228789323	DS60
WSWLV0010088	1711	29573	28393	7695	16.5943892460549	DS60
WSWLV0010089	697	11353	9661	2255	13.8608321377331	DS60
WSWLV0010090	2508	39606	41336	11520	16.481658692185	DS60
WSWLV0010091	2079	30134	32277	11420	15.5252525252525	DS60
WSWLV0010092	981	15351	14055	3589	14.3272171253823	DS60
WSWLV0010095	838	14504	13371	3461	15.9558472553699	DS60
WSWLV0010099	1072	14924	15716	5217	14.660447761194	DS60
WSWLV0010102	1956	29542	32162	11674	16.4427402862986	DS60
WSWLV0010103	1491	30214	29819	6650	19.9993293091885	DS60
WSWLV0010104	2040	33585	32934	11090	16.1441176470588	DS60
WSWLV0010105	827	11598	11789	3870	14.2551390568319	DS60
WSWLV0010108	736	13253	11354	2519	15.4266304347826	DS60
WSWLV0010110	991	15918	14814	4341	14.9485368314834	DS60
WSWLV0010113	3647	47353	58572	22534	16.0603235536057	DS60
WSWLV0010118	2669	50803	50035	12876	18.7467216185837	DS60
WSWLV0010123	2030	35195	34696	8145	17.0916256157635	DS60
WSWLV0010124	3378	79027	66328	13043	19.635287152161	DS60
WSWLV0010125	1563	30083	28880	8245	18.4772872680742	DS60
WSWLV0010126	702	11676	10354	2389	14.7492877492878	DS60
WSWLV0010127	1242	18566	19372	7225	15.597423510467	DS60
WSWLV0010128	1347	22662	22198	7281	16.4795842613215	DS60
WSWLV0010129	2236	30238	34158	10457	15.2763864042934	DS60
WSWLV0010132	669	10314	9524	2649	14.2361733931241	DS60
WSWLV0010134	858	11945	12399	3979	14.451048951049	DS60
WSWLV0010137	982	13168	13457	5093	13.70366598778	DS60
WSWLV0010138	5934	130885	124335	28678	20.9529828109201	DS60
WSWLV0010140	699	9541	9538	3197	13.6452074391989	DS60
WSWLV0010141	1723	25638	28800	9297	16.7150319210679	DS60
WSWLV0010142	960	14691	14249	4369	14.8427083333333	DS60
WSWLV0010144	1504	20378	21416	7592	14.2393617021277	DS60
WSWLV0010145	1076	17985	17637	5753	16.3912639405204	DS60
WSWLV0010146	1428	18149	19849	7147	13.8998599439776	DS60
WSWLV0010147	2035	35934	34582	9098	16.9936117936118	DS60
WSWLV0010148	1653	21339	22930	7672	13.8717483363581	DS60
WSWLV0010149	2125	35935	36487	8273	17.1703529411765	DS60
WSWLV0010150	3321	54709	54996	16398	16.5600722673893	DS60
WSWLV0010151	847	11466	11798	3895	13.9291617473436	DS60
WSWLV0010152	1815	29365	29383	8868	16.1889807162534	DS60
WSWLV0010154	1687	23646	26377	9516	15.6354475400119	DS60
WSWLV0010155	1999	26374	30311	11554	15.1630815407704	DS60
WSWLV0010156	1860	29241	31109	9445	16.7252688172043	DS60
WSWLV0010158	1466	20478	21334	6180	14.5525238744884	DS60
WSWLV0010161	1458	15780	19118	7399	13.1124828532236	DS60
WSWLV0010162	729	10288	9694	3829	13.2976680384088	DS60
WSWLV0010163	1544	20199	20981	7314	13.5887305699482	DS60
WSWLV0010165	904	10815	11628	4623	12.8628318584071	DS60
WSWLV0010166	1278	22570	22065	6739	17.2652582159624	DS60
WSWLV0010167	523	7987	6468	1651	12.3671128107075	DS60
WSWLV0010169	2385	37822	39416	12164	16.5266247379455	DS60
WSWLV0010171	1424	20997	22822	6162	16.0266853932584	DS60
WSWLV0010174	616	11589	10759	2574	17.4659090909091	DS60
WSWLV0010176	1398	30728	26544	5819	18.9871244635193	DS60
WSWLV0010177	701	12212	10267	3445	14.6462196861626	DS60
WSWLV0010178	1214	20292	21181	7359	17.4472817133443	DS60
WSWLV0010184	2522	38937	40351	12958	15.9996034892942	DS60
WSWLV0010185	1578	27782	27533	6907	17.4480354879594	DS60
WSWLV0010187	382	6243	4836	1327	12.6596858638743	DS60
WSWLV0010188	1048	15391	15710	4990	14.9904580152672	DS60
WSWLV0010190	5554	93971	92542	22627	16.6622254231185	DS60
WSWLV0010191	1835	30044	27593	7080	15.0370572207084	DS60
WSWLV0010192	1847	33623	32432	8589	17.5592853275582	DS60
WSWLV0010194	460	7847	6578	1620	14.3	DS60
WSWLV0010197	5393	101663	101673	28869	18.852772111997	DS60
WSWLV0010202	1507	24535	24879	7951	16.5089581950896	DS60
WSWLV0010204	760	10348	11082	3779	14.5815789473684	DS60
WSWLV0010207	829	12124	11650	3661	14.0530759951749	DS60
WSWLV0010208	1112	19017	18019	5678	16.2041366906475	DS60
WSWLV0010209	3548	61567	64884	18335	18.2874859075536	DS60
WSWLV0010210	1483	25862	26011	8037	17.5394470667566	DS60
WSWLV0010212	686	13709	10928	2106	15.930029154519	DS60
WSWLV0010213	1852	33934	30843	8307	16.6538876889849	DS60
WSWLV0010214	1447	19586	20208	6872	13.9654457498272	DS60
WSWLV0010215	1345	19543	18084	5193	13.4453531598513	DS60
WSWLV0010217	757	10550	10279	3331	13.5785997357992	DS60
WSWLV0010219	1846	33013	29975	8588	16.2378114842904	DS60
WSWLV0010220	868	13199	11828	3694	13.6267281105991	DS60
WSWLV0010223	1727	33399	29778	8248	17.2426172553561	DS60
WSWLV0010224	3154	54836	52255	16335	16.5678503487635	DS60
WSWLV0010225	3122	61471	57738	13159	18.4939141575913	DS60
WSWLV0010226	4356	75193	78086	19712	17.9260789715335	DS60
WSWLV0010229	1621	29552	27878	7222	17.1980259099321	DS60
WSWLV0010233	3383	50387	56430	17149	16.6804611291753	DS60
WSWLV0010234	2529	44297	45629	12152	18.0423092131277	DS60
WSWLV0010240	1251	18471	17184	4997	13.7362110311751	DS60
WSWLV0010241	376	6098	5293	1176	14.0771276595745	DS60
WSWLV0010242	3873	57723	62165	19228	16.0508649625613	DS60
WSWLV0010243	1441	24086	21732	4994	15.0811936155448	DS60
WSWLV0010246	4637	86135	84955	20845	18.3211127884408	DS60
WSWLV0010250	797	10357	10933	4115	13.7176913425345	DS60
WSWLV0010256	873	14504	14062	5092	16.1076746849943	DS60
WSWLV0010257	1011	14364	14180	4608	14.0257171117705	DS60
WSWLV0010259	737	11921	11345	3264	15.393487109905	DS60
WSWLV0010260	1734	21054	23857	8885	13.7583621683968	DS60
WSWLV0010261	1201	16280	17964	5872	14.9575353871774	DS60
WSWLV0010263	2865	53782	52275	13221	18.2460732984293	DS60
WSWLV0010264	921	17183	15188	3200	16.4907709011944	DS60
WSWLV0010265	1267	21763	19795	5156	15.6235201262826	DS60
WSWLV0010268	1405	19360	22245	7751	15.8327402135231	DS60
WSWLV0010270	2724	51483	51269	12203	18.8212187958884	DS60
WSWLV0010271	2286	49083	43590	9028	19.0682414698163	DS60
WSWLV0010272	1192	15809	16277	4896	13.6552013422819	DS60
WSWLV0010274	817	10086	10288	3815	12.5924112607099	DS60
WSWLV0010276	1698	26325	25676	7557	15.1213191990577	DS60
WSWLV0010278	1635	23970	24545	7474	15.0122324159021	DS60
WSWLV0010279	2384	42761	41220	13269	17.2902684563758	DS60
WSWLV0010280	546	8290	7083	1863	12.9725274725275	DS60
WSWLV0010286	1164	21576	20301	6401	17.4407216494845	DS60
WSWLV0010287	1677	33621	31189	7845	18.59809183065	DS60
WSWLV0010288	1566	22062	23351	7162	14.9112388250319	DS60
WSWLV0010293	1191	18005	17424	5881	14.6297229219144	DS60
WSWLV0010295	2730	41753	42595	12191	15.6025641025641	DS60
WSWLV0010296	2190	33575	37054	11905	16.9196347031964	DS60
WSWLV0010298	1201	15992	16902	6472	14.0732722731057	DS60
WSWLV0010299	1371	20727	21696	7190	15.8249452954048	DS60
WSWLV0010304	1045	15226	14616	5608	13.9866028708134	DS60
WSWLV0010306	767	12254	11406	3608	14.870925684485	DS60
WSWLV0010307	610	10571	9383	1948	15.3819672131148	DS60
WSWLV0010313	524	7780	6541	1739	12.4828244274809	DS60
WSWLV0010315	911	12642	11279	3435	12.3809001097695	DS60
WSWLV0010316	1989	26117	28849	10565	14.5042735042735	DS60
WSWLV0010321	3053	51268	51940	14809	17.0127743203407	DS60
WSWLV0010322	2746	49591	48149	13778	17.534231609614	DS60
WSWLV0010323	2118	28295	31950	10140	15.0849858356941	DS60
WSWLV0010325	1759	25436	27311	9489	15.5264354747015	DS60
WSWLV0010326	1071	15265	15411	4805	14.3893557422969	DS60
WSWLV0010328	342	4135	2267	725	6.62865497076023	DS60
WSWLV0010329	956	14413	14076	4358	14.7238493723849	DS60
WSWLV0010330	3731	67653	64738	17837	17.3513803269901	DS60
WSWLV0010332	1141	14009	16768	6831	14.6958808063103	DS60
WSWLV0010333	1580	25954	25837	7318	16.3525316455696	DS60
WSWLV0010335	474	5967	5055	1274	10.6645569620253	DS60
WSWLV0010336	374	3831	1972	620	5.27272727272727	DS60
WSWLV0010337	1828	30347	30588	9060	16.7330415754923	DS60
WSWLV0010338	865	13983	11988	4263	13.8589595375723	DS60
WSWLV0010339	2242	33862	36025	10974	16.0682426404996	DS60
WSWLV0010340	5537	104890	102898	30617	18.5837095900307	DS60
WSWLV0010346	1413	17632	19226	6845	13.6065109695683	DS60
WSWLV0010347	1964	34858	32824	7997	16.7128309572301	DS60
WSWLV0010349	933	13012	11950	4558	12.8081457663451	DS60
WSWLV0010350	1078	22305	20005	4358	18.5575139146568	DS60
WSWLV0010351	464	5601	4997	1898	10.7693965517241	DS60
WSWLV0010352	3207	49259	54622	18714	17.0321172435298	DS60
WSWLV0010353	1302	18053	19738	7136	15.1597542242704	DS60
WSWLV0010354	2200	33292	37594	11355	17.0881818181818	DS60
WSWLV0010356	480	7404	6259	1631	13.0395833333333	DS60
WSWLV0010357	1028	13530	14224	5428	13.8365758754864	DS60
WSWLV0010361	2222	31254	34720	11308	15.6255625562556	DS60
WSWLV0010365	1636	30790	31442	8696	19.218826405868	DS60
WSWLV0010369	1452	21514	21681	7172	14.9318181818182	DS60
WSWLV0010372	1247	24965	23087	6339	18.514033680834	DS60
WSWLV0010373	2142	32977	32451	10283	15.1498599439776	DS60
WSWLV0010374	1600	24615	26062	8956	16.28875	DS60
WSWLV0010376	1096	19710	19198	5103	17.5164233576642	DS60
WSWLV0010378	4841	89459	88665	22737	18.3154306961372	DS60
WSWLV0010379	4179	96261	85368	19155	20.4278535534817	DS60
WSWLV0010380	1061	19565	18497	4898	17.4335532516494	DS60
WSWLV0010381	1967	45281	41050	8637	20.8693441789527	DS60
WSWLV0010382	1241	16379	17517	6208	14.1152296535052	DS60
WSWLV0010384	786	10022	9149	2634	11.6399491094148	DS60
WSWLV0011001	925	15912	14649	4993	15.8367567567568	DS60
WSWLV0011002	3566	69643	63906	17034	17.9209197980931	DS60
WSWLV0011004	3389	80651	70912	16698	20.9241664207731	DS60
WSWLV0011005	588	10355	8754	2756	14.8877551020408	DS60
WSWLV0011006	747	13999	12158	3615	16.2757697456493	DS60
WSWLV0011009	829	13993	12610	3917	15.211097708082	DS60
WSWLV0011014	1137	19762	17841	5822	15.6912928759894	DS60
WSWLV0011017	992	14884	15653	5617	15.7792338709677	DS60
WSWLV0011018	445	9421	6623	1922	14.8831460674157	DS60
WSWLV0011021	2517	47253	45021	13379	17.8867699642431	DS60
WSWLV0011025	2329	40625	38814	12484	16.6655216831258	DS60
WSWLV0011027	1806	29191	31621	11911	17.5088593576966	DS60
WSWLV0011029	2193	35724	33125	11121	15.1048791609667	DS60
WSWLV0011031	1320	23967	23407	7862	17.7325757575758	DS60
WSWLV0011032	2320	42116	41607	12815	17.9340517241379	DS60
WSWLV0011033	2276	45302	43945	13241	19.3079964850615	DS60
WSWLV0011034	3547	62515	67551	22049	19.0445446856498	DS60
WSWLV0011035	1860	33345	32855	10726	17.6639784946237	DS60
WSWLV0011037	1513	29681	28662	9272	18.9438202247191	DS60
WSWLV0011039	1650	27569	27043	9790	16.389696969697	DS60
WSWLV0011043	1353	26628	24512	7091	18.1167775314117	DS60
WSWLV0011046	1544	29823	25540	8936	16.5414507772021	DS60
WSWLV0011047	4450	101342	88079	20839	19.7930337078652	DS60
WSWLV0011049	927	16378	14466	4265	15.6051779935275	DS60
WSWLV0011050	1757	39146	33593	9725	19.1195219123506	DS60
WSWLV0011056	1739	31934	30860	9558	17.7458309373203	DS60
WSWLV0011057	1676	28963	28647	9632	17.0924821002387	DS60
WSWLV0011058	2169	41970	39214	11523	18.0792992162287	DS60
WSWLV0011060	942	16228	14675	5128	15.5785562632696	DS60
WSWLV0011064	2144	37319	36892	13178	17.2070895522388	DS60
WSWLV0011067	1170	21391	18817	6708	16.082905982906	DS60
WSWLV0011070	2697	54272	50651	14393	18.78049684835	DS60
WSWLV0011071	1221	22927	21365	7316	17.4979524979525	DS60
WSWLV0011072	750	10938	9082	2991	12.1093333333333	DS60
WSWLV0011073	1714	35243	31406	9403	18.3232205367561	DS60
WSWLV0011074	425	7722	5461	1352	12.8494117647059	DS60
WSWLV0011076	1560	27991	26652	9635	17.0846153846154	DS60
WSWLV0011078	2525	51948	47424	11620	18.7817821782178	DS60
WSWLV0011079	2628	51102	48186	14698	18.3356164383562	DS60
WSWLV0011082	2733	59506	53585	14319	19.6066593487011	DS60
WSWLV0011083	2385	35052	35767	13411	14.9966457023061	DS60
WSWLV0011084	799	15359	12172	3688	15.2340425531915	DS60
WSWLV0011087	2322	39024	39184	13731	16.8751076658053	DS60
WSWLV0011088	615	9418	8104	3181	13.1772357723577	DS60
WSWLV0011091	2434	42561	43049	13136	17.6865242399343	DS60
WSWLV0011093	885	15122	11457	3341	12.9457627118644	DS60
WSWLV0011094	2461	57340	49085	11353	19.9451442503048	DS60
WSWLV0011095	1023	20344	16508	4688	16.1368523949169	DS60
WSWLV0011096	1660	26263	25358	9345	15.2759036144578	DS60
WSWLV0011097	2587	59718	52853	13874	20.4302280633939	DS60
WSWLV0011098	638	10880	9860	3417	15.4545454545455	DS60
WSWLV0011100	1695	25883	25652	8983	15.1339233038348	DS60
WSWLV0011103	2483	44895	44971	13821	18.1115585984696	DS60
WSWLV0011104	1793	37603	33181	8989	18.5058561070831	DS60
WSWLV0011106	2510	43948	43082	12934	17.1641434262948	DS60
WSWLV0011107	1684	29025	28573	8589	16.9673396674584	DS60
WSWLV0011109	3482	70997	68557	20054	19.6889718552556	DS60
WSWLV0011110	512	8802	7523	2370	14.693359375	DS60
WSWLV0011111	1698	30719	28543	8694	16.8097762073027	DS60
WSWLV0011112	730	12263	9671	2724	13.2479452054795	DS60
WSWLV0011120	1529	27851	27589	7352	18.0438194898627	DS60
WSWLV0011122	1483	23915	23916	8231	16.1267700606878	DS60
WSWLV0011123	1422	28306	22911	6517	16.1118143459916	DS60
WSWLV0011124	1500	29148	25785	7003	17.19	DS60
WSWLV0011126	1391	24052	23803	8150	17.1121495327103	DS60
WSWLV0011127	2138	31830	32606	11720	15.2507015902713	DS60
WSWLV0011130	1122	18739	18588	7066	16.5668449197861	DS60
WSWLV0011133	3873	92164	79805	18935	20.6054737929254	DS60
WSWLV0011135	3044	57642	55680	17699	18.2917214191853	DS60
WSWLV0011136	1434	31924	26178	6543	18.255230125523	DS60
WSWLV0011138	1091	22282	19088	5131	17.4958753437214	DS60
WSWLV0011141	2404	40560	40992	14170	17.0515806988353	DS60
WSWLV0011143	435	7399	5420	1532	12.4597701149425	DS60
WSWLV0011144	1879	34545	33442	11596	17.7977647684939	DS60
WSWLV0011146	1573	32119	27390	6230	17.4125874125874	DS60
WSWLV0011147	2173	39294	37929	12894	17.454670961804	DS60
WSWLV0011148	1050	19592	14868	5041	14.16	DS60
WSWLV0011150	3100	55065	55291	16441	17.8358064516129	DS60
WSWLV0011151	524	10045	7081	2075	13.513358778626	DS60
WSWLV0011152	862	17684	14403	3181	16.7088167053364	DS60
WSWLV0011153	462	8186	6370	1914	13.7878787878788	DS60
WSWLV0011154	1152	25669	19678	4685	17.0815972222222	DS60
WSWLV0011161	2162	38311	35105	11455	16.2372802960222	DS60
WSWLV0011163	1666	24088	25354	9644	15.218487394958	DS60
WSWLV0011165	4311	108335	88422	18658	20.5107863604732	DS60
WSWLV0011167	746	16577	14481	3621	19.4115281501341	DS60
WSWLV0011169	640	11484	8824	2947	13.7875	DS60
WSWLV0011171	1198	18048	15940	5512	13.30550918197	DS60
WSWLV0011173	1706	32375	28973	8478	16.9830011723329	DS60
WSWLV0011174	1351	23316	19822	6672	14.6720947446336	DS60
WSWLV0011176	1824	34325	32588	8935	17.8662280701754	DS60
WSWLV0011177	1121	17534	13475	4159	12.0205173951829	DS60
WSWLV0011178	1171	23207	21045	6158	17.9718189581554	DS60
WSWLV0011180	706	12250	9096	2780	12.8838526912181	DS60
WSWLV0011181	2330	45994	40109	12553	17.2141630901288	DS60
WSWLV0011186	1569	25095	24291	8928	15.4818355640535	DS60
WSWLV0011189	2403	39330	39604	14221	16.4810653349979	DS60
WSWLV0011190	1225	21357	18127	4864	14.7975510204082	DS60
WSWLV0011191	1024	17133	14033	4334	13.7041015625	DS60
WSWLV0011192	1568	26678	26822	7425	17.1058673469388	DS60
WSWLV0011193	430	8283	5667	1191	13.1790697674419	DS60
WSWLV0011197	2732	59961	55335	14325	20.25439238653	DS60
WSWLV0011200	1662	27460	27426	9214	16.5018050541516	DS60
WSWLV0011204	2128	36545	37540	13306	17.640977443609	DS60
WSWLV0011205	1619	34440	30837	8332	19.046942557134	DS60
WSWLV0011206	1891	46083	39375	8032	20.8223162347964	DS60
WSWLV0011207	860	20919	16393	3402	19.0616279069767	DS60
WSWLV0011208	432	8182	5647	1669	13.0717592592593	DS60
WSWLV0011210	2825	47894	52793	18992	18.6877876106195	DS60
WSWLV0011211	1846	31596	33183	11052	17.9756229685807	DS60
WSWLV0011212	1163	24380	20895	5405	17.9664660361135	DS60
WSWLV0011213	1167	19457	17873	6322	15.3153384747215	DS60
WSWLV0011214	1486	26419	24371	8075	16.4004037685061	DS60
WSWLV0011215	756	12721	11529	3890	15.25	DS60
WSWLV0011216	1014	19636	18045	5800	17.7958579881657	DS60
WSWLV0011217	1925	35928	34105	9710	17.7168831168831	DS60
WSWLV0011218	424	7523	6364	1995	15.0094339622642	DS60
WSWLV0011222	1589	30787	28074	8184	17.6677155443675	DS60
WSWLV0011223	2147	35194	35269	12463	16.4271075919888	DS60
WSWLV0011224	3310	75665	66797	17705	20.1803625377644	DS60
WSWLV0011225	1116	17394	16116	5111	14.4408602150538	DS60
WSWLV0011227	3906	78402	73699	22359	18.8681515617	DS60
WSWLV0011229	1578	30541	28760	8205	18.2256020278834	DS60
WSWLV0011230	1624	27842	26472	9539	16.3004926108374	DS60
WSWLV0011232	5355	119344	110836	28836	20.6976657329599	DS60
WSWLV0011233	1223	18711	16969	5255	13.874897792314	DS60
WSWLV0011236	1244	22242	21410	7407	17.2106109324759	DS60
WSWLV0011240	2370	50631	46418	11226	19.5856540084388	DS60
WSWLV0011241	1103	18950	16581	5532	15.0326382592928	DS60
WSWLV0011244	2893	66158	59217	15724	20.4690632561355	DS60
WSWLV0011245	2004	37976	35361	11073	17.6452095808383	DS60
WSWLV0011246	2185	58758	48337	8095	22.1221967963387	DS60
WSWLV0011249	1082	18922	17871	6267	16.5166358595194	DS60
WSWLV0011250	1265	21335	20695	7915	16.3596837944664	DS60
WSWLV0011252	1464	27439	24620	8173	16.8169398907104	DS60
WSWLV0011255	3074	58326	55267	15804	17.9788549121666	DS60
WSWLV0011258	915	14401	13332	4700	14.5704918032787	DS60
WSWLV0011262	941	17719	14876	4460	15.8087141339001	DS60
WSWLV0011264	1554	32778	28343	8441	18.2387387387387	DS60
WSWLV0011267	784	14050	12070	3738	15.3954081632653	DS60
WSWLV0011268	1447	24441	24535	9135	16.9557705597789	DS60
WSWLV0011271	1686	37664	32508	8397	19.2811387900356	DS60
WSWLV0011272	2627	39653	42142	13569	16.0418728587743	DS60
WSWLV0011273	2500	54024	47207	13220	18.8828	DS60
WSWLV0011274	1268	18599	20626	7764	16.2665615141956	DS60
WSWLV0011276	1355	26024	20646	6374	15.2369003690037	DS60
WSWLV0011277	1717	32184	29892	9232	17.4094350611532	DS60
WSWLV0011278	452	7889	5510	1604	12.1902654867257	DS60
WSWLV0011280	2342	38864	40059	13827	17.1046114432109	DS60
WSWLV0011281	1548	25680	26168	9579	16.9043927648579	DS60
WSWLV0011283	2875	63674	59869	13355	20.824	DS60
WSWLV0011284	1251	30638	24323	5786	19.4428457234213	DS60
WSWLV0011287	2393	49839	47341	14788	19.7831174258253	DS60
WSWLV0011288	1005	14860	14660	5316	14.5870646766169	DS60
WSWLV0011295	2302	31219	32562	11941	14.1450912250217	DS60
WSWLV0011296	1207	20632	19056	6599	15.7879038939519	DS60
WSWLV0011299	1298	24825	23399	7657	18.0269645608629	DS60
WSWLV0011300	934	19192	14009	4014	14.9989293361884	DS60
WSWLV0011301	781	15344	12106	4129	15.5006402048656	DS60
WSWLV0011303	1597	27428	25103	7468	15.7188478396994	DS60
WSWLV0011304	1758	29373	28207	9654	16.0449374288965	DS60
WSWLV0011306	1262	19750	18791	6809	14.8898573692552	DS60
WSWLV0011307	514	9555	6360	1803	12.3735408560311	DS60
WSWLV0011308	2163	42468	35474	11258	16.4003698566805	DS60
WSWLV0011309	582	10376	9313	2960	16.0017182130584	DS60
WSWLV0011310	1927	38781	33387	10307	17.3258951738454	DS60
WSWLV0011311	2814	56452	53182	16944	18.8990760483298	DS60
WSWLV0011312	4564	99060	88390	22735	19.3667835232252	DS60
WSWLV0011313	1123	18252	16195	5591	14.4211932324132	DS60
WSWLV0011315	2228	51698	41998	8828	18.8500897666068	DS60
WSWLV0011316	1127	19995	17806	5594	15.7994676131322	DS60
WSWLV0011318	677	13252	9779	2751	14.4446085672083	DS60
WSWLV0011320	707	14394	11347	2766	16.0495049504951	DS60
WSWLV0011322	923	15379	12631	4233	13.6847237269772	DS60
WSWLV0011323	1645	35301	29548	7422	17.9623100303951	DS60
WSWLV0011325	1255	27299	22434	5958	17.8756972111554	DS60
WSWLV0011326	729	15197	12041	3603	16.517146776406	DS60
WSWLV0011328	1416	25599	22417	6839	15.8312146892655	DS60
WSWLV0011330	1694	29483	28016	9472	16.5383707201889	DS60
WSWLV0011331	1248	21969	19322	6484	15.4823717948718	DS60
WSWLV0011332	3270	79602	69241	16979	21.1746177370031	DS60
WSWLV0011333	1585	37993	29485	7111	18.602523659306	DS60
WSWLV0011339	2937	59608	51494	14032	17.5328566564522	DS60
WSWLV0011341	1070	20448	18902	6703	17.6654205607477	DS60
WSWLV0011342	2304	54514	45504	11284	19.75	DS60
WSWLV0011344	4744	102319	94253	26395	19.8678330522766	DS60
WSWLV0011346	846	13910	11917	4180	14.0862884160757	DS60
WSWLV0011347	841	16344	12363	3509	14.7003567181926	DS60
WSWLV0011348	1182	22972	19947	6664	16.8756345177665	DS60
WSWLV0011349	1558	37655	29759	8112	19.1007702182285	DS60
WSWLV0011351	2392	50037	44372	12098	18.5501672240803	DS60
WSWLV0011354	3548	62551	62532	20445	17.6245772266065	DS60
WSWLV0011357	1413	25324	23689	7159	16.7650389242746	DS60
WSWLV0011363	2203	57706	44345	10609	20.1293690422152	DS60
WSWLV0011364	780	12881	10340	2993	13.2564102564103	DS60
WSWLV0011366	2041	35615	33401	11826	16.3650171484566	DS60
WSWLV0011367	2068	37819	36454	10244	17.6276595744681	DS60
WSWLV0011368	4673	92819	85356	23697	18.2657821527926	DS60
WSWLV0011369	971	16588	14814	5147	15.2564366632338	DS60
WSWLV0011370	2413	44146	42456	10479	17.5946953999171	DS60
WSWLV0011371	1436	25872	21374	6775	14.8844011142061	DS60
WSWLV0011372	2026	37670	35139	12350	17.3440276406713	DS60
WSWLV0011375	1641	29577	25025	8617	15.2498476538696	DS60
WSWLV0011376	3669	71596	69937	20274	19.0615971654402	DS60
WSWLV0011378	2665	53039	43757	11800	16.4191369606004	DS60
WSWLV0011380	3966	91361	80295	20736	20.2458396369138	DS60
WSWLV0011382	2629	44669	44318	15255	16.8573602130088	DS60
WSWLV0012001	1822	32917	35026	12276	19.2239297475302	DS60
WSWLV0012003	2239	36097	38281	13436	17.0973648950424	DS60
WSWLV0012004	1819	39696	36201	11984	19.9015942825728	DS60
WSWLV0012005	695	12857	11434	3873	16.4517985611511	DS60
WSWLV0012006	1321	25758	26016	7456	19.6941710825132	DS60
WSWLV0012008	2199	43066	42045	13567	19.1200545702592	DS60
WSWLV0012009	1054	19694	19607	6196	18.6024667931689	DS60
WSWLV0012012	1536	25262	25216	8163	16.4166666666667	DS60
WSWLV0012013	2270	44353	42608	14730	18.7700440528634	DS60
WSWLV0012015	5254	117816	106851	24289	20.3370765131329	DS60
WSWLV0012016	4679	96663	93412	25764	19.964094892071	DS60
WSWLV0012020	703	11381	9161	2688	13.0312944523471	DS60
WSWLV0012021	1738	27187	29800	11632	17.1461449942463	DS60
WSWLV0012022	841	15368	12854	3685	15.2841854934602	DS60
WSWLV0012023	4899	88987	98274	33624	20.0600122473974	DS60
WSWLV0012024	1318	21431	21855	8231	16.5819423368741	DS60
WSWLV0012025	1767	31695	32656	11069	18.4810413129598	DS60
WSWLV0012026	2482	50226	50941	15737	20.5241740531829	DS60
WSWLV0012030	2371	37851	43270	14976	18.2496836777731	DS60
WSWLV0012031	2155	35688	35510	12372	16.4779582366589	DS60
WSWLV0012033	650	10634	9820	3651	15.1076923076923	DS60
WSWLV0012035	1939	27017	33286	14363	17.1665807117071	DS60
WSWLV0012036	725	19171	14524	3132	20.0331034482759	DS60
WSWLV0012037	724	14390	10475	3424	14.4682320441989	DS60
WSWLV0012038	2750	48554	54290	18235	19.7418181818182	DS60
WSWLV0012039	780	14122	13276	4407	17.0205128205128	DS60
WSWLV0012041	2500	49579	48222	16737	19.2888	DS60
WSWLV0012047	987	18522	17525	4964	17.7558257345491	DS60
WSWLV0012049	1792	32173	30637	10261	17.0965401785714	DS60
WSWLV0012050	612	11460	9259	3406	15.1290849673203	DS60
WSWLV0012053	1616	27614	27531	9821	17.0365099009901	DS60
WSWLV0012054	1343	27737	24541	6949	18.2732688011914	DS60
WSWLV0012055	1356	27457	27475	8298	20.2617994100295	DS60
WSWLV0012056	2240	43307	41902	14067	18.70625	DS60
WSWLV0012059	2300	40723	39205	13295	17.045652173913	DS60
WSWLV0012060	1398	20173	19906	7763	14.238912732475	DS60
WSWLV0012064	573	11459	8770	2775	15.3054101221641	DS60
WSWLV0012065	736	10727	9741	3917	13.2350543478261	DS60
WSWLV0012066	2727	43499	46307	17739	16.980931426476	DS60
WSWLV0012067	716	12338	8680	2915	12.122905027933	DS60
WSWLV0012068	2581	42385	44280	15857	17.1561410306083	DS60
WSWLV0012069	1983	41059	40470	10243	20.4084720121029	DS60
WSWLV0012070	1973	30406	34817	13368	17.6467308667005	DS60
WSWLV0012073	1034	17806	15529	5460	15.0183752417795	DS60
WSWLV0012074	2148	39606	40361	12931	18.7900372439479	DS60
WSWLV0012075	686	13335	9019	2907	13.1472303206997	DS60
WSWLV0012076	1089	18948	19722	7136	18.1101928374656	DS60
WSWLV0012077	652	11751	9047	3481	13.8757668711656	DS60
WSWLV0012079	1456	29723	28911	9939	19.856456043956	DS60
WSWLV0012082	2339	44684	40440	11847	17.2894399315947	DS60
WSWLV0012084	2029	29326	29311	12044	14.4460325283391	DS60
WSWLV0012085	1230	19617	16539	5915	13.4463414634146	DS60
WSWLV0012086	2509	44457	49835	17141	19.8624950179354	DS60
WSWLV0012087	863	15917	14711	4486	17.0463499420626	DS60
WSWLV0012089	707	10944	8619	3356	12.1909476661952	DS60
WSWLV0012090	525	9552	8194	2623	15.607619047619	DS60
WSWLV0012091	754	13753	11374	4407	15.0848806366048	DS60
WSWLV0012092	1897	34929	32253	10553	17.0021085925145	DS60
WSWLV0012094	903	12857	11641	4690	12.8914728682171	DS60
WSWLV0012098	549	9010	7833	2685	14.2677595628415	DS60
WSWLV0012100	3294	65658	65996	19493	20.0352155434123	DS60
WSWLV0012101	816	7273	7870	2800	9.64460784313725	DS60
WSWLV0012102	723	13017	12163	3991	16.8229598893499	DS60
WSWLV0012103	1069	20704	18715	6435	17.5070159027128	DS60
WSWLV0012104	1019	17644	17991	6541	17.6555446516192	DS60
WSWLV0012109	1317	22955	24554	8519	18.6438876233865	DS60
WSWLV0012110	4979	88207	103746	32394	20.8367141996385	DS60
WSWLV0012111	1801	38941	37448	9853	20.7928928373126	DS60
WSWLV0012112	1364	23910	24454	8005	17.9281524926686	DS60
WSWLV0012113	371	6174	4996	1747	13.466307277628	DS60
WSWLV0012115	448	8966	6184	1769	13.8035714285714	DS60
WSWLV0012116	579	11849	9169	2679	15.8359240069085	DS60
WSWLV0012117	2064	39096	39119	11432	18.953003875969	DS60
WSWLV0012118	378	7011	5106	1307	13.5079365079365	DS60
WSWLV0012119	2626	46757	51806	16616	19.7281035795887	DS60
WSWLV0012120	3094	60976	58782	15468	18.9987071751778	DS60
WSWLV0012123	902	18943	16413	4547	18.1962305986696	DS60
WSWLV0012125	2460	50746	49116	15505	19.9658536585366	DS60
WSWLV0012132	783	12487	10073	3712	12.8646232439336	DS60
WSWLV0012133	432	7743	3949	1058	9.1412037037037	DS60
WSWLV0012137	1270	26538	27047	8021	21.2968503937008	DS60
WSWLV0012139	3464	63596	70772	22655	20.4307159353349	DS60
WSWLV0012141	1294	24836	23661	7466	18.2851622874807	DS60
WSWLV0012143	1808	36057	34427	9650	19.041482300885	DS60
WSWLV0012144	4536	82219	85041	26950	18.7480158730159	DS60
WSWLV0012146	1366	22068	21179	6927	15.50439238653	DS60
WSWLV0012149	2154	34738	37177	14163	17.2595171773445	DS60
WSWLV0012150	2424	43522	45117	14411	18.6126237623762	DS60
WSWLV0012152	4618	93747	92015	27334	19.9252923343439	DS60
WSWLV0012154	2181	40364	39534	12627	18.1265474552957	DS60
WSWLV0012155	435	7310	4282	1462	9.84367816091954	DS60
WSWLV0012158	375	6863	5555	1658	14.8133333333333	DS60
WSWLV0012159	1450	25987	25181	8631	17.3662068965517	DS60
WSWLV0012160	5772	138310	115550	28112	20.0190575190575	DS60
WSWLV0012161	990	16487	14831	5430	14.9808080808081	DS60
WSWLV0012163	2944	48746	52713	18395	17.9052309782609	DS60
WSWLV0012164	1618	29491	29965	11409	18.5197775030902	DS60
WSWLV0012165	2633	57113	50145	14305	19.0448157994683	DS60
WSWLV0012166	3398	60742	66298	22478	19.510888758093	DS60
WSWLV0012167	1275	28487	24030	6747	18.8470588235294	DS60
WSWLV0012168	1130	18950	19561	6306	17.3106194690266	DS60
WSWLV0012169	1350	22255	21389	7767	15.8437037037037	DS60
WSWLV0012172	1085	17638	15856	5286	14.6138248847926	DS60
WSWLV0012174	2575	53292	47244	13766	18.3471844660194	DS60
WSWLV0012177	844	14378	13734	5191	16.2725118483412	DS60
WSWLV0012182	1959	33093	32824	12013	16.7554874936192	DS60
WSWLV0012183	1475	25952	25775	9627	17.4745762711864	DS60
WSWLV0012185	517	9016	7410	2476	14.3326885880077	DS60
WSWLV0012186	1001	16360	14224	5227	14.2097902097902	DS60
WSWLV0012187	2255	41009	38273	12270	16.9725055432373	DS60
WSWLV0012194	967	16539	16215	5648	16.7683557394002	DS60
WSWLV0012195	1449	24704	24066	8315	16.6086956521739	DS60
WSWLV0012197	999	22731	19423	5407	19.4424424424424	DS60
WSWLV0012198	3125	58831	60008	19731	19.20256	DS60
WSWLV0012199	5096	142375	120419	25686	23.6301020408163	DS60
WSWLV0012201	2081	38672	40833	12888	19.6218164344065	DS60
WSWLV0012203	1318	27512	23772	6719	18.0364188163885	DS60
WSWLV0012204	3737	71083	73075	19690	19.5544554455446	DS60
WSWLV0012207	7375	139671	141410	40106	19.1742372881356	DS60
WSWLV0012209	1252	23213	21820	5961	17.4281150159744	DS60
WSWLV0012213	1572	23833	28601	11688	18.1940203562341	DS60
WSWLV0012215	4508	108658	98293	22501	21.8041259982254	DS60
WSWLV0012218	1011	20712	19444	7721	19.2324431256182	DS60
WSWLV0012220	4109	73215	75133	23909	18.284984181066	DS60
WSWLV0012222	2610	57894	56023	13711	21.4647509578544	DS60
WSWLV0012223	2505	54024	49009	14716	19.5644710578842	DS60
WSWLV0012224	966	19186	18283	5558	18.9265010351967	DS60
WSWLV0012225	1459	23789	24368	8688	16.7018505825908	DS60
WSWLV0012227	1134	22979	19229	5734	16.9567901234568	DS60
WSWLV0012230	964	16907	17783	6767	18.4470954356846	DS60
WSWLV0012233	946	15724	15257	4235	16.1279069767442	DS60
WSWLV0012237	1031	19619	20472	6527	19.8564500484966	DS60
WSWLV0012238	1312	26488	25056	8099	19.0975609756098	DS60
WSWLV0012239	2869	61122	62310	16427	21.7183687696061	DS60
WSWLV0012240	467	9802	7104	1836	15.2119914346895	DS60
WSWLV0012241	2286	38542	44875	15797	19.6303587051619	DS60
WSWLV0012244	2026	38731	36813	11796	18.170286278381	DS60
WSWLV0012245	2389	41619	45131	14348	18.891167852658	DS60
WSWLV0012246	775	15294	13572	3584	17.5122580645161	DS60
WSWLV0012250	871	17544	13273	4293	15.2388059701493	DS60
WSWLV0012251	837	13601	12686	5115	15.1565113500597	DS60
WSWLV0012252	1270	22753	22323	8028	17.5771653543307	DS60
WSWLV0012253	1408	35863	31265	6783	22.2052556818182	DS60
WSWLV0012259	1470	24015	22196	8027	15.0993197278912	DS60
WSWLV0012262	658	12532	10513	3510	15.9772036474164	DS60
WSWLV0012264	1436	26952	27340	8964	19.0389972144847	DS60
WSWLV0012268	2021	36734	34950	11749	17.2934190994557	DS60
WSWLV0012269	1568	25733	26496	8712	16.8979591836735	DS60
WSWLV0012271	1831	35653	35748	10243	19.5237575095576	DS60
WSWLV0012272	1605	24557	29024	10248	18.0834890965732	DS60
WSWLV0012275	1724	25869	26288	10031	15.2482598607889	DS60
WSWLV0012276	480	8999	5930	1864	12.3541666666667	DS60
WSWLV0012278	2024	34855	34570	12106	17.0800395256917	DS60
WSWLV0012283	1017	18890	18570	6587	18.259587020649	DS60
WSWLV0012284	1425	20747	20963	8300	14.7108771929825	DS60
WSWLV0012286	677	12574	9972	3633	14.7296898079764	DS60
WSWLV0012287	674	12281	11116	3711	16.4925816023739	DS60
WSWLV0012288	2119	38590	39162	13347	18.4813591316659	DS60
WSWLV0012290	2369	48196	48520	15637	20.4812157028282	DS60
WSWLV0012291	1471	25878	26049	8141	17.7083616587356	DS60
WSWLV0012292	2743	53663	54317	17899	19.8020415603354	DS60
WSWLV0012293	791	16752	13526	3583	17.0998735777497	DS60
WSWLV0012294	516	8444	7597	2669	14.7228682170543	DS60
WSWLV0012295	1815	28336	28999	9346	15.9774104683196	DS60
WSWLV0012296	389	7002	5422	1825	13.9383033419023	DS60
WSWLV0012297	2116	32743	37745	14212	17.8379017013233	DS60
WSWLV0012298	1114	22874	20392	5125	18.3052064631957	DS60
WSWLV0012300	1716	33510	31144	9314	18.1491841491841	DS60
WSWLV0012301	3162	65452	65231	19986	20.6296647691335	DS60
WSWLV0012302	4233	111319	93279	18584	22.0361445783133	DS60
WSWLV0012303	2892	51325	53548	18778	18.5159059474412	DS60
WSWLV0012305	1428	24439	24339	9581	17.0441176470588	DS60
WSWLV0012306	596	9832	7192	2526	12.0671140939597	DS60
WSWLV0012307	1694	29609	30497	11067	18.0029515938607	DS60
WSWLV0012308	2429	42990	45531	16432	18.7447509263071	DS60
WSWLV0012310	2750	54404	53588	17461	19.4865454545455	DS60
WSWLV0012311	2342	38067	41789	15842	17.8432963279249	DS60
WSWLV0012313	1313	22487	22833	8581	17.3899466869764	DS60
WSWLV0012316	1642	34444	32532	8663	19.8124238733252	DS60
WSWLV0012319	2711	41124	45835	15735	16.9070453707119	DS60
WSWLV0012320	3052	57562	60330	17728	19.7673656618611	DS60
WSWLV0012321	352	5947	3704	1025	10.5227272727273	DS60
WSWLV0012322	1068	17531	16925	6231	15.8473782771536	DS60
WSWLV0012323	3597	74856	68102	19102	18.9329997219906	DS60
WSWLV0012325	1258	23796	23142	7095	18.39586645469	DS60
WSWLV0012326	2722	61279	55797	14795	20.4985304922851	DS60
WSWLV0012329	568	9939	6957	2468	12.2482394366197	DS60
WSWLV0012330	2702	50729	50425	17182	18.6621021465581	DS60
WSWLV0012331	767	14008	10374	2907	13.5254237288136	DS60
WSWLV0012333	715	13833	11002	3754	15.3874125874126	DS60
WSWLV0012334	985	18526	18870	6684	19.1573604060914	DS60
WSWLV0012336	498	7183	4021	1075	8.07429718875502	DS60
WSWLV0012338	1215	27731	22806	6521	18.7703703703704	DS60
WSWLV0012339	949	16832	16963	6065	17.8746048472076	DS60
WSWLV0012340	1325	22043	23578	8977	17.7947169811321	DS60
WSWLV0012344	2632	48337	49512	15070	18.8115501519757	DS60
WSWLV0012346	801	14872	11490	3606	14.3445692883895	DS60
WSWLV0012347	1210	25990	18974	5422	15.6809917355372	DS60
WSWLV0012349	1576	27498	23804	7737	15.1040609137056	DS60
WSWLV0012350	2099	42372	41011	11966	19.5383515959981	DS60
WSWLV0012351	806	16755	14364	4277	17.8213399503722	DS60
WSWLV0012357	1855	26524	28909	11889	15.5843665768194	DS60
WSWLV0012360	2378	37383	43582	15541	18.32716568545	DS60
WSWLV0012361	3325	50516	53750	19100	16.1654135338346	DS60
WSWLV0012362	969	15362	13242	4719	13.6656346749226	DS60
WSWLV0012363	996	18637	15553	5499	15.6154618473896	DS60
WSWLV0012365	696	11200	8609	3228	12.3692528735632	DS60
WSWLV0012368	1360	21274	21566	7858	15.8573529411765	DS60
WSWLV0012369	2128	34577	36214	13600	17.0178571428571	DS60
WSWLV0012370	934	14472	12871	5627	13.7805139186296	DS60
WSWLV0012371	1944	27924	30349	11912	15.6116255144033	DS60
WSWLV0012372	549	10024	5709	1712	10.3989071038251	DS60
WSWLV0012373	1084	20276	17548	6016	16.1881918819188	DS60
WSWLV0012376	1298	24268	21505	6649	16.5677966101695	DS60
WSWLV0012378	473	8347	5137	1602	10.8604651162791	DS60
WSWLV0012379	1404	25236	23282	8039	16.5826210826211	DS60
WSWLV0012383	935	14183	14701	5779	15.7229946524064	DS60
WSWLV0012384	556	8020	5966	1813	10.7302158273381	DS60
WSWLV0013001	1006	16324	13658	3508	13.5765407554672	DS60
WSWLV0013002	1994	38377	33541	6889	16.820962888666	DS60
WSWLV0013003	1202	24506	20255	3504	16.851081530782	DS60
WSWLV0013005	1007	13895	12859	3869	12.7696127110228	DS60
WSWLV0013006	1853	30175	28598	7133	15.4333513221802	DS60
WSWLV0013009	1894	46118	38268	5119	20.2048574445618	DS60
WSWLV0013011	2089	24823	24398	7420	11.6792723791288	DS60
WSWLV0013012	1687	25013	23513	6198	13.9377593360996	DS60
WSWLV0013014	2799	53946	47284	10345	16.8931761343337	DS60
WSWLV0013015	2079	33420	29221	7892	14.0553150553151	DS60
WSWLV0013016	1185	21071	18507	4567	15.6177215189873	DS60
WSWLV0013018	1192	16435	15831	4342	13.2810402684564	DS60
WSWLV0013019	4821	77018	74404	21365	15.4333125907488	DS60
WSWLV0013020	639	11176	9420	2009	14.7417840375587	DS60
WSWLV0013022	1478	20667	19599	5466	13.2604871447903	DS60
WSWLV0013024	3690	46244	46892	15895	12.7078590785908	DS60
WSWLV0013028	1963	48153	40072	5999	20.413652572593	DS60
WSWLV0013030	2090	40723	37353	7951	17.8722488038278	DS60
WSWLV0013034	1694	22489	22471	7317	13.2650531286895	DS60
WSWLV0013036	539	8727	6591	1313	12.2282003710575	DS60
WSWLV0013037	3286	75663	60645	11989	18.4555690809495	DS60
WSWLV0013038	2582	53967	45895	9071	17.7749806351665	DS60
WSWLV0013039	1941	28111	26722	7770	13.7671303451829	DS60
WSWLV0013041	1184	17024	15754	4446	13.3057432432432	DS60
WSWLV0013042	4006	82841	72413	12687	18.0761357963055	DS60
WSWLV0013043	3202	54421	51405	13255	16.0540287320425	DS60
WSWLV0013045	2258	30352	31658	9548	14.0203720106289	DS60
WSWLV0013047	6904	134183	122404	29433	17.7294322132097	DS60
WSWLV0013048	1901	28866	24502	7075	12.8890057864282	DS60
WSWLV0013049	578	6659	5592	1637	9.67474048442907	DS60
WSWLV0013050	3296	47171	46831	14718	14.2084344660194	DS60
WSWLV0013051	1272	26291	22520	4903	17.7044025157233	DS60
WSWLV0013055	2023	42120	35933	7731	17.7622343054869	DS60
WSWLV0013056	1329	24196	21110	4670	15.8841234010534	DS60
WSWLV0013058	3339	58775	52568	11703	15.7436358191075	DS60
WSWLV0013061	1148	24367	20621	3518	17.962543554007	DS60
WSWLV0013062	3711	60457	57195	14657	15.4122877930477	DS60
WSWLV0013064	1414	29484	24873	4526	17.5905233380481	DS60
WSWLV0013065	981	14487	12207	3558	12.4434250764526	DS60
WSWLV0013066	728	11489	8468	2294	11.6318681318681	DS60
WSWLV0013067	1179	25109	20304	3592	17.2213740458015	DS60
WSWLV0013068	912	15038	13155	3299	14.4243421052632	DS60
WSWLV0013069	1521	20630	18850	5208	12.3931623931624	DS60
WSWLV0013070	2717	51020	46291	9931	17.0375414059625	DS60
WSWLV0013071	2159	40725	34849	7822	16.1412691060676	DS60
WSWLV0013072	511	9522	7514	1245	14.7045009784736	DS60
WSWLV0013073	2087	31428	29327	8306	14.0522280785817	DS60
WSWLV0013074	1609	21294	20505	5165	12.7439403356122	DS60
WSWLV0013075	2549	53280	45831	8939	17.9799921537858	DS60
WSWLV0013079	453	7953	6221	1186	13.7328918322296	DS60
WSWLV0013082	3263	72846	62887	11421	19.2727551333129	DS60
WSWLV0013083	2492	31888	29343	8913	11.7748796147673	DS60
WSWLV0013084	902	15062	11160	3016	12.3725055432373	DS60
WSWLV0013087	1595	26300	23673	5899	14.8420062695925	DS60
WSWLV0013089	1935	31508	30919	7675	15.978811369509	DS60
WSWLV0013092	1722	21034	21123	7028	12.2665505226481	DS60
WSWLV0013093	608	12041	9864	1948	16.2236842105263	DS60
WSWLV0013094	2781	46098	42201	10796	15.1747572815534	DS60
WSWLV0013095	2472	37584	37190	9497	15.044498381877	DS60
WSWLV0013096	1765	30392	27265	6984	15.4475920679887	DS60
WSWLV0013098	3245	60408	53408	12493	16.4585516178737	DS60
WSWLV0013099	573	8940	7592	1615	13.2495636998255	DS60
WSWLV0013100	2230	32492	29757	7374	13.3439461883408	DS60
WSWLV0013103	2881	58418	50910	11502	17.6709475876432	DS60
WSWLV0013105	832	13468	11829	2842	14.2175480769231	DS60
WSWLV0013107	657	10394	9406	2224	14.3165905631659	DS60
WSWLV0013108	1629	25475	23877	6456	14.6574585635359	DS60
WSWLV0013109	1119	18196	15941	4087	14.2457551385165	DS60
WSWLV0013110	770	11631	10846	2615	14.0857142857143	DS60
WSWLV0013111	762	12924	10827	2662	14.2086614173228	DS60
WSWLV0013113	718	11727	10051	2676	13.9986072423398	DS60
WSWLV0013114	551	8066	6632	1638	12.0362976406534	DS60
WSWLV0013115	4734	84279	79313	19280	16.7539079002957	DS60
WSWLV0013116	749	9663	8163	2583	10.8985313751669	DS60
WSWLV0013118	1919	32933	30362	7441	15.8217821782178	DS60
WSWLV0013119	729	15667	12929	2265	17.7352537722908	DS60
WSWLV0013120	5318	95404	91939	18734	17.2882662655134	DS60
WSWLV0013122	665	9765	8626	2218	12.9714285714286	DS60
WSWLV0013123	529	10181	8214	1577	15.5274102079395	DS60
WSWLV0013126	2634	31803	34814	12967	13.2171602126044	DS60
WSWLV0013129	783	9203	9562	3014	12.2120051085568	DS60
WSWLV0013130	1943	33114	29346	7987	15.1034482758621	DS60
WSWLV0013133	1279	19823	18512	4876	14.4738076622361	DS60
WSWLV0013134	588	11637	9331	1713	15.8690476190476	DS60
WSWLV0013135	2377	46167	39607	8231	16.6625999158603	DS60
WSWLV0013137	1874	26254	25734	7666	13.7321237993597	DS60
WSWLV0013139	564	10305	8312	1768	14.7375886524823	DS60
WSWLV0013140	2088	45972	39416	8219	18.8773946360153	DS60
WSWLV0013141	780	10900	9447	2893	12.1115384615385	DS60
WSWLV0013143	3348	47645	48012	14990	14.3405017921147	DS60
WSWLV0013144	778	9704	8820	2705	11.3367609254499	DS60
WSWLV0013146	892	11772	11549	3591	12.9473094170404	DS60
WSWLV0013147	1838	38089	33761	7196	18.3683351468988	DS60
WSWLV0013149	1820	22882	23396	7024	12.8549450549451	DS60
WSWLV0013151	2155	38270	34542	8112	16.0287703016241	DS60
WSWLV0013152	3642	93624	74098	11318	20.3454146073586	DS60
WSWLV0013153	1550	32979	26737	4529	17.2496774193548	DS60
WSWLV0013154	4175	64971	64112	18009	15.3561676646707	DS60
WSWLV0013155	2489	37419	37199	10507	14.9453595821615	DS60
WSWLV0013156	1031	13739	12526	3982	12.1493695441319	DS60
WSWLV0013158	3248	43104	44043	12143	13.5600369458128	DS60
WSWLV0013161	454	7225	5793	1358	12.7599118942731	DS60
WSWLV0013163	1531	22456	21070	5891	13.7622468974526	DS60
WSWLV0013164	4131	76419	70126	16552	16.9755507141128	DS60
WSWLV0013165	486	8358	6811	1195	14.0144032921811	DS60
WSWLV0013166	506	9001	6956	1273	13.7470355731225	DS60
WSWLV0013168	2092	29152	26837	7960	12.8283938814532	DS60
WSWLV0013169	414	7035	5209	1078	12.5821256038647	DS60
WSWLV0013170	1260	17492	16480	5102	13.0793650793651	DS60
WSWLV0013172	2227	34460	33301	9535	14.9533004041311	DS60
WSWLV0013173	2445	36054	36339	10066	14.8625766871166	DS60
WSWLV0013175	2734	76117	60368	7635	22.0804681784931	DS60
WSWLV0013176	1396	23585	21389	5060	15.3216332378224	DS60
WSWLV0013177	2022	23940	23682	8078	11.7121661721068	DS60
WSWLV0013178	1940	33679	30079	8244	15.5046391752577	DS60
WSWLV0013179	1334	24924	20607	4256	15.4475262368816	DS60
WSWLV0013180	2542	35857	33971	10123	13.3638867033832	DS60
WSWLV0013181	1582	24724	23264	6091	14.7054361567636	DS60
WSWLV0013182	1382	36576	29422	3921	21.2894356005789	DS60
WSWLV0013188	995	16262	15408	4110	15.4854271356784	DS60
WSWLV0013189	2908	44563	44972	12183	15.46492434663	DS60
WSWLV0013191	1915	32480	28883	7000	15.0825065274151	DS60
WSWLV0013192	751	11440	10463	2456	13.9320905459388	DS60
WSWLV0013195	3494	75075	65479	12380	18.7404121350887	DS60
WSWLV0013197	2598	54496	48580	9289	18.6989992301771	DS60
WSWLV0013199	3232	76536	65005	12819	20.1129331683168	DS60
WSWLV0013200	2583	56707	50753	8195	19.6488579171506	DS60
WSWLV0013202	572	7622	6264	1543	10.951048951049	DS60
WSWLV0013203	2267	36299	33313	8153	14.6947507719453	DS60
WSWLV0013208	1013	17728	15118	3641	14.923988153998	DS60
WSWLV0013209	2078	43185	37867	7173	18.2228103946102	DS60
WSWLV0013210	866	14482	12789	3828	14.7678983833718	DS60
WSWLV0013211	2199	43806	37160	6997	16.8985902683038	DS60
WSWLV0013212	619	13596	10912	1977	17.6284329563813	DS60
WSWLV0013213	2925	45936	43331	11738	14.8140170940171	DS60
WSWLV0013214	3721	94307	72841	12567	19.5756517065305	DS60
WSWLV0013216	3233	76367	61458	10963	19.0095886173832	DS60
WSWLV0013217	2178	32710	29735	8105	13.6524334251607	DS60
WSWLV0013218	1402	28781	24525	4908	17.4928673323823	DS60
WSWLV0013219	498	9725	7209	1499	14.4759036144578	DS60
WSWLV0013220	1850	21736	22292	7043	12.0497297297297	DS60
WSWLV0013221	828	13917	12089	3123	14.6002415458937	DS60
WSWLV0013223	1379	22604	19771	5057	14.3372008701958	DS60
WSWLV0013224	2219	36498	31483	8397	14.187922487607	DS60
WSWLV0013229	1876	33451	29430	7562	15.6876332622601	DS60
WSWLV0013230	1127	16681	15132	4229	13.4267968056788	DS60
WSWLV0013232	1315	25457	21371	4801	16.251711026616	DS60
WSWLV0013233	1123	16706	15145	4411	13.4861976847729	DS60
WSWLV0013234	2174	47686	41181	7539	18.942502299908	DS60
WSWLV0013236	3289	70715	61823	11241	18.7968987534205	DS60
WSWLV0013238	2769	40346	39498	12151	14.2643553629469	DS60
WSWLV0013239	1166	17103	15429	4210	13.2324185248714	DS60
WSWLV0013243	1887	33950	29154	6288	15.449920508744	DS60
WSWLV0013245	668	11739	10058	2000	15.0568862275449	DS60
WSWLV0013246	1929	43558	37490	6531	19.4349403836185	DS60
WSWLV0013247	1841	39057	34073	6548	18.507876154264	DS60
WSWLV0013251	2850	52545	49204	11148	17.2645614035088	DS60
WSWLV0013255	693	14795	12105	1912	17.4675324675325	DS60
WSWLV0013256	870	16198	13819	2924	15.883908045977	DS60
WSWLV0013257	729	13894	11207	2212	15.3731138545953	DS60
WSWLV0013259	1234	20663	18597	4783	15.0705024311183	DS60
WSWLV0013260	4273	70364	64648	16165	15.129417271238	DS60
WSWLV0013264	3051	68349	57589	10159	18.8754506719109	DS60
WSWLV0013265	2042	25949	26388	8456	12.922624877571	DS60
WSWLV0013266	2522	35092	33589	8898	13.3183980967486	DS60
WSWLV0013268	743	13891	12149	2368	16.3512786002692	DS60
WSWLV0013269	2742	60619	52565	9884	19.1703136396791	DS60
WSWLV0013270	3602	73480	62804	11975	17.435868961688	DS60
WSWLV0013271	2789	61337	53116	10457	19.0448189315167	DS60
WSWLV0013272	1062	16869	14696	3431	13.8380414312618	DS60
WSWLV0013273	1535	32363	27302	5366	17.786319218241	DS60
WSWLV0013276	2014	39261	34292	7427	17.0268123138034	DS60
WSWLV0013277	961	14469	14222	4132	14.7991675338189	DS60
WSWLV0013279	1823	30200	27764	6970	15.2298409215579	DS60
WSWLV0013281	982	19176	14446	2934	14.7107942973523	DS60
WSWLV0013282	921	13364	12669	3511	13.7557003257329	DS60
WSWLV0013284	1153	21021	18888	3992	16.3816131830009	DS60
WSWLV0013285	2404	53511	46059	9290	19.1593178036606	DS60
WSWLV0013286	835	15120	13193	3356	15.8	DS60
WSWLV0013288	3086	52180	49050	12530	15.8943616331821	DS60
WSWLV0013290	821	11886	10395	2871	12.6613885505481	DS60
WSWLV0013291	1874	33623	33187	6252	17.7091782283885	DS60
WSWLV0013292	1077	24304	19480	4179	18.0872794800371	DS60
WSWLV0013293	1878	26909	25912	7565	13.7976570820021	DS60
WSWLV0013294	1568	27372	23609	5648	15.0567602040816	DS60
WSWLV0013297	773	11979	9890	3154	12.7943078913325	DS60
WSWLV0013299	1124	15296	14247	4321	12.6752669039146	DS60
WSWLV0013300	3129	59252	51073	12014	16.3224672419303	DS60
WSWLV0013301	2740	42975	42641	12920	15.5624087591241	DS60
WSWLV0013303	2285	34615	31186	10626	13.6481400437637	DS60
WSWLV0013304	2286	39691	35041	8085	15.3285214348206	DS60
WSWLV0013305	585	7839	7272	1918	12.4307692307692	DS60
WSWLV0013306	868	13470	12398	3567	14.2834101382489	DS60
WSWLV0013308	724	11573	9802	2456	13.5386740331492	DS60
WSWLV0013313	2981	53969	48184	11767	16.1637034552164	DS60
WSWLV0013315	587	8751	7783	1704	13.2589437819421	DS60
WSWLV0013318	2090	37954	34817	8528	16.6588516746411	DS60
WSWLV0013319	1499	19363	18382	5000	12.2628418945964	DS60
WSWLV0013320	1702	26395	25176	7203	14.7920094007051	DS60
WSWLV0013321	2242	44173	38562	7932	17.199821587868	DS60
WSWLV0013325	1095	15357	14099	3833	12.875799086758	DS60
WSWLV0013328	2483	56934	47439	7470	19.1055175191301	DS60
WSWLV0013329	443	6192	4566	1191	10.3069977426637	DS60
WSWLV0013331	2103	43617	37355	8117	17.7627199239182	DS60
WSWLV0013333	648	11487	9577	2047	14.7793209876543	DS60
WSWLV0013338	2409	44144	40454	9311	16.7928601079286	DS60
WSWLV0013339	1075	14951	13918	3997	12.946976744186	DS60
WSWLV0013340	1051	22661	18067	3278	17.1902949571836	DS60
WSWLV0013342	713	12948	10708	2020	15.0182328190743	DS60
WSWLV0013343	682	13755	11308	1788	16.5806451612903	DS60
WSWLV0013346	546	8290	6617	1627	12.1190476190476	DS60
WSWLV0013349	990	17839	15503	3696	15.659595959596	DS60
WSWLV0013352	2600	33811	30034	9556	11.5515384615385	DS60
WSWLV0013354	2350	37844	35419	9044	15.071914893617	DS60
WSWLV0013355	2380	25610	26689	9063	11.2138655462185	DS60
WSWLV0013356	3085	58440	52302	12182	16.9536466774716	DS60
WSWLV0013358	900	15829	14011	3549	15.5677777777778	DS60
WSWLV0013360	989	20373	17327	2987	17.5197168857432	DS60
WSWLV0013363	1446	24482	22365	6039	15.4668049792531	DS60
WSWLV0013364	355	4801	3730	917	10.5070422535211	DS60
WSWLV0013365	4485	91638	81472	15443	18.1654403567447	DS60
WSWLV0013366	1390	24313	21771	4665	15.6625899280576	DS60
WSWLV0013367	2181	34019	30893	7902	14.164603392939	DS60
WSWLV0013371	1055	17262	14881	4217	14.1052132701422	DS60
WSWLV0013373	592	8976	7880	1894	13.3108108108108	DS60
WSWLV0013375	3908	90031	77628	15524	19.863868986694	DS60
WSWLV0013376	4346	96289	81258	15571	18.6971928209848	DS60
WSWLV0013377	1439	23736	20869	4967	14.5024322446143	DS60
WSWLV0013378	850	15113	13294	2830	15.64	DS60
WSWLV0013379	1645	35072	30517	6147	18.551367781155	DS60
WSWLV0013381	1264	23927	22137	5159	17.5134493670886	DS60
WSWLV0013382	1841	33408	31044	7473	16.8625746876697	DS60
WSWLV0014002	506	7314	5791	1423	11.4446640316206	DS60
WSWLV0014004	679	10773	8327	2021	12.2636229749632	DS60
WSWLV0014005	432	5379	4531	1085	10.4884259259259	DS60
WSWLV0014007	1028	18727	15810	2955	15.3793774319066	DS60
WSWLV0014008	961	17632	14519	2766	15.108220603538	DS60
WSWLV0014009	3256	49567	47114	11586	14.4699017199017	DS60
WSWLV0014012	1264	12888	14363	4861	11.3631329113924	DS60
WSWLV0014013	535	6346	5429	1485	10.1476635514019	DS60
WSWLV0014014	3224	54318	46387	11378	14.3880272952854	DS60
WSWLV0014015	1303	15032	14690	4855	11.2739831158864	DS60
WSWLV0014016	2692	41039	36621	9345	13.6036404160476	DS60
WSWLV0014018	3768	57121	54258	14076	14.3996815286624	DS60
WSWLV0014020	1090	9816	10487	3827	9.62110091743119	DS60
WSWLV0014023	4194	74985	64810	15350	15.4530281354316	DS60
WSWLV0014024	2695	37429	34369	9768	12.7528756957328	DS60
WSWLV0014025	907	10824	10011	2721	11.0374862183021	DS60
WSWLV0014026	1523	25090	23482	4444	15.4182534471438	DS60
WSWLV0014029	1470	16552	15820	5377	10.7619047619048	DS60
WSWLV0014031	1991	24505	23513	7153	11.8096433952788	DS60
WSWLV0014033	970	11550	11042	3401	11.3835051546392	DS60
WSWLV0014034	1716	20618	21012	6512	12.2447552447552	DS60
WSWLV0014036	785	11470	9744	2395	12.4127388535032	DS60
WSWLV0014038	884	11325	10092	2641	11.4162895927602	DS60
WSWLV0014039	5105	76583	70430	18824	13.796278158668	DS60
WSWLV0014040	2499	33578	31420	9007	12.5730292116847	DS60
WSWLV0014041	1975	18892	20973	7683	10.6192405063291	DS60
WSWLV0014044	427	4996	4191	1157	9.81498829039813	DS60
WSWLV0014046	1635	23769	21605	4821	13.2140672782875	DS60
WSWLV0014049	2525	33856	32022	8577	12.6819801980198	DS60
WSWLV0014050	3480	66224	55531	13094	15.957183908046	DS60
WSWLV0014051	4133	65197	58500	14281	14.1543672876845	DS60
WSWLV0014052	1487	20002	19281	5390	12.9663752521856	DS60
WSWLV0014053	561	7326	5932	1483	10.5739750445633	DS60
WSWLV0014055	836	12149	10393	2722	12.4318181818182	DS60
WSWLV0014056	3716	47743	46501	13724	12.5137244348762	DS60
WSWLV0014058	653	7676	6578	1889	10.0735068912711	DS60
WSWLV0014059	3902	48739	50075	15304	12.8331624807791	DS60
WSWLV0014060	2314	28094	28767	8809	12.4317199654278	DS60
WSWLV0014061	2510	27836	30623	11278	12.2003984063745	DS60
WSWLV0014063	711	9937	8126	1948	11.4289732770745	DS60
WSWLV0014065	1734	16915	17965	6601	10.3604382929642	DS60
WSWLV0014066	908	11878	10184	3250	11.215859030837	DS60
WSWLV0014073	3454	54386	49789	13727	14.4148812970469	DS60
WSWLV0014074	3778	47531	46458	13969	12.2969825304394	DS60
WSWLV0014075	2058	28445	27433	8631	13.3299319727891	DS60
WSWLV0014076	2735	34512	34273	9622	12.5312614259598	DS60
WSWLV0014077	3689	60008	54680	13462	14.8224451070751	DS60
WSWLV0014080	2392	30511	31536	8972	13.1839464882943	DS60
WSWLV0014081	6547	82187	86285	26914	13.1793187719566	DS60
WSWLV0014082	1477	19006	19301	5760	13.0677048070413	DS60
WSWLV0014083	1109	13348	12150	3501	10.9558160504959	DS60
WSWLV0014084	903	10280	9460	3163	10.4761904761905	DS60
WSWLV0014085	2180	27657	28791	7844	13.206880733945	DS60
WSWLV0014087	4281	66069	62399	14516	14.5758000467181	DS60
WSWLV0014088	2027	30992	27504	7023	13.5688209176122	DS60
WSWLV0014089	3669	49179	49464	13306	13.4816026165168	DS60
WSWLV0014090	3148	36123	35617	10542	11.31416772554	DS60
WSWLV0014091	1283	17284	16142	5043	12.5814497272019	DS60
WSWLV0014092	1361	15035	14923	4767	10.964731814842	DS60
WSWLV0014093	2373	29745	30398	9505	12.8099452170249	DS60
WSWLV0014094	3292	45860	44677	11172	13.5713851761847	DS60
WSWLV0014095	595	9013	6842	1441	11.4991596638655	DS60
WSWLV0014097	2319	21263	25483	9893	10.9887882708064	DS60
WSWLV0014098	2482	21707	26755	10439	10.7796132151491	DS60
WSWLV0014099	1851	25351	24721	7072	13.3554835224203	DS60
WSWLV0014101	506	3477	3238	990	6.39920948616601	DS60
WSWLV0014103	1796	22022	22927	7353	12.7655902004454	DS60
WSWLV0014106	3571	39514	42260	13593	11.8342201064128	DS60
WSWLV0014107	1527	19092	18707	5370	12.2508185985593	DS60
WSWLV0014108	5360	88813	80376	18841	14.9955223880597	DS60
WSWLV0014112	3581	51533	47989	13106	13.4010053057805	DS60
WSWLV0014114	422	4918	4107	1259	9.73222748815166	DS60
WSWLV0014117	2449	32631	31451	8800	12.8423846467946	DS60
WSWLV0014118	1024	12608	12325	3883	12.0361328125	DS60
WSWLV0014119	2982	46229	42861	10061	14.3732394366197	DS60
WSWLV0014122	1005	9684	10409	3694	10.3572139303483	DS60
WSWLV0014124	1209	17172	14983	4016	12.3928866832093	DS60
WSWLV0014126	505	6347	5354	1487	10.6019801980198	DS60
WSWLV0014129	1533	15984	17259	5690	11.2583170254403	DS60
WSWLV0014130	1513	20854	20174	5572	13.3337739590218	DS60
WSWLV0014133	398	5023	3888	894	9.76884422110553	DS60
WSWLV0014134	479	5138	4798	1465	10.0167014613779	DS60
WSWLV0014135	1774	19701	18762	5945	10.576099210823	DS60
WSWLV0014136	3621	50254	46872	13175	12.9444904722452	DS60
WSWLV0014137	416	5619	4757	1336	11.4350961538462	DS60
WSWLV0014138	634	8413	7456	1876	11.7602523659306	DS60
WSWLV0014139	3124	49272	44318	11315	14.1862996158771	DS60
WSWLV0014141	1221	20298	17245	3988	14.1236691236691	DS60
WSWLV0014143	2672	41745	37054	9070	13.8675149700599	DS60
WSWLV0014144	670	8034	7723	2256	11.5268656716418	DS60
WSWLV0014146	1094	10632	11202	3975	10.2394881170018	DS60
WSWLV0014147	2190	27285	28424	8172	12.97899543379	DS60
WSWLV0014148	2768	42297	39805	9611	14.3804190751445	DS60
WSWLV0014150	1298	15743	15074	4238	11.613251155624	DS60
WSWLV0014151	1913	28268	25042	6157	13.0904338734971	DS60
WSWLV0014152	3510	56190	49895	13447	14.2150997150997	DS60
WSWLV0014153	1070	10711	10946	3808	10.2299065420561	DS60
WSWLV0014154	2253	28990	27978	8306	12.4181091877497	DS60
WSWLV0014155	2215	20966	24745	9047	11.1715575620768	DS60
WSWLV0014159	4606	64886	62463	16288	13.5612244897959	DS60
WSWLV0014161	742	10245	8429	2188	11.3598382749326	DS60
WSWLV0014163	1397	13962	15563	5389	11.1403006442377	DS60
WSWLV0014164	1447	14476	15498	5300	10.7104353835522	DS60
WSWLV0014167	4163	50596	52687	17815	12.6560172952198	DS60
WSWLV0014168	2681	30313	30109	9519	11.230511003357	DS60
WSWLV0014169	497	6451	5808	1648	11.6861167002012	DS60
WSWLV0014171	709	8857	8404	2262	11.8533145275035	DS60
WSWLV0014172	3619	51308	46829	13874	12.9397623652943	DS60
WSWLV0014173	1765	17950	20551	7720	11.6436260623229	DS60
WSWLV0014174	2720	40950	37392	8791	13.7470588235294	DS60
WSWLV0014175	1769	23410	21864	6503	12.3595251554551	DS60
WSWLV0014176	1077	15782	14068	3343	13.0622098421541	DS60
WSWLV0014177	1433	21342	19039	4618	13.2861130495464	DS60
WSWLV0014179	1281	15010	14884	4873	11.6190476190476	DS60
WSWLV0014180	1865	23479	24403	7192	13.0847184986595	DS60
WSWLV0014181	1229	14912	14673	4397	11.9389747762408	DS60
WSWLV0014182	703	9850	8564	2251	12.1820768136558	DS60
WSWLV0014183	1783	22858	22893	6379	12.839596186203	DS60
WSWLV0014184	2562	43931	38708	9477	15.1085089773614	DS60
WSWLV0014185	2795	40293	38176	9296	13.6586762075134	DS60
WSWLV0014186	1772	20779	20968	6347	11.8329571106095	DS60
WSWLV0014188	4449	68473	63417	15326	14.254214430209	DS60
WSWLV0014190	1874	23286	21765	5498	11.6141942369264	DS60
WSWLV0014191	1901	32443	27766	4948	14.6059968437664	DS60
WSWLV0014192	2602	40272	36365	8582	13.9757878554958	DS60
WSWLV0014194	1512	18351	18478	5902	12.2208994708995	DS60
WSWLV0014197	4299	51263	55057	17946	12.806931844615	DS60
WSWLV0014199	4278	76852	66183	15801	15.4705469845722	DS60
WSWLV0014200	4542	74587	69452	13514	15.291061206517	DS60
WSWLV0014201	1869	22464	21557	6918	11.533975387908	DS60
WSWLV0014202	1486	20590	19389	4945	13.0477792732167	DS60
WSWLV0014204	989	11046	11207	3249	11.3316481294237	DS60
WSWLV0014205	3907	61370	55310	12918	14.1566419247504	DS60
WSWLV0014208	458	6345	4877	1298	10.6484716157205	DS60
WSWLV0014211	2301	42257	35949	7420	15.6232073011734	DS60
WSWLV0014214	2115	36033	30598	7176	14.4671394799054	DS60
WSWLV0014215	1872	35260	30269	6394	16.1693376068376	DS60
WSWLV0014216	3491	67800	56424	12598	16.1627040962475	DS60
WSWLV0014217	822	8119	7627	2700	9.27858880778589	DS60
WSWLV0014218	1845	24286	24210	7254	13.1219512195122	DS60
WSWLV0014221	433	5196	4278	1111	9.87990762124711	DS60
WSWLV0014222	788	10793	9965	2480	12.6459390862944	DS60
WSWLV0014223	2558	35973	31363	9289	12.2607505863956	DS60
WSWLV0014224	1125	17016	14728	3869	13.0915555555556	DS60
WSWLV0014225	645	7614	6691	1810	10.3736434108527	DS60
WSWLV0014226	2482	19432	24730	9506	9.96373892022562	DS60
WSWLV0014227	1600	17040	16434	5524	10.27125	DS60
WSWLV0014229	1399	18636	17194	5242	12.2902072909221	DS60
WSWLV0014230	3262	50637	47221	12347	14.476088289393	DS60
WSWLV0014231	4280	54434	55836	15011	13.0457943925234	DS60
WSWLV0014232	4580	80463	70480	16423	15.3886462882096	DS60
WSWLV0014234	1472	20017	19606	5604	13.3192934782609	DS60
WSWLV0014235	1486	23883	20829	4530	14.0168236877524	DS60
WSWLV0014236	3291	44783	43554	11678	13.2342752962625	DS60
WSWLV0014237	1043	15399	14598	3441	13.9961649089166	DS60
WSWLV0014239	1605	20620	19687	5766	12.2660436137072	DS60
WSWLV0014241	3017	46738	43857	9444	14.5366257872058	DS60
WSWLV0014242	552	7375	6037	1427	10.9365942028986	DS60
WSWLV0014243	1044	13348	11686	3219	11.1934865900383	DS60
WSWLV0014245	1964	33894	28638	5678	14.581466395112	DS60
WSWLV0014247	5372	114701	91823	19740	17.0928890543559	DS60
WSWLV0014248	3492	59525	50440	11883	14.4444444444444	DS60
WSWLV0014249	882	15873	12847	2748	14.5657596371882	DS60
WSWLV0014252	1443	20166	17612	5769	12.2051282051282	DS60
WSWLV0014255	2460	36172	34557	8456	14.0475609756098	DS60
WSWLV0014256	1381	16194	16352	5109	11.8406951484432	DS60
WSWLV0014258	1474	17857	17167	5252	11.646540027137	DS60
WSWLV0014259	1042	16675	14718	3444	14.1247600767754	DS60
WSWLV0014264	2959	55414	46388	8523	15.6769178776614	DS60
WSWLV0014265	1015	10281	11132	4051	10.9674876847291	DS60
WSWLV0014267	3334	39254	40690	12897	12.2045590881824	DS60
WSWLV0014268	596	8346	7000	1600	11.744966442953	DS60
WSWLV0014269	1508	16832	16484	6152	10.9310344827586	DS60
WSWLV0014270	411	5273	4347	1168	10.5766423357664	DS60
WSWLV0014271	3642	60267	53283	13440	14.6301482701812	DS60
WSWLV0014272	6304	88643	80649	20570	12.7933058375635	DS60
WSWLV0014273	1064	15339	14474	3732	13.6033834586466	DS60
WSWLV0014275	2888	46738	41962	9678	14.5297783933518	DS60
WSWLV0014277	3617	46601	47800	14612	13.2153718551286	DS60
WSWLV0014278	393	5776	4980	1068	12.6717557251908	DS60
WSWLV0014279	1786	19711	20425	6597	11.436170212766	DS60
WSWLV0014281	622	6948	6721	2091	10.8054662379421	DS60
WSWLV0014282	1795	25514	24351	6849	13.5660167130919	DS60
WSWLV0014283	902	10479	10084	2943	11.179600886918	DS60
WSWLV0014284	3490	59017	51230	12024	14.6790830945559	DS60
WSWLV0014288	2245	25656	25610	8009	11.4075723830735	DS60
WSWLV0014292	5056	82831	75220	18613	14.8773734177215	DS60
WSWLV0014293	2817	44760	40896	9968	14.517571884984	DS60
WSWLV0014294	1305	20132	17824	4346	13.6582375478927	DS60
WSWLV0014295	2596	33217	29791	8401	11.4757318952234	DS60
WSWLV0014296	3025	37740	37273	11388	12.321652892562	DS60
WSWLV0014297	1454	19184	18803	5182	12.9319119669876	DS60
WSWLV0014298	1221	15472	14444	4286	11.8296478296478	DS60
WSWLV0014299	2924	39680	39651	9785	13.5605335157319	DS60
WSWLV0014300	1785	22909	22757	6664	12.7490196078431	DS60
WSWLV0014301	673	10435	8336	1984	12.3863298662704	DS60
WSWLV0014302	639	8732	7708	1922	12.0625978090767	DS60
WSWLV0014303	1019	11724	11678	3767	11.4602551521099	DS60
WSWLV0014304	1806	22691	21177	5925	11.7259136212625	DS60
WSWLV0014305	841	10985	10107	3038	12.0178359096314	DS60
WSWLV0014306	860	8510	8742	3051	10.1651162790698	DS60
WSWLV0014307	1673	17112	18956	6752	11.3305439330544	DS60
WSWLV0014308	1566	22693	20714	5579	13.2273307790549	DS60
WSWLV0014311	1658	26560	23912	5550	14.4221954161641	DS60
WSWLV0014313	598	6944	6367	1921	10.6471571906355	DS60
WSWLV0014314	1666	23175	20855	4863	12.5180072028812	DS60
WSWLV0014315	712	9190	8130	2353	11.4185393258427	DS60
WSWLV0014319	3453	48978	45281	10216	13.1135244714741	DS60
WSWLV0014320	1686	26027	22864	5223	13.5610913404508	DS60
WSWLV0014321	984	14564	12762	3154	12.969512195122	DS60
WSWLV0014322	583	6619	5663	1716	9.71355060034305	DS60
WSWLV0014323	1884	22668	23255	6779	12.3434182590234	DS60
WSWLV0014324	1080	15990	14866	3872	13.7648148148148	DS60
WSWLV0014325	1393	17934	16399	4925	11.7724335965542	DS60
WSWLV0014328	1712	21961	21253	6081	12.4141355140187	DS60
WSWLV0014329	2147	23457	24577	8527	11.4471355379599	DS60
WSWLV0014330	1877	30848	25750	6821	13.7187000532765	DS60
WSWLV0014331	1495	15607	16858	5096	11.276254180602	DS60
WSWLV0014332	407	3971	3540	1078	8.6977886977887	DS60
WSWLV0014335	946	14206	11338	2787	11.985200845666	DS60
WSWLV0014336	589	7028	5417	1294	9.19694397283531	DS60
WSWLV0014337	766	11527	9413	2383	12.2885117493473	DS60
WSWLV0014338	3078	39588	39220	11715	12.7420402858999	DS60
WSWLV0014339	2869	27740	30619	11100	10.6723597072151	DS60
WSWLV0014340	1341	22908	18818	4169	14.0328113348248	DS60
WSWLV0014341	3415	46792	46580	13599	13.6398243045388	DS60
WSWLV0014343	1009	14285	12635	3594	12.5222993062438	DS60
WSWLV0014344	2243	26886	26752	8428	11.9268836379848	DS60
WSWLV0014346	1370	15188	15979	5152	11.663503649635	DS60
WSWLV0014348	2602	28491	30327	10430	11.6552651806303	DS60
WSWLV0014349	768	9289	9120	2796	11.875	DS60
WSWLV0014350	530	8182	6448	1291	12.1660377358491	DS60
WSWLV0014351	2538	31718	31270	9962	12.3207249802995	DS60
WSWLV0014353	1513	21401	20033	5383	13.2405816259088	DS60
WSWLV0014354	614	7434	6963	2025	11.3403908794788	DS60
WSWLV0014355	915	11800	10533	2404	11.5114754098361	DS60
WSWLV0014356	997	13135	11917	3381	11.9528585757272	DS60
WSWLV0014358	874	13539	12165	2917	13.9187643020595	DS60
WSWLV0014361	1639	21830	20803	5134	12.692495424039	DS60
WSWLV0014364	1050	11062	11092	3296	10.5638095238095	DS60
WSWLV0014365	2205	31760	29754	7548	13.4938775510204	DS60
WSWLV0014366	2389	30815	30634	9370	12.8229384679782	DS60
WSWLV0014367	5540	91250	81546	18979	14.7194945848375	DS60
WSWLV0014370	2415	31410	31025	8286	12.8467908902692	DS60
WSWLV0014374	589	6676	5863	1650	9.95415959252971	DS60
WSWLV0014375	1986	31576	28314	6927	14.2567975830816	DS60
WSWLV0014377	1384	14992	15073	5403	10.8908959537572	DS60
WSWLV0014379	707	11244	9142	2295	12.9306930693069	DS60
WSWLV0014380	1067	16372	14340	3662	13.4395501405811	DS60
WSWLV0014381	2538	51619	41839	9186	16.4850275807723	DS60
WSWLV0014382	4819	88273	79135	15135	16.4214567337622	DS60
WSWLV0014384	1984	24339	22358	5268	11.2691532258065	DS60
WSWLV0015001	1895	25269	24495	8310	12.9261213720317	DS60
WSWLV0015002	1206	16047	15545	4956	12.8897180762852	DS60
WSWLV0015006	516	8657	6694	1586	12.9728682170543	DS60
WSWLV0015007	1683	26909	25968	7209	15.4295900178253	DS60
WSWLV0015008	843	14149	11545	2593	13.6951364175563	DS60
WSWLV0015013	642	8121	6655	2323	10.3660436137072	DS60
WSWLV0015014	531	11171	8890	1900	16.7419962335217	DS60
WSWLV0015018	1715	34702	29637	6636	17.2810495626822	DS60
WSWLV0015020	1029	16560	14759	3634	14.3430515063168	DS60
WSWLV0015022	4107	57759	56659	18279	13.7957146335525	DS60
WSWLV0015023	986	16441	13819	3858	14.0152129817444	DS60
WSWLV0015025	3321	58837	53398	13385	16.0788919000301	DS60
WSWLV0015026	1605	35014	30733	5791	19.1482866043614	DS60
WSWLV0015029	4622	75035	71994	20367	15.5763738641281	DS60
WSWLV0015033	645	10122	8435	2342	13.077519379845	DS60
WSWLV0015034	2199	26686	28670	10287	13.037744429286	DS60
WSWLV0015037	2401	30700	29827	9655	12.4227405247813	DS60
WSWLV0015039	2497	30367	32094	10747	12.853023628354	DS60
WSWLV0015040	1471	15341	16143	5763	10.9741672331747	DS60
WSWLV0015042	1449	18989	18289	5829	12.6218081435473	DS60
WSWLV0015043	2289	34618	33368	9892	14.5775447793796	DS60
WSWLV0015044	1393	18038	17402	5848	12.4924623115578	DS60
WSWLV0015046	808	10862	9008	3064	11.1485148514851	DS60
WSWLV0015051	938	12556	11707	3767	12.4808102345416	DS60
WSWLV0015052	3348	58993	55928	14261	16.7048984468339	DS60
WSWLV0015053	3413	47625	48152	14585	14.1084090243188	DS60
WSWLV0015055	1151	22302	19193	4856	16.6750651607298	DS60
WSWLV0015056	2158	39624	34593	9149	16.0301204819277	DS60
WSWLV0015058	1428	17032	16978	5615	11.8893557422969	DS60
WSWLV0015059	1242	21724	16973	5447	13.6658615136876	DS60
WSWLV0015060	571	10746	8728	2136	15.2854640980736	DS60
WSWLV0015062	1586	25849	24628	6733	15.5283732660782	DS60
WSWLV0015064	1445	18810	18996	6216	13.1460207612457	DS60
WSWLV0015065	1397	18515	17281	5908	12.3700787401575	DS60
WSWLV0015066	1365	20372	18127	5454	13.2798534798535	DS60
WSWLV0015067	1042	13527	11966	4180	11.4836852207294	DS60
WSWLV0015068	907	13581	12458	3966	13.7353914002205	DS60
WSWLV0015070	711	10537	8770	2431	12.3347398030942	DS60
WSWLV0015071	2566	50530	43677	10760	17.0214341387373	DS60
WSWLV0015074	1063	15159	13454	4037	12.656632173095	DS60
WSWLV0015076	1012	13459	13518	4581	13.3577075098814	DS60
WSWLV0015079	2301	41894	37582	9486	16.3328987396784	DS60
WSWLV0015080	2386	40992	37980	9166	15.9178541492037	DS60
WSWLV0015081	1069	18881	17219	4256	16.1075771749298	DS60
WSWLV0015086	934	16686	15413	3967	16.5021413276231	DS60
WSWLV0015088	2841	62263	50784	10549	17.8753959873284	DS60
WSWLV0015091	2524	45686	41018	11462	16.2511885895404	DS60
WSWLV0015092	1801	23704	21577	6879	11.9805663520267	DS60
WSWLV0015093	1274	14352	14104	4959	11.0706436420722	DS60
WSWLV0015094	1456	18960	18512	5683	12.7142857142857	DS60
WSWLV0015095	1834	32960	30045	6960	16.3822246455834	DS60
WSWLV0015096	1409	16269	16709	6227	11.8587650816182	DS60
WSWLV0015097	911	12387	12199	3599	13.390779363337	DS60
WSWLV0015098	582	9654	8282	1944	14.2302405498282	DS60
WSWLV0015099	1283	16548	16241	5412	12.6586126266563	DS60
WSWLV0015101	1761	18509	17932	4982	10.182850653038	DS60
WSWLV0015103	2252	39579	35353	9441	15.6984902309059	DS60
WSWLV0015104	1736	24142	23318	7685	13.4320276497696	DS60
WSWLV0015107	652	8723	7970	2273	12.2239263803681	DS60
WSWLV0015109	1668	24129	23330	6907	13.9868105515588	DS60
WSWLV0015113	951	13937	13123	4175	13.7991587802313	DS60
WSWLV0015115	751	11614	10717	3150	14.2703062583222	DS60
WSWLV0015116	481	6741	5530	1648	11.4968814968815	DS60
WSWLV0015117	1359	14060	15022	5585	11.0537159676233	DS60
WSWLV0015119	2412	29436	31343	10798	12.9946102819237	DS60
WSWLV0015121	967	11660	12710	4104	13.1437435367115	DS60
WSWLV0015122	2517	39132	37279	10324	14.8108859753675	DS60
WSWLV0015123	1202	15699	15278	5035	12.7104825291181	DS60
WSWLV0015124	1538	19002	18936	6715	12.3120936280884	DS60
WSWLV0015125	2629	31623	35797	12228	13.6162038798022	DS60
WSWLV0015126	3788	51357	52642	18013	13.8970432946146	DS60
WSWLV0015128	1458	23845	20280	5884	13.9094650205761	DS60
WSWLV0015129	1242	17497	16300	4969	13.1239935587762	DS60
WSWLV0015130	850	18461	15980	2967	18.8	DS60
WSWLV0015132	1498	26654	22680	5578	15.1401869158879	DS60
WSWLV0015134	1951	29537	28135	7407	14.4208098411071	DS60
WSWLV0015135	1549	20243	20249	6615	13.0723047127179	DS60
WSWLV0015136	716	11248	9259	2461	12.9315642458101	DS60
WSWLV0015138	821	17752	13458	2777	16.3922046285018	DS60
WSWLV0015139	1458	25149	22776	5902	15.6213991769547	DS60
WSWLV0015140	1945	31167	28852	8367	14.8339331619537	DS60
WSWLV0015141	1268	23595	21109	5204	16.647476340694	DS60
WSWLV0015142	723	10551	8992	2557	12.4370677731674	DS60
WSWLV0015144	952	11781	12098	4073	12.7079831932773	DS60
WSWLV0015145	1908	38481	31658	7880	16.5922431865828	DS60
WSWLV0015146	3567	60841	59721	16819	16.7426408746846	DS60
WSWLV0015147	1565	21610	20707	6600	13.2313099041534	DS60
WSWLV0015148	638	8513	7221	2042	11.3181818181818	DS60
WSWLV0015149	872	10824	10128	3318	11.6146788990826	DS60
WSWLV0015151	1730	20740	20602	7302	11.9086705202312	DS60
WSWLV0015152	1306	18761	17266	5572	13.2205206738132	DS60
WSWLV0015153	1051	11147	11911	4410	11.3330161750714	DS60
WSWLV0015154	979	13312	12625	4330	12.8958120531154	DS60
WSWLV0015155	1189	13751	14402	5164	12.1126997476871	DS60
WSWLV0015156	2579	47932	41928	10956	16.257464133385	DS60
WSWLV0015159	1607	27565	26174	7185	16.2874922215308	DS60
WSWLV0015161	1177	15534	15197	4863	12.9116397621071	DS60
WSWLV0015162	2717	36627	37599	11902	13.8384247331616	DS60
WSWLV0015163	1150	14577	14434	4887	12.5513043478261	DS60
WSWLV0015164	2240	33666	31270	9547	13.9598214285714	DS60
WSWLV0015165	1759	32096	27457	6996	15.609437180216	DS60
WSWLV0015166	2455	52631	44053	9466	17.9441955193483	DS60
WSWLV0015167	1610	38389	30373	5732	18.8652173913044	DS60
WSWLV0015169	523	7624	7466	2418	14.2753346080306	DS60
WSWLV0015171	1400	18040	16861	5095	12.0435714285714	DS60
WSWLV0015175	3149	52309	48877	13530	15.5214353763099	DS60
WSWLV0015177	1348	18666	17611	5906	13.0645400593472	DS60
WSWLV0015178	2198	33788	32327	10499	14.7074613284804	DS60
WSWLV0015179	1731	18710	20433	7629	11.8041594454073	DS60
WSWLV0015180	1740	24767	23773	7709	13.6626436781609	DS60
WSWLV0015181	422	6134	4986	1178	11.8151658767773	DS60
WSWLV0015184	2960	65049	55057	10873	18.6003378378378	DS60
WSWLV0015186	1892	38749	33046	7264	17.4661733615222	DS60
WSWLV0015187	1027	13667	12665	3963	12.332035053554	DS60
WSWLV0015190	779	13347	10572	2259	13.5712451861361	DS60
WSWLV0015191	1545	17954	18205	6473	11.7831715210356	DS60
WSWLV0015192	2392	40889	37445	8769	15.6542642140468	DS60
WSWLV0015197	2196	35990	34093	9355	15.5250455373406	DS60
WSWLV0015200	1015	18264	15768	3649	15.5349753694581	DS60
WSWLV0015202	1909	25125	25438	8219	13.3253012048193	DS60
WSWLV0015204	1345	25625	21677	5042	16.1167286245353	DS60
WSWLV0015205	2801	42223	40806	11034	14.5683684398429	DS60
WSWLV0015206	3859	41149	45187	17085	11.7095102358124	DS60
WSWLV0015207	1912	31513	29488	7316	15.4225941422594	DS60
WSWLV0015209	4003	76863	74421	16641	18.5913065201099	DS60
WSWLV0015210	1192	21232	19183	4706	16.0931208053691	DS60
WSWLV0015212	1516	20400	19535	6216	12.8858839050132	DS60
WSWLV0015213	1870	22391	23061	8105	12.3320855614973	DS60
WSWLV0015214	590	6780	6337	2139	10.7406779661017	DS60
WSWLV0015216	875	20268	15609	3030	17.8388571428571	DS60
WSWLV0015217	2140	25992	27644	9663	12.9177570093458	DS60
WSWLV0015219	1218	20546	18644	4546	15.3070607553366	DS60
WSWLV0015221	1695	26537	23985	6897	14.1504424778761	DS60
WSWLV0015223	994	17224	14757	3795	14.8460764587525	DS60
WSWLV0015224	1383	18841	18990	5539	13.7310195227766	DS60
WSWLV0015225	603	10522	8002	1989	13.2703150912106	DS60
WSWLV0015227	724	9875	8998	2655	12.4281767955801	DS60
WSWLV0015229	2051	31761	29843	8863	14.5504631886884	DS60
WSWLV0015231	1526	20648	20561	6332	13.4737876802097	DS60
WSWLV0015232	1887	28223	26612	8429	14.102808691044	DS60
WSWLV0015234	2095	28711	28607	9066	13.654892601432	DS60
WSWLV0015237	475	6958	6118	1619	12.88	DS60
WSWLV0015238	1490	24411	21599	6481	14.4959731543624	DS60
WSWLV0015240	917	17735	15031	3471	16.391494002181	DS60
WSWLV0015241	1886	25716	24319	7523	12.8944856839873	DS60
WSWLV0015243	1896	23293	23910	7597	12.6107594936709	DS60
WSWLV0015245	1257	21635	18792	4607	14.9498806682578	DS60
WSWLV0015246	870	13296	11685	3387	13.4310344827586	DS60
WSWLV0015248	2670	35152	35282	11894	13.2142322097378	DS60
WSWLV0015249	1529	27528	23637	5919	15.4591236102027	DS60
WSWLV0015250	2910	43695	42905	12839	14.7439862542955	DS60
WSWLV0015251	3379	55818	53826	14654	15.9295649600474	DS60
WSWLV0015253	1267	20478	18997	5354	14.9936858721389	DS60
WSWLV0015258	594	7707	7441	2341	12.526936026936	DS60
WSWLV0015260	1024	16040	13679	4080	13.3583984375	DS60
WSWLV0015261	1155	16090	15320	4770	13.2640692640693	DS60
WSWLV0015262	2408	38760	37385	10544	15.5253322259136	DS60
WSWLV0015264	597	13111	10245	1895	17.1608040201005	DS60
WSWLV0015267	537	7125	6578	1856	12.2495344506518	DS60
WSWLV0015269	591	8109	6875	2194	11.6328257191201	DS60
WSWLV0015270	2961	65454	53820	11113	18.1762917933131	DS60
WSWLV0015273	483	7165	6149	1809	12.7308488612836	DS60
WSWLV0015274	1270	19340	17214	5054	13.5543307086614	DS60
WSWLV0015275	589	8437	7747	2259	13.1528013582343	DS60
WSWLV0015276	1429	21549	19705	5705	13.7893631910427	DS60
WSWLV0015277	1877	27430	25365	7738	13.5135855087906	DS60
WSWLV0015280	1200	26563	21686	4403	18.0716666666667	DS60
WSWLV0015281	1297	20729	18569	5442	14.3168851195066	DS60
WSWLV0015282	2540	35367	36031	10679	14.1854330708661	DS60
WSWLV0015283	2225	35953	33401	9629	15.0116853932584	DS60
WSWLV0015284	1366	24161	19815	4928	14.5058565153734	DS60
WSWLV0015290	1497	25941	22834	6159	15.2531730126921	DS60
WSWLV0015291	1756	33566	30954	6459	17.627562642369	DS60
WSWLV0015293	587	10168	7703	1964	13.1226575809199	DS60
WSWLV0015294	1419	22398	20373	6013	14.3572938689218	DS60
WSWLV0015296	596	11800	9360	1964	15.7046979865772	DS60
WSWLV0015298	1051	12545	12254	4187	11.6593720266413	DS60
WSWLV0015300	2239	51490	41414	8131	18.4966502903082	DS60
WSWLV0015301	692	8789	8184	2622	11.8265895953757	DS60
WSWLV0015302	2702	46949	42866	10908	15.8645447816432	DS60
WSWLV0015303	468	6800	5877	1570	12.5576923076923	DS60
WSWLV0015304	1679	26192	24013	6691	14.3019654556284	DS60
WSWLV0015307	1933	41567	35693	6953	18.465080186239	DS60
WSWLV0015308	1062	15788	13653	4267	12.8559322033898	DS60
WSWLV0015310	2216	35965	33473	8492	15.1051444043321	DS60
WSWLV0015313	2729	33308	34731	11135	12.7266397947966	DS60
WSWLV0015315	2808	41214	40597	12568	14.4576210826211	DS60
WSWLV0015316	3087	46618	44600	13118	14.4476838354389	DS60
WSWLV0015317	1404	19786	20071	6566	14.295584045584	DS60
WSWLV0015319	1159	12979	12939	4005	11.1639344262295	DS60
WSWLV0015321	2508	44752	41080	10121	16.3795853269538	DS60
WSWLV0015322	1983	28973	28519	8804	14.381744831064	DS60
WSWLV0015323	1607	25203	22354	6154	13.9103920348475	DS60
WSWLV0015324	657	10899	9093	2535	13.8401826484018	DS60
WSWLV0015328	2287	42380	37618	8746	16.4486226497595	DS60
WSWLV0015329	2781	38205	38051	11932	13.6824883135563	DS60
WSWLV0015330	765	14834	12189	2747	15.9333333333333	DS60
WSWLV0015331	1112	14761	14116	4409	12.6942446043165	DS60
WSWLV0015333	2233	32851	30052	9744	13.4581280788177	DS60
WSWLV0015335	2614	30047	32686	11426	12.504208110176	DS60
WSWLV0015337	2772	37829	38096	12182	13.7431457431457	DS60
WSWLV0015341	1425	21198	19473	5800	13.6652631578947	DS60
WSWLV0015343	751	13831	11535	2865	15.3595206391478	DS60
WSWLV0015344	1003	19938	15114	3324	15.0687936191426	DS60
WSWLV0015346	1508	21818	20533	6489	13.6160477453581	DS60
WSWLV0015347	2979	55240	47478	12959	15.9375629405841	DS60
WSWLV0015349	2696	50469	43835	12133	16.2592729970326	DS60
WSWLV0015350	804	14385	11841	2882	14.7276119402985	DS60
WSWLV0015351	1422	20662	19312	5783	13.5808720112518	DS60
WSWLV0015352	1180	20245	16344	4517	13.8508474576271	DS60
WSWLV0015354	762	15393	12424	2593	16.3044619422572	DS60
WSWLV0015361	574	8953	7557	1763	13.1655052264808	DS60
WSWLV0015362	2470	30785	31265	10714	12.6578947368421	DS60
WSWLV0015364	1260	17525	16663	4918	13.2246031746032	DS60
WSWLV0015365	3734	54881	55097	16668	14.7554900910552	DS60
WSWLV0015367	3606	49525	50208	15787	13.9234608985025	DS60
WSWLV0015368	386	5959	4402	1164	11.4041450777202	DS60
WSWLV0015369	2324	41201	35848	9088	15.4251290877797	DS60
WSWLV0015371	2735	51638	44666	10354	16.3312614259598	DS60
WSWLV0015372	1237	13842	14450	5236	11.6814874696847	DS60
WSWLV0015373	1142	16379	15610	5023	13.6690017513135	DS60
WSWLV0015375	3094	62151	54098	13199	17.4848093083387	DS60
WSWLV0015377	1557	20054	20380	6718	13.0892742453436	DS60
WSWLV0015378	2460	39237	36962	10738	15.0252032520325	DS60
WSWLV0015379	3337	64304	56670	14525	16.9823194486065	DS60
WSWLV0015380	1033	15246	13928	4116	13.4830590513069	DS60
WSWLV0015382	2710	64665	53986	9917	19.9210332103321	DS60
WSWLV0015383	2085	35945	33323	8693	15.9822541966427	DS60
WSWLV0015384	1607	27571	23322	5614	14.5127566894835	DS60
WSWLV0016002	1067	14983	14564	4802	13.6494845360825	DS60
WSWLV0016005	569	7667	7362	2575	12.9384885764499	DS60
WSWLV0016006	2083	36427	34822	9616	16.7172347575612	DS60
WSWLV0016007	2494	34403	39414	13578	15.803528468324	DS60
WSWLV0016008	995	14314	13865	4754	13.9346733668342	DS60
WSWLV0016009	2354	38420	39045	10245	16.5866610025489	DS60
WSWLV0016011	1745	22201	23597	7883	13.5226361031519	DS60
WSWLV0016012	2664	31169	37681	15279	14.1445195195195	DS60
WSWLV0016013	3131	43357	48442	17298	15.4717342702012	DS60
WSWLV0016014	1468	18587	22327	9015	15.2091280653951	DS60
WSWLV0016015	982	14741	13725	4676	13.9765784114053	DS60
WSWLV0016016	1778	26172	28117	9377	15.8138357705287	DS60
WSWLV0016019	1346	17216	18442	6559	13.7013372956909	DS60
WSWLV0016020	2511	32970	36661	12402	14.600159299084	DS60
WSWLV0016023	2996	43549	49462	16912	16.5093457943925	DS60
WSWLV0016025	574	7198	5873	2013	10.2317073170732	DS60
WSWLV0016026	1995	33712	34107	10406	17.0962406015038	DS60
WSWLV0016029	1885	23580	26582	9765	14.1018567639257	DS60
WSWLV0016030	1794	24697	24780	7887	13.8127090301003	DS60
WSWLV0016031	545	7064	7172	2634	13.1596330275229	DS60
WSWLV0016032	1566	24644	23681	6951	15.1219667943806	DS60
WSWLV0016034	586	7291	5803	1823	9.90273037542662	DS60
WSWLV0016035	2147	27470	31052	11648	14.4629715882627	DS60
WSWLV0016037	884	14739	12703	3895	14.3699095022624	DS60
WSWLV0016038	1277	16620	18462	7136	14.4573218480814	DS60
WSWLV0016040	513	6327	6190	2173	12.0662768031189	DS60
WSWLV0016041	1877	23771	27356	10147	14.5743207245605	DS60
WSWLV0016042	3467	40934	51243	18522	14.7802134410153	DS60
WSWLV0016043	2694	34074	42116	16202	15.6332590942836	DS60
WSWLV0016044	701	9148	9680	3584	13.8088445078459	DS60
WSWLV0016045	2023	25456	28003	10744	13.8423133959466	DS60
WSWLV0016046	845	9688	11519	4890	13.6319526627219	DS60
WSWLV0016047	2323	32666	35611	11787	15.3297460180801	DS60
WSWLV0016048	940	13313	13452	5243	14.3106382978723	DS60
WSWLV0016050	3218	42849	49849	18246	15.4906774394034	DS60
WSWLV0016051	532	6961	6545	2539	12.3026315789474	DS60
WSWLV0016052	1788	21690	25686	9372	14.3657718120805	DS60
WSWLV0016053	1176	20181	18011	5204	15.3154761904762	DS60
WSWLV0016055	1821	26936	29753	10104	16.3388248215266	DS60
WSWLV0016057	1688	20481	24028	9137	14.2345971563981	DS60
WSWLV0016060	1788	26971	27277	8586	15.2555928411633	DS60
WSWLV0016061	2005	27646	29792	10501	14.8588528678304	DS60
WSWLV0016064	2359	35306	35267	11012	14.9499788045782	DS60
WSWLV0016065	796	9501	9992	4112	12.5527638190955	DS60
WSWLV0016066	739	9323	9126	3360	12.3491204330176	DS60
WSWLV0016069	2077	31853	34442	9395	16.5825710158883	DS60
WSWLV0016070	1628	29332	27933	7454	17.1578624078624	DS60
WSWLV0016071	3380	51850	54506	18611	16.1260355029586	DS60
WSWLV0016072	700	10699	9619	2335	13.7414285714286	DS60
WSWLV0016073	1257	19727	18679	5836	14.859984089101	DS60
WSWLV0016075	1924	23698	28425	11451	14.7739085239085	DS60
WSWLV0016076	963	12848	12859	4938	13.3530633437175	DS60
WSWLV0016078	828	9926	9732	3190	11.7536231884058	DS60
WSWLV0016079	5982	97462	105464	32305	17.6302240053494	DS60
WSWLV0016080	888	11548	11402	3885	12.8400900900901	DS60
WSWLV0016081	937	12663	12627	4195	13.4759871931697	DS60
WSWLV0016083	1255	15835	16968	6422	13.5203187250996	DS60
WSWLV0016086	892	13676	13474	4235	15.1053811659193	DS60
WSWLV0016087	862	12861	12150	3617	14.0951276102088	DS60
WSWLV0016088	2728	33724	39753	15733	14.5722140762463	DS60
WSWLV0016089	2065	25933	29964	11216	14.510411622276	DS60
WSWLV0016091	2395	35651	37886	12423	15.8187891440501	DS60
WSWLV0016092	1516	17617	20691	8374	13.6484168865435	DS60
WSWLV0016093	781	11383	10326	3195	13.2215108834827	DS60
WSWLV0016098	1106	14586	14760	5219	13.3453887884268	DS60
WSWLV0016103	2619	45469	45898	12485	17.5250095456281	DS60
WSWLV0016105	1022	13192	13985	5130	13.6839530332681	DS60
WSWLV0016106	569	7477	7407	2830	13.0175746924429	DS60
WSWLV0016107	1586	20738	23881	7649	15.0573770491803	DS60
WSWLV0016108	1766	23267	27444	10076	15.5402038505096	DS60
WSWLV0016109	915	13972	12920	3682	14.120218579235	DS60
WSWLV0016113	1113	14537	16254	6663	14.6037735849057	DS60
WSWLV0016115	572	8117	7192	2305	12.5734265734266	DS60
WSWLV0016118	836	10830	11571	4330	13.8409090909091	DS60
WSWLV0016119	4268	69021	74454	21614	17.4447047797563	DS60
WSWLV0016120	691	9270	9129	3034	13.2112879884226	DS60
WSWLV0016121	902	10214	12054	4557	13.3636363636364	DS60
WSWLV0016122	952	11296	13030	4960	13.686974789916	DS60
WSWLV0016125	583	7161	7610	2815	13.0531732418525	DS60
WSWLV0016127	952	11467	12513	4856	13.1439075630252	DS60
WSWLV0016128	769	11753	11915	3961	15.4941482444733	DS60
WSWLV0016130	1937	25046	29433	10716	15.1951471347445	DS60
WSWLV0016132	996	11623	14090	5735	14.1465863453815	DS60
WSWLV0016133	648	7995	6868	2174	10.5987654320988	DS60
WSWLV0016135	2378	37876	37898	11012	15.9369217830109	DS60
WSWLV0016136	1274	19072	18508	5840	14.5274725274725	DS60
WSWLV0016142	945	11746	14077	5496	14.8962962962963	DS60
WSWLV0016145	829	10828	10971	3874	13.2340168878166	DS60
WSWLV0016146	2369	31313	35025	12511	14.78471929084	DS60
WSWLV0016147	2286	35238	37158	11565	16.254593175853	DS60
WSWLV0016148	851	11110	10789	3410	12.6780258519389	DS60
WSWLV0016149	1492	19300	22227	7654	14.8974530831099	DS60
WSWLV0016150	1775	20173	24655	9559	13.8901408450704	DS60
WSWLV0016152	847	13981	13408	3881	15.8299881936246	DS60
WSWLV0016153	1483	19101	19077	7443	12.863789615644	DS60
WSWLV0016154	764	10264	9330	3403	12.2120418848168	DS60
WSWLV0016155	1478	18585	22089	8203	14.9451962110961	DS60
WSWLV0016158	826	9861	9947	3636	12.0423728813559	DS60
WSWLV0016159	995	15374	15145	4408	15.2211055276382	DS60
WSWLV0016164	2384	32930	35912	11641	15.0637583892617	DS60
WSWLV0016169	1120	13921	15903	6445	14.1991071428571	DS60
WSWLV0016170	975	12482	13264	4378	13.6041025641026	DS60
WSWLV0016172	3240	52480	54831	17808	16.9231481481481	DS60
WSWLV0016177	1419	20647	20504	6546	14.4496124031008	DS60
WSWLV0016178	963	13120	13564	5240	14.0851505711319	DS60
WSWLV0016179	1259	14822	16811	6453	13.352660841938	DS60
WSWLV0016181	1019	17572	15720	4162	15.4268891069676	DS60
WSWLV0016182	393	4889	3895	1256	9.91094147582697	DS60
WSWLV0016183	1102	15476	16377	5163	14.8611615245009	DS60
WSWLV0016186	3008	42809	48453	16637	16.108045212766	DS60
WSWLV0016187	1015	18705	16117	3875	15.8788177339902	DS60
WSWLV0016188	956	15223	13529	3512	14.1516736401674	DS60
WSWLV0016189	617	7158	7730	2999	12.5283630470016	DS60
WSWLV0016190	1404	17392	17851	5723	12.7143874643875	DS60
WSWLV0016191	946	9952	11549	4648	12.208245243129	DS60
WSWLV0016192	4840	92860	88661	20643	18.3183884297521	DS60
WSWLV0016193	1142	13582	14913	5393	13.0586690017513	DS60
WSWLV0016196	1011	16565	15834	5053	15.6617210682493	DS60
WSWLV0016197	650	9571	9240	3069	14.2153846153846	DS60
WSWLV0016199	2514	40864	42039	13114	16.7219570405728	DS60
WSWLV0016203	978	13547	13445	4492	13.7474437627812	DS60
WSWLV0016204	1170	13308	15327	6106	13.1	DS60
WSWLV0016205	1049	11796	13557	5694	12.9237368922784	DS60
WSWLV0016206	772	10155	10140	3424	13.1347150259067	DS60
WSWLV0016207	563	8495	8059	2373	14.3143872113677	DS60
WSWLV0016209	1116	15491	15640	5079	14.0143369175627	DS60
WSWLV0016210	2340	32990	36310	11963	15.517094017094	DS60
WSWLV0016211	2015	29492	30966	9872	15.3677419354839	DS60
WSWLV0016212	2563	33427	41043	15249	16.013655872025	DS60
WSWLV0016213	1087	15308	15935	5536	14.6596136154554	DS60
WSWLV0016215	841	15936	13606	3570	16.1783590963139	DS60
WSWLV0016216	1332	26121	23185	5373	17.4061561561562	DS60
WSWLV0016217	610	6934	6398	2311	10.4885245901639	DS60
WSWLV0016218	327	4532	3096	977	9.46788990825688	DS60
WSWLV0016219	927	11643	13216	5051	14.2567421790723	DS60
WSWLV0016220	473	5966	4832	1462	10.215644820296	DS60
WSWLV0016222	1602	24118	24768	7625	15.4606741573034	DS60
WSWLV0016224	1419	18850	18157	7392	12.7956307258633	DS60
WSWLV0016225	2448	28368	34985	14107	14.2912581699346	DS60
WSWLV0016226	1778	22639	24729	8233	13.9083239595051	DS60
WSWLV0016229	1693	21622	23361	8502	13.7985823981099	DS60
WSWLV0016230	1816	20416	25372	9876	13.9713656387665	DS60
WSWLV0016231	657	9302	8812	2659	13.4124809741248	DS60
WSWLV0016232	2501	34028	40020	14663	16.0015993602559	DS60
WSWLV0016233	667	9045	8560	2999	12.8335832083958	DS60
WSWLV0016234	1369	21822	22014	6185	16.0803506208912	DS60
WSWLV0016235	1846	24465	28134	11216	15.2405200433369	DS60
WSWLV0016236	3191	51702	54803	15504	17.174240050141	DS60
WSWLV0016237	1498	17664	21771	8331	14.5333778371162	DS60
WSWLV0016238	1125	14771	15293	5479	13.5937777777778	DS60
WSWLV0016239	1683	20686	23885	8263	14.1919191919192	DS60
WSWLV0016240	2317	31464	35032	11168	15.1195511437203	DS60
WSWLV0016241	2595	34174	40039	13839	15.4292870905588	DS60
WSWLV0016243	580	8339	6947	2112	11.9775862068966	DS60
WSWLV0016245	854	11102	11011	3396	12.8934426229508	DS60
WSWLV0016246	2463	34866	37403	12321	15.185952090946	DS60
WSWLV0016248	2056	26836	29661	10637	14.4265564202335	DS60
WSWLV0016250	1677	20347	24698	9277	14.7274895646989	DS60
WSWLV0016255	1759	25454	26984	8839	15.3405343945424	DS60
WSWLV0016256	830	12160	11319	3862	13.6373493975904	DS60
WSWLV0016257	2871	50189	48752	15049	16.9808429118774	DS60
WSWLV0016259	1854	32622	31846	9171	17.1769147788565	DS60
WSWLV0016260	632	8033	8155	2963	12.9034810126582	DS60
WSWLV0016261	1666	23811	25954	8557	15.578631452581	DS60
WSWLV0016262	1180	21039	19568	4963	16.5830508474576	DS60
WSWLV0016265	762	9749	9172	3171	12.0367454068241	DS60
WSWLV0016268	3476	49450	55603	19792	15.9962600690449	DS60
WSWLV0016269	3251	41828	51658	19956	15.8898800369117	DS60
WSWLV0016272	510	6581	5564	1517	10.9098039215686	DS60
WSWLV0016273	1077	13814	14406	5217	13.3760445682451	DS60
WSWLV0016274	1076	15540	15166	4725	14.0947955390335	DS60
WSWLV0016275	1195	16167	16772	6361	14.0351464435146	DS60
WSWLV0016278	1095	14745	15682	5658	14.3214611872146	DS60
WSWLV0016279	2245	28973	33017	11721	14.7069042316258	DS60
WSWLV0016281	3054	49212	49246	16273	16.1250818598559	DS60
WSWLV0016282	849	10017	10399	3517	12.2485276796231	DS60
WSWLV0016283	2718	33173	40006	15555	14.7189109639441	DS60
WSWLV0016284	1945	28400	30544	11083	15.7038560411311	DS60
WSWLV0016286	695	9520	9380	2702	13.4964028776978	DS60
WSWLV0016287	2367	36985	36198	12473	15.2927756653992	DS60
WSWLV0016290	1072	13799	15622	5791	14.5727611940299	DS60
WSWLV0016292	2075	28516	30954	10728	14.9175903614458	DS60
WSWLV0016294	1276	18642	20403	6870	15.9898119122257	DS60
WSWLV0016295	1699	24203	23662	6667	13.927015891701	DS60
WSWLV0016298	1772	20692	22351	8523	12.6134311512415	DS60
WSWLV0016300	715	10761	10366	3601	14.4979020979021	DS60
WSWLV0016301	2830	42618	44692	15462	15.7922261484099	DS60
WSWLV0016302	1312	16740	18619	6593	14.1913109756098	DS60
WSWLV0016307	483	6429	5752	1857	11.9089026915114	DS60
WSWLV0016308	2502	32547	37579	13981	15.019584332534	DS60
WSWLV0016310	609	8615	8166	2808	13.4088669950739	DS60
WSWLV0016311	1473	22005	21516	6310	14.6069246435845	DS60
WSWLV0016313	904	12327	12452	4703	13.7743362831858	DS60
WSWLV0016317	1551	25003	25305	8213	16.3152804642166	DS60
WSWLV0016320	1643	25635	25926	7762	15.7796713329276	DS60
WSWLV0016321	843	14072	10074	3252	11.9501779359431	DS60
WSWLV0016322	1290	16561	16623	6239	12.8860465116279	DS60
WSWLV0016324	1045	15163	14894	4137	14.2526315789474	DS60
WSWLV0016325	1160	15619	17627	6770	15.1956896551724	DS60
WSWLV0016326	1565	22860	23515	8501	15.0255591054313	DS60
WSWLV0016327	4373	44246	52587	20712	12.0253830322433	DS60
WSWLV0016328	1930	24137	28988	10938	15.019689119171	DS60
WSWLV0016329	373	5483	3826	1099	10.2573726541555	DS60
WSWLV0016330	497	6418	5541	1770	11.148893360161	DS60
WSWLV0016331	1227	16413	17387	5932	14.1703341483293	DS60
WSWLV0016334	1350	19176	19805	6859	14.6703703703704	DS60
WSWLV0016336	1867	20491	22530	8465	12.0674879485806	DS60
WSWLV0016338	2233	31522	35151	12216	15.7416032243618	DS60
WSWLV0016339	1485	16809	18999	7242	12.7939393939394	DS60
WSWLV0016345	1462	18667	19635	6821	13.4302325581395	DS60
WSWLV0016346	2425	38444	38657	12960	15.9410309278351	DS60
WSWLV0016347	537	8101	6413	1934	11.9422718808194	DS60
WSWLV0016348	1268	18726	18322	7131	14.4495268138801	DS60
WSWLV0016350	2158	36291	36497	10029	16.9124189063948	DS60
WSWLV0016351	1307	18821	18429	6946	14.1002295332823	DS60
WSWLV0016352	2147	31845	32051	11573	14.9282720074523	DS60
WSWLV0016354	1407	19092	20342	6633	14.4577114427861	DS60
WSWLV0016356	1960	36852	34794	8593	17.7520408163265	DS60
WSWLV0016357	2203	26509	31595	12863	14.3418066273264	DS60
WSWLV0016359	784	13685	11854	3626	15.1198979591837	DS60
WSWLV0016360	2204	30620	32122	10966	14.5744101633394	DS60
WSWLV0016361	615	9707	7868	2307	12.7934959349594	DS60
WSWLV0016362	1077	13599	14513	5463	13.4753946146704	DS60
WSWLV0016363	504	9013	6609	1540	13.1130952380952	DS60
WSWLV0016364	662	7962	8525	3007	12.8776435045317	DS60
WSWLV0016365	1401	21693	21942	7644	15.661670235546	DS60
WSWLV0016367	1123	18172	16844	4214	14.9991095280499	DS60
WSWLV0016369	1502	20124	21355	7264	14.2177097203728	DS60
WSWLV0016371	4632	63675	71599	25177	15.457469775475	DS60
WSWLV0016374	2217	26005	32575	13120	14.6932792061344	DS60
WSWLV0016375	1646	28122	27332	8118	16.6051032806804	DS60
WSWLV0016376	1436	17543	19135	7094	13.325208913649	DS60
WSWLV0016378	1220	15742	17253	6567	14.1418032786885	DS60
WSWLV0016379	756	11376	9833	3084	13.0066137566138	DS60
WSWLV0016381	923	13812	13688	4855	14.8299024918743	DS60
WSWLV0016384	2640	48448	44782	10036	16.9628787878788	DS60
